Settlement Date,Settlement Period,Market Index Data Provider Id,Market Index Volume (MWh),Market Index Price
2019-01-01,1,APXMIDP ,273,48.81
2019-01-01,1,N2EXMIDP,0,0
2019-01-01,2,APXMIDP ,222,50.24
2019-01-01,2,N2EXMIDP,0,0
2019-01-01,3,APXMIDP ,95.9,41.9
2019-01-01,3,N2EXMIDP,0,0
2019-01-01,4,APXMIDP ,182.3,39.32
2019-01-01,4,N2EXMIDP,0,0
2019-01-01,5,APXMIDP ,204.95,34.09
2019-01-01,5,N2EXMIDP,0,0
2019-01-01,6,APXMIDP ,374.15,29.85
2019-01-01,6,N2EXMIDP,0,0
2019-01-01,7,APXMIDP ,539.4,27.55
2019-01-01,7,N2EXMIDP,0,0
2019-01-01,8,APXMIDP ,619.4,25.61
2019-01-01,8,N2EXMIDP,0,0
2019-01-01,9,APXMIDP ,467,28.74
2019-01-01,9,N2EXMIDP,0,0
2019-01-01,10,APXMIDP ,596.95,26.86
2019-01-01,10,N2EXMIDP,0,0
2019-01-01,11,APXMIDP ,706.8,22.67
2019-01-01,11,N2EXMIDP,0,0
2019-01-01,12,APXMIDP ,720.5,22.9
2019-01-01,12,N2EXMIDP,0,0
2019-01-01,13,APXMIDP ,808,22.91
2019-01-01,13,N2EXMIDP,0,0
2019-01-01,14,APXMIDP ,745,23.39
2019-01-01,14,N2EXMIDP,0,0
2019-01-01,15,APXMIDP ,656,40.69
2019-01-01,15,N2EXMIDP,0,0
2019-01-01,16,APXMIDP ,753.05,40.41
2019-01-01,16,N2EXMIDP,0,0
2019-01-01,17,APXMIDP ,707.05,40.06
2019-01-01,17,N2EXMIDP,0,0
2019-01-01,18,APXMIDP ,502.95,41.45
2019-01-01,18,N2EXMIDP,0,0
2019-01-01,19,APXMIDP ,661.75,40.95
2019-01-01,19,N2EXMIDP,0,0
2019-01-01,20,APXMIDP ,772.45,40.15
2019-01-01,20,N2EXMIDP,0,0
2019-01-01,21,APXMIDP ,798.2,42.53
2019-01-01,21,N2EXMIDP,0,0
2019-01-01,22,APXMIDP ,861.95,45.1
2019-01-01,22,N2EXMIDP,0,0
2019-01-01,23,APXMIDP ,1055.15,51.75
2019-01-01,23,N2EXMIDP,0,0
2019-01-01,24,APXMIDP ,983.4,51.08
2019-01-01,24,N2EXMIDP,0,0
2019-01-01,25,APXMIDP ,1092.65,50.67
2019-01-01,25,N2EXMIDP,0,0
2019-01-01,26,APXMIDP ,1143.15,50.38
2019-01-01,26,N2EXMIDP,0,0
2019-01-01,27,APXMIDP ,972.9,51.43
2019-01-01,27,N2EXMIDP,0,0
2019-01-01,28,APXMIDP ,1190.9,49.9
2019-01-01,28,N2EXMIDP,0,0
2019-01-01,29,APXMIDP ,1202.25,51.39
2019-01-01,29,N2EXMIDP,0,0
2019-01-01,30,APXMIDP ,1344.5,52.01
2019-01-01,30,N2EXMIDP,0,0
2019-01-01,31,APXMIDP ,611.55,51.87
2019-01-01,31,N2EXMIDP,0,0
2019-01-01,32,APXMIDP ,647.9,48.49
2019-01-01,32,N2EXMIDP,0,0
2019-01-01,33,APXMIDP ,730.6,54.99
2019-01-01,33,N2EXMIDP,0,0
2019-01-01,34,APXMIDP ,896.25,62.42
2019-01-01,34,N2EXMIDP,0,0
2019-01-01,35,APXMIDP ,555,65.19
2019-01-01,35,N2EXMIDP,0,0
2019-01-01,36,APXMIDP ,820.7,65.95
2019-01-01,36,N2EXMIDP,0,0
2019-01-01,37,APXMIDP ,888.5,65.15
2019-01-01,37,N2EXMIDP,0,0
2019-01-01,38,APXMIDP ,1117.5,64.22
2019-01-01,38,N2EXMIDP,0,0
2019-01-01,39,APXMIDP ,209.25,59
2019-01-01,39,N2EXMIDP,0,0
2019-01-01,40,APXMIDP ,482.15,57.74
2019-01-01,40,N2EXMIDP,0,0
2019-01-01,41,APXMIDP ,254.5,57.2
2019-01-01,41,N2EXMIDP,0,0
2019-01-01,42,APXMIDP ,429.5,54.44
2019-01-01,42,N2EXMIDP,0,0
2019-01-01,43,APXMIDP ,674.75,51.66
2019-01-01,43,N2EXMIDP,0,0
2019-01-01,44,APXMIDP ,750.75,50.61
2019-01-01,44,N2EXMIDP,0,0
2019-01-01,45,APXMIDP ,728.75,50.84
2019-01-01,45,N2EXMIDP,0,0
2019-01-01,46,APXMIDP ,922.3,49.46
2019-01-01,46,N2EXMIDP,0,0
2019-01-01,47,APXMIDP ,377.6,45.07
2019-01-01,47,N2EXMIDP,0,0
2019-01-01,48,APXMIDP ,325.75,45.05
2019-01-01,48,N2EXMIDP,0,0
2019-01-02,1,APXMIDP ,341,44.9
2019-01-02,1,N2EXMIDP,0,0
2019-01-02,2,APXMIDP ,440,44.73
2019-01-02,2,N2EXMIDP,0,0
2019-01-02,3,APXMIDP ,313,44.02
2019-01-02,3,N2EXMIDP,0,0
2019-01-02,4,APXMIDP ,469,43.99
2019-01-02,4,N2EXMIDP,0,0
2019-01-02,5,APXMIDP ,476.5,44.17
2019-01-02,5,N2EXMIDP,0,0
2019-01-02,6,APXMIDP ,541.2,45.01
2019-01-02,6,N2EXMIDP,0,0
2019-01-02,7,APXMIDP ,255,46.71
2019-01-02,7,N2EXMIDP,0,0
2019-01-02,8,APXMIDP ,184,45.11
2019-01-02,8,N2EXMIDP,0,0
2019-01-02,9,APXMIDP ,248.2,46.19
2019-01-02,9,N2EXMIDP,0,0
2019-01-02,10,APXMIDP ,251.3,45.92
2019-01-02,10,N2EXMIDP,0,0
2019-01-02,11,APXMIDP ,126,46.04
2019-01-02,11,N2EXMIDP,0,0
2019-01-02,12,APXMIDP ,181,49.4
2019-01-02,12,N2EXMIDP,0,0
2019-01-02,13,APXMIDP ,308.75,49.4
2019-01-02,13,N2EXMIDP,0,0
2019-01-02,14,APXMIDP ,493.5,49.01
2019-01-02,14,N2EXMIDP,0,0
2019-01-02,15,APXMIDP ,460.95,53.39
2019-01-02,15,N2EXMIDP,0,0
2019-01-02,16,APXMIDP ,331.5,55.55
2019-01-02,16,N2EXMIDP,0,0
2019-01-02,17,APXMIDP ,609.5,57.27
2019-01-02,17,N2EXMIDP,0,0
2019-01-02,18,APXMIDP ,609.5,54.93
2019-01-02,18,N2EXMIDP,0,0
2019-01-02,19,APXMIDP ,575.15,58.87
2019-01-02,19,N2EXMIDP,0,0
2019-01-02,20,APXMIDP ,493.5,57.42
2019-01-02,20,N2EXMIDP,0,0
2019-01-02,21,APXMIDP ,535.5,57.52
2019-01-02,21,N2EXMIDP,0,0
2019-01-02,22,APXMIDP ,603.25,58.09
2019-01-02,22,N2EXMIDP,0,0
2019-01-02,23,APXMIDP ,525,65.43
2019-01-02,23,N2EXMIDP,0,0
2019-01-02,24,APXMIDP ,536,66.07
2019-01-02,24,N2EXMIDP,0,0
2019-01-02,25,APXMIDP ,664,68.28
2019-01-02,25,N2EXMIDP,0,0
2019-01-02,26,APXMIDP ,599,67.03
2019-01-02,26,N2EXMIDP,0,0
2019-01-02,27,APXMIDP ,640.5,65.88
2019-01-02,27,N2EXMIDP,0,0
2019-01-02,28,APXMIDP ,737.6,66.68
2019-01-02,28,N2EXMIDP,0,0
2019-01-02,29,APXMIDP ,797.1,67.12
2019-01-02,29,N2EXMIDP,0,0
2019-01-02,30,APXMIDP ,998.3,70.3
2019-01-02,30,N2EXMIDP,0,0
2019-01-02,31,APXMIDP ,1069.1,88.15
2019-01-02,31,N2EXMIDP,0,0
2019-01-02,32,APXMIDP ,1478.9,91.47
2019-01-02,32,N2EXMIDP,0,0
2019-01-02,33,APXMIDP ,1257.95,94.41
2019-01-02,33,N2EXMIDP,0,0
2019-01-02,34,APXMIDP ,1252.9,103.38
2019-01-02,34,N2EXMIDP,0,0
2019-01-02,35,APXMIDP ,1561.15,107.02
2019-01-02,35,N2EXMIDP,0,0
2019-01-02,36,APXMIDP ,1731.15,112.17
2019-01-02,36,N2EXMIDP,0,0
2019-01-02,37,APXMIDP ,1883.65,113.78
2019-01-02,37,N2EXMIDP,0,0
2019-01-02,38,APXMIDP ,1716.7,108.24
2019-01-02,38,N2EXMIDP,0,0
2019-01-02,39,APXMIDP ,959.8,96.63
2019-01-02,39,N2EXMIDP,0,0
2019-01-02,40,APXMIDP ,1211.7,83.78
2019-01-02,40,N2EXMIDP,0,0
2019-01-02,41,APXMIDP ,734.8,75.96
2019-01-02,41,N2EXMIDP,0,0
2019-01-02,42,APXMIDP ,583.3,75.12
2019-01-02,42,N2EXMIDP,0,0
2019-01-02,43,APXMIDP ,551.3,62.12
2019-01-02,43,N2EXMIDP,0,0
2019-01-02,44,APXMIDP ,706.95,61.44
2019-01-02,44,N2EXMIDP,0,0
2019-01-02,45,APXMIDP ,898.8,58.03
2019-01-02,45,N2EXMIDP,0,0
2019-01-02,46,APXMIDP ,1268.35,57.06
2019-01-02,46,N2EXMIDP,0,0
2019-01-02,47,APXMIDP ,29.5,55.25
2019-01-02,47,N2EXMIDP,0,0
2019-01-02,48,APXMIDP ,0,0
2019-01-02,48,N2EXMIDP,0,0
2019-01-03,1,APXMIDP ,66.5,60.18
2019-01-03,1,N2EXMIDP,0,0
2019-01-03,2,APXMIDP ,66.5,60.18
2019-01-03,2,N2EXMIDP,0,0
2019-01-03,3,APXMIDP ,0,0
2019-01-03,3,N2EXMIDP,0,0
2019-01-03,4,APXMIDP ,38,59.47
2019-01-03,4,N2EXMIDP,0,0
2019-01-03,5,APXMIDP ,126.5,59.52
2019-01-03,5,N2EXMIDP,0,0
2019-01-03,6,APXMIDP ,122.7,57.77
2019-01-03,6,N2EXMIDP,0,0
2019-01-03,7,APXMIDP ,219.05,56.41
2019-01-03,7,N2EXMIDP,0,0
2019-01-03,8,APXMIDP ,193.05,53.79
2019-01-03,8,N2EXMIDP,0,0
2019-01-03,9,APXMIDP ,196.8,53.8
2019-01-03,9,N2EXMIDP,0,0
2019-01-03,10,APXMIDP ,206.15,53.56
2019-01-03,10,N2EXMIDP,0,0
2019-01-03,11,APXMIDP ,197.5,52.22
2019-01-03,11,N2EXMIDP,0,0
2019-01-03,12,APXMIDP ,163.1,51.42
2019-01-03,12,N2EXMIDP,0,0
2019-01-03,13,APXMIDP ,650.7,61.04
2019-01-03,13,N2EXMIDP,0,0
2019-01-03,14,APXMIDP ,769.45,58.98
2019-01-03,14,N2EXMIDP,0,0
2019-01-03,15,APXMIDP ,481.15,64.17
2019-01-03,15,N2EXMIDP,0,0
2019-01-03,16,APXMIDP ,435.7,67.2
2019-01-03,16,N2EXMIDP,0,0
2019-01-03,17,APXMIDP ,419.3,62.77
2019-01-03,17,N2EXMIDP,0,0
2019-01-03,18,APXMIDP ,387.2,61.59
2019-01-03,18,N2EXMIDP,0,0
2019-01-03,19,APXMIDP ,324.95,63.18
2019-01-03,19,N2EXMIDP,0,0
2019-01-03,20,APXMIDP ,403.45,61.49
2019-01-03,20,N2EXMIDP,0,0
2019-01-03,21,APXMIDP ,438.4,62.47
2019-01-03,21,N2EXMIDP,0,0
2019-01-03,22,APXMIDP ,513.3,64.73
2019-01-03,22,N2EXMIDP,0,0
2019-01-03,23,APXMIDP ,587.15,74.85
2019-01-03,23,N2EXMIDP,0,0
2019-01-03,24,APXMIDP ,543.7,73.81
2019-01-03,24,N2EXMIDP,0,0
2019-01-03,25,APXMIDP ,448.05,72.85
2019-01-03,25,N2EXMIDP,0,0
2019-01-03,26,APXMIDP ,530.05,74.73
2019-01-03,26,N2EXMIDP,0,0
2019-01-03,27,APXMIDP ,550.7,75.25
2019-01-03,27,N2EXMIDP,0,0
2019-01-03,28,APXMIDP ,672.3,78.28
2019-01-03,28,N2EXMIDP,0,0
2019-01-03,29,APXMIDP ,810.8,81.65
2019-01-03,29,N2EXMIDP,0,0
2019-01-03,30,APXMIDP ,901.75,78.19
2019-01-03,30,N2EXMIDP,0,0
2019-01-03,31,APXMIDP ,1090.05,89.91
2019-01-03,31,N2EXMIDP,0,0
2019-01-03,32,APXMIDP ,983.85,95.59
2019-01-03,32,N2EXMIDP,0,0
2019-01-03,33,APXMIDP ,829.5,100.53
2019-01-03,33,N2EXMIDP,0,0
2019-01-03,34,APXMIDP ,1109.7,108.05
2019-01-03,34,N2EXMIDP,0,0
2019-01-03,35,APXMIDP ,1416.95,104.51
2019-01-03,35,N2EXMIDP,0,0
2019-01-03,36,APXMIDP ,1706.05,100.12
2019-01-03,36,N2EXMIDP,0,0
2019-01-03,37,APXMIDP ,1597.2,97.16
2019-01-03,37,N2EXMIDP,0,0
2019-01-03,38,APXMIDP ,1666.45,96.37
2019-01-03,38,N2EXMIDP,0,0
2019-01-03,39,APXMIDP ,1009.15,72.25
2019-01-03,39,N2EXMIDP,0,0
2019-01-03,40,APXMIDP ,650.25,68.94
2019-01-03,40,N2EXMIDP,0,0
2019-01-03,41,APXMIDP ,805.1,69.28
2019-01-03,41,N2EXMIDP,0,0
2019-01-03,42,APXMIDP ,903.9,66.3
2019-01-03,42,N2EXMIDP,0,0
2019-01-03,43,APXMIDP ,635.3,63.42
2019-01-03,43,N2EXMIDP,0,0
2019-01-03,44,APXMIDP ,774.45,62.58
2019-01-03,44,N2EXMIDP,0,0
2019-01-03,45,APXMIDP ,887.7,61.71
2019-01-03,45,N2EXMIDP,0,0
2019-01-03,46,APXMIDP ,1299.85,60.31
2019-01-03,46,N2EXMIDP,0,0
2019-01-03,47,APXMIDP ,57.95,53.04
2019-01-03,47,N2EXMIDP,0,0
2019-01-03,48,APXMIDP ,115.85,52.69
2019-01-03,48,N2EXMIDP,0,0
2019-01-04,1,APXMIDP ,62.7,54.6
2019-01-04,1,N2EXMIDP,0,0
2019-01-04,2,APXMIDP ,78.85,56.04
2019-01-04,2,N2EXMIDP,0,0
2019-01-04,3,APXMIDP ,199.75,54.67
2019-01-04,3,N2EXMIDP,0,0
2019-01-04,4,APXMIDP ,290.95,54.71
2019-01-04,4,N2EXMIDP,0,0
2019-01-04,5,APXMIDP ,246.75,54.08
2019-01-04,5,N2EXMIDP,0,0
2019-01-04,6,APXMIDP ,391.2,52.4
2019-01-04,6,N2EXMIDP,0,0
2019-01-04,7,APXMIDP ,414.4,49.6
2019-01-04,7,N2EXMIDP,0,0
2019-01-04,8,APXMIDP ,344.4,49.71
2019-01-04,8,N2EXMIDP,0,0
2019-01-04,9,APXMIDP ,367.9,49.73
2019-01-04,9,N2EXMIDP,0,0
2019-01-04,10,APXMIDP ,360.4,49.58
2019-01-04,10,N2EXMIDP,0,0
2019-01-04,11,APXMIDP ,250.65,49.76
2019-01-04,11,N2EXMIDP,0,0
2019-01-04,12,APXMIDP ,87,50
2019-01-04,12,N2EXMIDP,0,0
2019-01-04,13,APXMIDP ,51,54.53
2019-01-04,13,N2EXMIDP,0,0
2019-01-04,14,APXMIDP ,107,51.8
2019-01-04,14,N2EXMIDP,0,0
2019-01-04,15,APXMIDP ,380.15,56.61
2019-01-04,15,N2EXMIDP,0,0
2019-01-04,16,APXMIDP ,271.45,57.46
2019-01-04,16,N2EXMIDP,0,0
2019-01-04,17,APXMIDP ,195,56.59
2019-01-04,17,N2EXMIDP,0,0
2019-01-04,18,APXMIDP ,266.05,55.3
2019-01-04,18,N2EXMIDP,0,0
2019-01-04,19,APXMIDP ,519.9,57.49
2019-01-04,19,N2EXMIDP,0,0
2019-01-04,20,APXMIDP ,610.75,57.84
2019-01-04,20,N2EXMIDP,0,0
2019-01-04,21,APXMIDP ,696.75,58.8
2019-01-04,21,N2EXMIDP,0,0
2019-01-04,22,APXMIDP ,691.25,58.79
2019-01-04,22,N2EXMIDP,0,0
2019-01-04,23,APXMIDP ,512.15,58.71
2019-01-04,23,N2EXMIDP,0,0
2019-01-04,24,APXMIDP ,733.75,60.24
2019-01-04,24,N2EXMIDP,0,0
2019-01-04,25,APXMIDP ,727,59.87
2019-01-04,25,N2EXMIDP,0,0
2019-01-04,26,APXMIDP ,866.65,59.7
2019-01-04,26,N2EXMIDP,0,0
2019-01-04,27,APXMIDP ,689.5,60.64
2019-01-04,27,N2EXMIDP,0,0
2019-01-04,28,APXMIDP ,888.5,63.1
2019-01-04,28,N2EXMIDP,0,0
2019-01-04,29,APXMIDP ,963.65,63.09
2019-01-04,29,N2EXMIDP,0,0
2019-01-04,30,APXMIDP ,969.5,62.78
2019-01-04,30,N2EXMIDP,0,0
2019-01-04,31,APXMIDP ,711.95,70.25
2019-01-04,31,N2EXMIDP,0,0
2019-01-04,32,APXMIDP ,818.7,70.38
2019-01-04,32,N2EXMIDP,0,0
2019-01-04,33,APXMIDP ,1095.5,70.01
2019-01-04,33,N2EXMIDP,0,0
2019-01-04,34,APXMIDP ,1248.8,71.85
2019-01-04,34,N2EXMIDP,0,0
2019-01-04,35,APXMIDP ,1043.15,70.31
2019-01-04,35,N2EXMIDP,0,0
2019-01-04,36,APXMIDP ,1018.6,69.96
2019-01-04,36,N2EXMIDP,0,0
2019-01-04,37,APXMIDP ,1248.55,68.11
2019-01-04,37,N2EXMIDP,0,0
2019-01-04,38,APXMIDP ,1350.45,67.17
2019-01-04,38,N2EXMIDP,0,0
2019-01-04,39,APXMIDP ,524.4,65.68
2019-01-04,39,N2EXMIDP,0,0
2019-01-04,40,APXMIDP ,541.1,64
2019-01-04,40,N2EXMIDP,0,0
2019-01-04,41,APXMIDP ,534.05,60.88
2019-01-04,41,N2EXMIDP,0,0
2019-01-04,42,APXMIDP ,458.5,58.79
2019-01-04,42,N2EXMIDP,0,0
2019-01-04,43,APXMIDP ,1161.85,58.53
2019-01-04,43,N2EXMIDP,0,0
2019-01-04,44,APXMIDP ,1102.15,57.22
2019-01-04,44,N2EXMIDP,0,0
2019-01-04,45,APXMIDP ,1182.05,57.94
2019-01-04,45,N2EXMIDP,0,0
2019-01-04,46,APXMIDP ,1534.1,58.36
2019-01-04,46,N2EXMIDP,0,0
2019-01-04,47,APXMIDP ,469.5,58.61
2019-01-04,47,N2EXMIDP,0,0
2019-01-04,48,APXMIDP ,138.5,60.2
2019-01-04,48,N2EXMIDP,0,0
2019-01-05,1,APXMIDP ,167.75,54.16
2019-01-05,1,N2EXMIDP,0,0
2019-01-05,2,APXMIDP ,117,59.17
2019-01-05,2,N2EXMIDP,0,0
2019-01-05,3,APXMIDP ,215.5,56.35
2019-01-05,3,N2EXMIDP,0,0
2019-01-05,4,APXMIDP ,231.5,55.53
2019-01-05,4,N2EXMIDP,0,0
2019-01-05,5,APXMIDP ,190.5,55.76
2019-01-05,5,N2EXMIDP,0,0
2019-01-05,6,APXMIDP ,278.25,54.81
2019-01-05,6,N2EXMIDP,0,0
2019-01-05,7,APXMIDP ,0,0
2019-01-05,7,N2EXMIDP,0,0
2019-01-05,8,APXMIDP ,40.5,58.57
2019-01-05,8,N2EXMIDP,0,0
2019-01-05,9,APXMIDP ,60.5,59.7
2019-01-05,9,N2EXMIDP,0,0
2019-01-05,10,APXMIDP ,60.5,59.7
2019-01-05,10,N2EXMIDP,0,0
2019-01-05,11,APXMIDP ,33.5,56.06
2019-01-05,11,N2EXMIDP,0,0
2019-01-05,12,APXMIDP ,47.65,48.21
2019-01-05,12,N2EXMIDP,0,0
2019-01-05,13,APXMIDP ,62.5,56.02
2019-01-05,13,N2EXMIDP,0,0
2019-01-05,14,APXMIDP ,98.15,52.93
2019-01-05,14,N2EXMIDP,0,0
2019-01-05,15,APXMIDP ,217.5,50.35
2019-01-05,15,N2EXMIDP,0,0
2019-01-05,16,APXMIDP ,109.5,58.13
2019-01-05,16,N2EXMIDP,0,0
2019-01-05,17,APXMIDP ,324.1,55.93
2019-01-05,17,N2EXMIDP,0,0
2019-01-05,18,APXMIDP ,169.5,57.77
2019-01-05,18,N2EXMIDP,0,0
2019-01-05,19,APXMIDP ,159.85,58.81
2019-01-05,19,N2EXMIDP,0,0
2019-01-05,20,APXMIDP ,172.35,58.6
2019-01-05,20,N2EXMIDP,0,0
2019-01-05,21,APXMIDP ,333.35,59.6
2019-01-05,21,N2EXMIDP,0,0
2019-01-05,22,APXMIDP ,262.7,59.48
2019-01-05,22,N2EXMIDP,0,0
2019-01-05,23,APXMIDP ,228.35,65.8
2019-01-05,23,N2EXMIDP,0,0
2019-01-05,24,APXMIDP ,417.55,68.67
2019-01-05,24,N2EXMIDP,0,0
2019-01-05,25,APXMIDP ,295,68.61
2019-01-05,25,N2EXMIDP,0,0
2019-01-05,26,APXMIDP ,513.95,74.49
2019-01-05,26,N2EXMIDP,0,0
2019-01-05,27,APXMIDP ,449.35,68.61
2019-01-05,27,N2EXMIDP,0,0
2019-01-05,28,APXMIDP ,525.8,69.15
2019-01-05,28,N2EXMIDP,0,0
2019-01-05,29,APXMIDP ,531.35,69.2
2019-01-05,29,N2EXMIDP,0,0
2019-01-05,30,APXMIDP ,516.35,69.14
2019-01-05,30,N2EXMIDP,0,0
2019-01-05,31,APXMIDP ,313.7,74.34
2019-01-05,31,N2EXMIDP,0,0
2019-01-05,32,APXMIDP ,467,72.11
2019-01-05,32,N2EXMIDP,0,0
2019-01-05,33,APXMIDP ,645.1,84.74
2019-01-05,33,N2EXMIDP,0,0
2019-01-05,34,APXMIDP ,954.8,88.91
2019-01-05,34,N2EXMIDP,0,0
2019-01-05,35,APXMIDP ,829.4,89.2
2019-01-05,35,N2EXMIDP,0,0
2019-01-05,36,APXMIDP ,886.45,87.56
2019-01-05,36,N2EXMIDP,0,0
2019-01-05,37,APXMIDP ,983.15,87.34
2019-01-05,37,N2EXMIDP,0,0
2019-01-05,38,APXMIDP ,1033.1,84.72
2019-01-05,38,N2EXMIDP,0,0
2019-01-05,39,APXMIDP ,536.65,67.1
2019-01-05,39,N2EXMIDP,0,0
2019-01-05,40,APXMIDP ,437.65,65.45
2019-01-05,40,N2EXMIDP,0,0
2019-01-05,41,APXMIDP ,484.9,65.37
2019-01-05,41,N2EXMIDP,0,0
2019-01-05,42,APXMIDP ,736.15,62.56
2019-01-05,42,N2EXMIDP,0,0
2019-01-05,43,APXMIDP ,329.15,62.47
2019-01-05,43,N2EXMIDP,0,0
2019-01-05,44,APXMIDP ,426.15,62.15
2019-01-05,44,N2EXMIDP,0,0
2019-01-05,45,APXMIDP ,477.1,61.2
2019-01-05,45,N2EXMIDP,0,0
2019-01-05,46,APXMIDP ,570.55,60.65
2019-01-05,46,N2EXMIDP,0,0
2019-01-05,47,APXMIDP ,224,54.24
2019-01-05,47,N2EXMIDP,0,0
2019-01-05,48,APXMIDP ,185.5,62.67
2019-01-05,48,N2EXMIDP,0,0
2019-01-06,1,APXMIDP ,135.3,62.48
2019-01-06,1,N2EXMIDP,0,0
2019-01-06,2,APXMIDP ,140.5,63.63
2019-01-06,2,N2EXMIDP,0,0
2019-01-06,3,APXMIDP ,150.5,64.97
2019-01-06,3,N2EXMIDP,0,0
2019-01-06,4,APXMIDP ,168.4,61.9
2019-01-06,4,N2EXMIDP,0,0
2019-01-06,5,APXMIDP ,135,60.98
2019-01-06,5,N2EXMIDP,0,0
2019-01-06,6,APXMIDP ,133.3,61.36
2019-01-06,6,N2EXMIDP,0,0
2019-01-06,7,APXMIDP ,74,61.21
2019-01-06,7,N2EXMIDP,0,0
2019-01-06,8,APXMIDP ,234.8,63.25
2019-01-06,8,N2EXMIDP,0,0
2019-01-06,9,APXMIDP ,285.5,63.42
2019-01-06,9,N2EXMIDP,0,0
2019-01-06,10,APXMIDP ,300.4,63.13
2019-01-06,10,N2EXMIDP,0,0
2019-01-06,11,APXMIDP ,397.15,58.81
2019-01-06,11,N2EXMIDP,0,0
2019-01-06,12,APXMIDP ,421.15,58.59
2019-01-06,12,N2EXMIDP,0,0
2019-01-06,13,APXMIDP ,722.7,57.05
2019-01-06,13,N2EXMIDP,0,0
2019-01-06,14,APXMIDP ,821.65,57.72
2019-01-06,14,N2EXMIDP,0,0
2019-01-06,15,APXMIDP ,682.15,54.53
2019-01-06,15,N2EXMIDP,0,0
2019-01-06,16,APXMIDP ,390.1,51.06
2019-01-06,16,N2EXMIDP,0,0
2019-01-06,17,APXMIDP ,485.25,50.89
2019-01-06,17,N2EXMIDP,0,0
2019-01-06,18,APXMIDP ,398.7,51.32
2019-01-06,18,N2EXMIDP,0,0
2019-01-06,19,APXMIDP ,387,58.23
2019-01-06,19,N2EXMIDP,0,0
2019-01-06,20,APXMIDP ,246.85,62.35
2019-01-06,20,N2EXMIDP,0,0
2019-01-06,21,APXMIDP ,467.65,74.73
2019-01-06,21,N2EXMIDP,0,0
2019-01-06,22,APXMIDP ,471.1,74.63
2019-01-06,22,N2EXMIDP,0,0
2019-01-06,23,APXMIDP ,261.6,76.41
2019-01-06,23,N2EXMIDP,0,0
2019-01-06,24,APXMIDP ,440.7,77.33
2019-01-06,24,N2EXMIDP,0,0
2019-01-06,25,APXMIDP ,670.75,77.25
2019-01-06,25,N2EXMIDP,0,0
2019-01-06,26,APXMIDP ,702.3,76.02
2019-01-06,26,N2EXMIDP,0,0
2019-01-06,27,APXMIDP ,601.9,71.55
2019-01-06,27,N2EXMIDP,0,0
2019-01-06,28,APXMIDP ,634.4,71.05
2019-01-06,28,N2EXMIDP,0,0
2019-01-06,29,APXMIDP ,843.4,68.06
2019-01-06,29,N2EXMIDP,0,0
2019-01-06,30,APXMIDP ,929.4,67.15
2019-01-06,30,N2EXMIDP,0,0
2019-01-06,31,APXMIDP ,351.1,79.95
2019-01-06,31,N2EXMIDP,0,0
2019-01-06,32,APXMIDP ,449,79.01
2019-01-06,32,N2EXMIDP,0,0
2019-01-06,33,APXMIDP ,541.4,83.84
2019-01-06,33,N2EXMIDP,0,0
2019-01-06,34,APXMIDP ,604.5,93.27
2019-01-06,34,N2EXMIDP,0,0
2019-01-06,35,APXMIDP ,682.85,97.79
2019-01-06,35,N2EXMIDP,0,0
2019-01-06,36,APXMIDP ,692.25,98.01
2019-01-06,36,N2EXMIDP,0,0
2019-01-06,37,APXMIDP ,601.85,93.06
2019-01-06,37,N2EXMIDP,0,0
2019-01-06,38,APXMIDP ,771.95,90.02
2019-01-06,38,N2EXMIDP,0,0
2019-01-06,39,APXMIDP ,762.95,69.7
2019-01-06,39,N2EXMIDP,0,0
2019-01-06,40,APXMIDP ,543.35,67.83
2019-01-06,40,N2EXMIDP,0,0
2019-01-06,41,APXMIDP ,644.05,66.53
2019-01-06,41,N2EXMIDP,0,0
2019-01-06,42,APXMIDP ,744.7,64.44
2019-01-06,42,N2EXMIDP,0,0
2019-01-06,43,APXMIDP ,899.05,58.65
2019-01-06,43,N2EXMIDP,0,0
2019-01-06,44,APXMIDP ,1261.75,58.43
2019-01-06,44,N2EXMIDP,0,0
2019-01-06,45,APXMIDP ,1003.15,57.17
2019-01-06,45,N2EXMIDP,0,0
2019-01-06,46,APXMIDP ,1872.15,56.13
2019-01-06,46,N2EXMIDP,0,0
2019-01-06,47,APXMIDP ,495,51.78
2019-01-06,47,N2EXMIDP,0,0
2019-01-06,48,APXMIDP ,381.5,51.64
2019-01-06,48,N2EXMIDP,0,0
2019-01-07,1,APXMIDP ,447.5,51.41
2019-01-07,1,N2EXMIDP,0,0
2019-01-07,2,APXMIDP ,569,51.17
2019-01-07,2,N2EXMIDP,0,0
2019-01-07,3,APXMIDP ,246.5,51.45
2019-01-07,3,N2EXMIDP,0,0
2019-01-07,4,APXMIDP ,247,51.42
2019-01-07,4,N2EXMIDP,0,0
2019-01-07,5,APXMIDP ,359,51.29
2019-01-07,5,N2EXMIDP,0,0
2019-01-07,6,APXMIDP ,398.95,50.85
2019-01-07,6,N2EXMIDP,0,0
2019-01-07,7,APXMIDP ,466.5,47.61
2019-01-07,7,N2EXMIDP,0,0
2019-01-07,8,APXMIDP ,437,46.84
2019-01-07,8,N2EXMIDP,0,0
2019-01-07,9,APXMIDP ,570.25,45.23
2019-01-07,9,N2EXMIDP,0,0
2019-01-07,10,APXMIDP ,631.2,45.51
2019-01-07,10,N2EXMIDP,0,0
2019-01-07,11,APXMIDP ,424.5,51.38
2019-01-07,11,N2EXMIDP,0,0
2019-01-07,12,APXMIDP ,346.5,48.85
2019-01-07,12,N2EXMIDP,0,0
2019-01-07,13,APXMIDP ,824.6,55.37
2019-01-07,13,N2EXMIDP,0,0
2019-01-07,14,APXMIDP ,766.1,56.2
2019-01-07,14,N2EXMIDP,0,0
2019-01-07,15,APXMIDP ,367,57.37
2019-01-07,15,N2EXMIDP,0,0
2019-01-07,16,APXMIDP ,263.5,56.68
2019-01-07,16,N2EXMIDP,0,0
2019-01-07,17,APXMIDP ,352.35,55.21
2019-01-07,17,N2EXMIDP,0,0
2019-01-07,18,APXMIDP ,364.35,55.18
2019-01-07,18,N2EXMIDP,0,0
2019-01-07,19,APXMIDP ,665.9,55.55
2019-01-07,19,N2EXMIDP,0,0
2019-01-07,20,APXMIDP ,867.55,54.39
2019-01-07,20,N2EXMIDP,0,0
2019-01-07,21,APXMIDP ,1033.05,53.34
2019-01-07,21,N2EXMIDP,0,0
2019-01-07,22,APXMIDP ,1040.55,53.32
2019-01-07,22,N2EXMIDP,0,0
2019-01-07,23,APXMIDP ,548.5,50.48
2019-01-07,23,N2EXMIDP,0,0
2019-01-07,24,APXMIDP ,748.45,50.22
2019-01-07,24,N2EXMIDP,0,0
2019-01-07,25,APXMIDP ,779.45,50.21
2019-01-07,25,N2EXMIDP,0,0
2019-01-07,26,APXMIDP ,842.45,50.12
2019-01-07,26,N2EXMIDP,0,0
2019-01-07,27,APXMIDP ,901.75,50.62
2019-01-07,27,N2EXMIDP,0,0
2019-01-07,28,APXMIDP ,1091.25,51.74
2019-01-07,28,N2EXMIDP,0,0
2019-01-07,29,APXMIDP ,1427.3,52.35
2019-01-07,29,N2EXMIDP,0,0
2019-01-07,30,APXMIDP ,1456.75,52.44
2019-01-07,30,N2EXMIDP,0,0
2019-01-07,31,APXMIDP ,779.55,55.2
2019-01-07,31,N2EXMIDP,0,0
2019-01-07,32,APXMIDP ,849.2,57.36
2019-01-07,32,N2EXMIDP,0,0
2019-01-07,33,APXMIDP ,961.9,53.93
2019-01-07,33,N2EXMIDP,0,0
2019-01-07,34,APXMIDP ,872.2,58.64
2019-01-07,34,N2EXMIDP,0,0
2019-01-07,35,APXMIDP ,1089.95,59.39
2019-01-07,35,N2EXMIDP,0,0
2019-01-07,36,APXMIDP ,1323.4,58.84
2019-01-07,36,N2EXMIDP,0,0
2019-01-07,37,APXMIDP ,1337.95,57.68
2019-01-07,37,N2EXMIDP,0,0
2019-01-07,38,APXMIDP ,1571.75,56.43
2019-01-07,38,N2EXMIDP,0,0
2019-01-07,39,APXMIDP ,1219.95,56.16
2019-01-07,39,N2EXMIDP,0,0
2019-01-07,40,APXMIDP ,1223,56.86
2019-01-07,40,N2EXMIDP,0,0
2019-01-07,41,APXMIDP ,1292.55,56.78
2019-01-07,41,N2EXMIDP,0,0
2019-01-07,42,APXMIDP ,1347.3,55.71
2019-01-07,42,N2EXMIDP,0,0
2019-01-07,43,APXMIDP ,1198.95,55.32
2019-01-07,43,N2EXMIDP,0,0
2019-01-07,44,APXMIDP ,1369,55.18
2019-01-07,44,N2EXMIDP,0,0
2019-01-07,45,APXMIDP ,1661.3,53.2
2019-01-07,45,N2EXMIDP,0,0
2019-01-07,46,APXMIDP ,1815.6,53.65
2019-01-07,46,N2EXMIDP,0,0
2019-01-07,47,APXMIDP ,82,42.54
2019-01-07,47,N2EXMIDP,0,0
2019-01-07,48,APXMIDP ,180.1,41.45
2019-01-07,48,N2EXMIDP,0,0
2019-01-08,1,APXMIDP ,260.4,46.8
2019-01-08,1,N2EXMIDP,0,0
2019-01-08,2,APXMIDP ,312,46.84
2019-01-08,2,N2EXMIDP,0,0
2019-01-08,3,APXMIDP ,328.25,48.47
2019-01-08,3,N2EXMIDP,0,0
2019-01-08,4,APXMIDP ,278.6,42.52
2019-01-08,4,N2EXMIDP,0,0
2019-01-08,5,APXMIDP ,408.65,43.37
2019-01-08,5,N2EXMIDP,0,0
2019-01-08,6,APXMIDP ,494.65,43.63
2019-01-08,6,N2EXMIDP,0,0
2019-01-08,7,APXMIDP ,425.5,44.81
2019-01-08,7,N2EXMIDP,0,0
2019-01-08,8,APXMIDP ,566.7,45.74
2019-01-08,8,N2EXMIDP,0,0
2019-01-08,9,APXMIDP ,618,45.13
2019-01-08,9,N2EXMIDP,0,0
2019-01-08,10,APXMIDP ,518.25,44.64
2019-01-08,10,N2EXMIDP,0,0
2019-01-08,11,APXMIDP ,330.8,46.38
2019-01-08,11,N2EXMIDP,0,0
2019-01-08,12,APXMIDP ,396.4,47.07
2019-01-08,12,N2EXMIDP,0,0
2019-01-08,13,APXMIDP ,491,55.55
2019-01-08,13,N2EXMIDP,0,0
2019-01-08,14,APXMIDP ,604.4,44.81
2019-01-08,14,N2EXMIDP,0,0
2019-01-08,15,APXMIDP ,505,51.45
2019-01-08,15,N2EXMIDP,0,0
2019-01-08,16,APXMIDP ,531.55,59.64
2019-01-08,16,N2EXMIDP,0,0
2019-01-08,17,APXMIDP ,582.7,60.97
2019-01-08,17,N2EXMIDP,0,0
2019-01-08,18,APXMIDP ,556.2,61.02
2019-01-08,18,N2EXMIDP,0,0
2019-01-08,19,APXMIDP ,732.65,66.35
2019-01-08,19,N2EXMIDP,0,0
2019-01-08,20,APXMIDP ,600.75,63.75
2019-01-08,20,N2EXMIDP,0,0
2019-01-08,21,APXMIDP ,836,63.9
2019-01-08,21,N2EXMIDP,0,0
2019-01-08,22,APXMIDP ,864.5,63.98
2019-01-08,22,N2EXMIDP,0,0
2019-01-08,23,APXMIDP ,408.15,60.74
2019-01-08,23,N2EXMIDP,0,0
2019-01-08,24,APXMIDP ,527.4,60
2019-01-08,24,N2EXMIDP,0,0
2019-01-08,25,APXMIDP ,628.9,59.36
2019-01-08,25,N2EXMIDP,0,0
2019-01-08,26,APXMIDP ,674.95,58.52
2019-01-08,26,N2EXMIDP,0,0
2019-01-08,27,APXMIDP ,569.4,58.24
2019-01-08,27,N2EXMIDP,0,0
2019-01-08,28,APXMIDP ,707.7,56.49
2019-01-08,28,N2EXMIDP,0,0
2019-01-08,29,APXMIDP ,999.6,54.47
2019-01-08,29,N2EXMIDP,0,0
2019-01-08,30,APXMIDP ,1020.3,54.17
2019-01-08,30,N2EXMIDP,0,0
2019-01-08,31,APXMIDP ,766.6,56.05
2019-01-08,31,N2EXMIDP,0,0
2019-01-08,32,APXMIDP ,695.05,60
2019-01-08,32,N2EXMIDP,0,0
2019-01-08,33,APXMIDP ,941.7,61.66
2019-01-08,33,N2EXMIDP,0,0
2019-01-08,34,APXMIDP ,1097.6,72.79
2019-01-08,34,N2EXMIDP,0,0
2019-01-08,35,APXMIDP ,580,75.65
2019-01-08,35,N2EXMIDP,0,0
2019-01-08,36,APXMIDP ,764.95,78.04
2019-01-08,36,N2EXMIDP,0,0
2019-01-08,37,APXMIDP ,856.5,78.1
2019-01-08,37,N2EXMIDP,0,0
2019-01-08,38,APXMIDP ,957.15,72.84
2019-01-08,38,N2EXMIDP,0,0
2019-01-08,39,APXMIDP ,925.25,74.54
2019-01-08,39,N2EXMIDP,0,0
2019-01-08,40,APXMIDP ,961.65,71.07
2019-01-08,40,N2EXMIDP,0,0
2019-01-08,41,APXMIDP ,1235.6,69.24
2019-01-08,41,N2EXMIDP,0,0
2019-01-08,42,APXMIDP ,1189.4,64.54
2019-01-08,42,N2EXMIDP,0,0
2019-01-08,43,APXMIDP ,1224,60.63
2019-01-08,43,N2EXMIDP,0,0
2019-01-08,44,APXMIDP ,1274.5,59.75
2019-01-08,44,N2EXMIDP,0,0
2019-01-08,45,APXMIDP ,1651.5,58.28
2019-01-08,45,N2EXMIDP,0,0
2019-01-08,46,APXMIDP ,1970.75,57.86
2019-01-08,46,N2EXMIDP,0,0
2019-01-08,47,APXMIDP ,331.75,51.56
2019-01-08,47,N2EXMIDP,0,0
2019-01-08,48,APXMIDP ,236.5,50.46
2019-01-08,48,N2EXMIDP,0,0
2019-01-09,1,APXMIDP ,388.45,48.68
2019-01-09,1,N2EXMIDP,0,0
2019-01-09,2,APXMIDP ,392.65,49.25
2019-01-09,2,N2EXMIDP,0,0
2019-01-09,3,APXMIDP ,496.3,49.66
2019-01-09,3,N2EXMIDP,0,0
2019-01-09,4,APXMIDP ,447.75,49.37
2019-01-09,4,N2EXMIDP,0,0
2019-01-09,5,APXMIDP ,570.85,49.42
2019-01-09,5,N2EXMIDP,0,0
2019-01-09,6,APXMIDP ,694.4,49.71
2019-01-09,6,N2EXMIDP,0,0
2019-01-09,7,APXMIDP ,628.75,50.47
2019-01-09,7,N2EXMIDP,0,0
2019-01-09,8,APXMIDP ,596.95,50.54
2019-01-09,8,N2EXMIDP,0,0
2019-01-09,9,APXMIDP ,713.7,50.19
2019-01-09,9,N2EXMIDP,0,0
2019-01-09,10,APXMIDP ,672,50.45
2019-01-09,10,N2EXMIDP,0,0
2019-01-09,11,APXMIDP ,561.85,50.26
2019-01-09,11,N2EXMIDP,0,0
2019-01-09,12,APXMIDP ,383.25,50.21
2019-01-09,12,N2EXMIDP,0,0
2019-01-09,13,APXMIDP ,702.8,58.99
2019-01-09,13,N2EXMIDP,0,0
2019-01-09,14,APXMIDP ,1148.85,49.64
2019-01-09,14,N2EXMIDP,0,0
2019-01-09,15,APXMIDP ,458.6,59.99
2019-01-09,15,N2EXMIDP,0,0
2019-01-09,16,APXMIDP ,487.6,61.95
2019-01-09,16,N2EXMIDP,0,0
2019-01-09,17,APXMIDP ,293.3,56.55
2019-01-09,17,N2EXMIDP,0,0
2019-01-09,18,APXMIDP ,240.1,55.49
2019-01-09,18,N2EXMIDP,0,0
2019-01-09,19,APXMIDP ,473,56.84
2019-01-09,19,N2EXMIDP,0,0
2019-01-09,20,APXMIDP ,732,55.74
2019-01-09,20,N2EXMIDP,0,0
2019-01-09,21,APXMIDP ,955.5,55.96
2019-01-09,21,N2EXMIDP,0,0
2019-01-09,22,APXMIDP ,1139.5,57.7
2019-01-09,22,N2EXMIDP,0,0
2019-01-09,23,APXMIDP ,737.5,54.14
2019-01-09,23,N2EXMIDP,0,0
2019-01-09,24,APXMIDP ,829,53.88
2019-01-09,24,N2EXMIDP,0,0
2019-01-09,25,APXMIDP ,1158.2,52.95
2019-01-09,25,N2EXMIDP,0,0
2019-01-09,26,APXMIDP ,1286.6,52.73
2019-01-09,26,N2EXMIDP,0,0
2019-01-09,27,APXMIDP ,1400.3,52.37
2019-01-09,27,N2EXMIDP,0,0
2019-01-09,28,APXMIDP ,1494,52.27
2019-01-09,28,N2EXMIDP,0,0
2019-01-09,29,APXMIDP ,1522.8,52.41
2019-01-09,29,N2EXMIDP,0,0
2019-01-09,30,APXMIDP ,1666.15,52.43
2019-01-09,30,N2EXMIDP,0,0
2019-01-09,31,APXMIDP ,650.8,57.49
2019-01-09,31,N2EXMIDP,0,0
2019-01-09,32,APXMIDP ,570.5,58.32
2019-01-09,32,N2EXMIDP,0,0
2019-01-09,33,APXMIDP ,623.6,65.15
2019-01-09,33,N2EXMIDP,0,0
2019-01-09,34,APXMIDP ,1083.85,65.26
2019-01-09,34,N2EXMIDP,0,0
2019-01-09,35,APXMIDP ,1235.35,62.82
2019-01-09,35,N2EXMIDP,0,0
2019-01-09,36,APXMIDP ,1372.2,62.94
2019-01-09,36,N2EXMIDP,0,0
2019-01-09,37,APXMIDP ,1388.6,62.42
2019-01-09,37,N2EXMIDP,0,0
2019-01-09,38,APXMIDP ,1447.7,62.03
2019-01-09,38,N2EXMIDP,0,0
2019-01-09,39,APXMIDP ,512.9,63.13
2019-01-09,39,N2EXMIDP,0,0
2019-01-09,40,APXMIDP ,479.4,61.02
2019-01-09,40,N2EXMIDP,0,0
2019-01-09,41,APXMIDP ,525.85,57.62
2019-01-09,41,N2EXMIDP,0,0
2019-01-09,42,APXMIDP ,696.8,57.81
2019-01-09,42,N2EXMIDP,0,0
2019-01-09,43,APXMIDP ,1402.9,57
2019-01-09,43,N2EXMIDP,0,0
2019-01-09,44,APXMIDP ,1361.65,55.95
2019-01-09,44,N2EXMIDP,0,0
2019-01-09,45,APXMIDP ,1501.6,55.23
2019-01-09,45,N2EXMIDP,0,0
2019-01-09,46,APXMIDP ,1761.85,54.27
2019-01-09,46,N2EXMIDP,0,0
2019-01-09,47,APXMIDP ,489,49.76
2019-01-09,47,N2EXMIDP,0,0
2019-01-09,48,APXMIDP ,430.8,49.09
2019-01-09,48,N2EXMIDP,0,0
2019-01-10,1,APXMIDP ,222.5,50.19
2019-01-10,1,N2EXMIDP,0,0
2019-01-10,2,APXMIDP ,258.5,50.81
2019-01-10,2,N2EXMIDP,0,0
2019-01-10,3,APXMIDP ,192.15,51.41
2019-01-10,3,N2EXMIDP,0,0
2019-01-10,4,APXMIDP ,229.95,50.97
2019-01-10,4,N2EXMIDP,0,0
2019-01-10,5,APXMIDP ,307.95,52.67
2019-01-10,5,N2EXMIDP,0,0
2019-01-10,6,APXMIDP ,321.65,52.51
2019-01-10,6,N2EXMIDP,0,0
2019-01-10,7,APXMIDP ,193.1,51.69
2019-01-10,7,N2EXMIDP,0,0
2019-01-10,8,APXMIDP ,253.1,51.46
2019-01-10,8,N2EXMIDP,0,0
2019-01-10,9,APXMIDP ,461.8,50.67
2019-01-10,9,N2EXMIDP,0,0
2019-01-10,10,APXMIDP ,416.25,50.76
2019-01-10,10,N2EXMIDP,0,0
2019-01-10,11,APXMIDP ,338.9,52.82
2019-01-10,11,N2EXMIDP,0,0
2019-01-10,12,APXMIDP ,473.25,50.6
2019-01-10,12,N2EXMIDP,0,0
2019-01-10,13,APXMIDP ,291.1,63.42
2019-01-10,13,N2EXMIDP,0,0
2019-01-10,14,APXMIDP ,842.55,51.47
2019-01-10,14,N2EXMIDP,0,0
2019-01-10,15,APXMIDP ,235.45,69.3
2019-01-10,15,N2EXMIDP,0,0
2019-01-10,16,APXMIDP ,679.4,77
2019-01-10,16,N2EXMIDP,0,0
2019-01-10,17,APXMIDP ,843.45,79.49
2019-01-10,17,N2EXMIDP,0,0
2019-01-10,18,APXMIDP ,875.15,78.92
2019-01-10,18,N2EXMIDP,0,0
2019-01-10,19,APXMIDP ,649.05,74.55
2019-01-10,19,N2EXMIDP,0,0
2019-01-10,20,APXMIDP ,911.85,75.92
2019-01-10,20,N2EXMIDP,0,0
2019-01-10,21,APXMIDP ,974.3,77.21
2019-01-10,21,N2EXMIDP,0,0
2019-01-10,22,APXMIDP ,1333.2,77.71
2019-01-10,22,N2EXMIDP,0,0
2019-01-10,23,APXMIDP ,773.45,74.95
2019-01-10,23,N2EXMIDP,0,0
2019-01-10,24,APXMIDP ,704.85,74.28
2019-01-10,24,N2EXMIDP,0,0
2019-01-10,25,APXMIDP ,1177.9,77.89
2019-01-10,25,N2EXMIDP,0,0
2019-01-10,26,APXMIDP ,1152.1,77.93
2019-01-10,26,N2EXMIDP,0,0
2019-01-10,27,APXMIDP ,1063.1,77.21
2019-01-10,27,N2EXMIDP,0,0
2019-01-10,28,APXMIDP ,1226.35,75.72
2019-01-10,28,N2EXMIDP,0,0
2019-01-10,29,APXMIDP ,1395.25,76.44
2019-01-10,29,N2EXMIDP,0,0
2019-01-10,30,APXMIDP ,1287.85,75.69
2019-01-10,30,N2EXMIDP,0,0
2019-01-10,31,APXMIDP ,1023.5,70.72
2019-01-10,31,N2EXMIDP,0,0
2019-01-10,32,APXMIDP ,990.5,71.8
2019-01-10,32,N2EXMIDP,0,0
2019-01-10,33,APXMIDP ,1207.8,69.42
2019-01-10,33,N2EXMIDP,0,0
2019-01-10,34,APXMIDP ,1342.3,67.76
2019-01-10,34,N2EXMIDP,0,0
2019-01-10,35,APXMIDP ,1716.95,67.93
2019-01-10,35,N2EXMIDP,0,0
2019-01-10,36,APXMIDP ,1964.5,66.97
2019-01-10,36,N2EXMIDP,0,0
2019-01-10,37,APXMIDP ,1862.05,66.54
2019-01-10,37,N2EXMIDP,0,0
2019-01-10,38,APXMIDP ,1989.75,65.97
2019-01-10,38,N2EXMIDP,0,0
2019-01-10,39,APXMIDP ,1507.45,60.26
2019-01-10,39,N2EXMIDP,0,0
2019-01-10,40,APXMIDP ,1462.4,60.66
2019-01-10,40,N2EXMIDP,0,0
2019-01-10,41,APXMIDP ,1399.9,60.43
2019-01-10,41,N2EXMIDP,0,0
2019-01-10,42,APXMIDP ,1480.25,58.92
2019-01-10,42,N2EXMIDP,0,0
2019-01-10,43,APXMIDP ,1647.1,58.19
2019-01-10,43,N2EXMIDP,0,0
2019-01-10,44,APXMIDP ,1745.15,57.49
2019-01-10,44,N2EXMIDP,0,0
2019-01-10,45,APXMIDP ,1927.55,57.33
2019-01-10,45,N2EXMIDP,0,0
2019-01-10,46,APXMIDP ,1979.6,56.64
2019-01-10,46,N2EXMIDP,0,0
2019-01-10,47,APXMIDP ,459.2,52.44
2019-01-10,47,N2EXMIDP,0,0
2019-01-10,48,APXMIDP ,242,53.83
2019-01-10,48,N2EXMIDP,0,0
2019-01-11,1,APXMIDP ,251.4,47.53
2019-01-11,1,N2EXMIDP,0,0
2019-01-11,2,APXMIDP ,215.3,47.6
2019-01-11,2,N2EXMIDP,0,0
2019-01-11,3,APXMIDP ,149,50.45
2019-01-11,3,N2EXMIDP,0,0
2019-01-11,4,APXMIDP ,148.85,49.44
2019-01-11,4,N2EXMIDP,0,0
2019-01-11,5,APXMIDP ,306.75,52.5
2019-01-11,5,N2EXMIDP,0,0
2019-01-11,6,APXMIDP ,297.5,51.73
2019-01-11,6,N2EXMIDP,0,0
2019-01-11,7,APXMIDP ,85.5,49.94
2019-01-11,7,N2EXMIDP,0,0
2019-01-11,8,APXMIDP ,132.5,49.61
2019-01-11,8,N2EXMIDP,0,0
2019-01-11,9,APXMIDP ,315.85,49.44
2019-01-11,9,N2EXMIDP,0,0
2019-01-11,10,APXMIDP ,281.95,49.76
2019-01-11,10,N2EXMIDP,0,0
2019-01-11,11,APXMIDP ,220,55.3
2019-01-11,11,N2EXMIDP,0,0
2019-01-11,12,APXMIDP ,467.5,56.06
2019-01-11,12,N2EXMIDP,0,0
2019-01-11,13,APXMIDP ,373.75,61.94
2019-01-11,13,N2EXMIDP,0,0
2019-01-11,14,APXMIDP ,882.4,53.29
2019-01-11,14,N2EXMIDP,0,0
2019-01-11,15,APXMIDP ,55,55.81
2019-01-11,15,N2EXMIDP,0,0
2019-01-11,16,APXMIDP ,75,67.58
2019-01-11,16,N2EXMIDP,0,0
2019-01-11,17,APXMIDP ,199,60.88
2019-01-11,17,N2EXMIDP,0,0
2019-01-11,18,APXMIDP ,290.15,57.77
2019-01-11,18,N2EXMIDP,0,0
2019-01-11,19,APXMIDP ,352.65,58.8
2019-01-11,19,N2EXMIDP,0,0
2019-01-11,20,APXMIDP ,615,59.18
2019-01-11,20,N2EXMIDP,0,0
2019-01-11,21,APXMIDP ,731.9,64.33
2019-01-11,21,N2EXMIDP,0,0
2019-01-11,22,APXMIDP ,553.55,62.45
2019-01-11,22,N2EXMIDP,0,0
2019-01-11,23,APXMIDP ,358.9,63.32
2019-01-11,23,N2EXMIDP,0,0
2019-01-11,24,APXMIDP ,617.15,64.25
2019-01-11,24,N2EXMIDP,0,0
2019-01-11,25,APXMIDP ,670.2,63.34
2019-01-11,25,N2EXMIDP,0,0
2019-01-11,26,APXMIDP ,621.3,63.54
2019-01-11,26,N2EXMIDP,0,0
2019-01-11,27,APXMIDP ,715.6,60.38
2019-01-11,27,N2EXMIDP,0,0
2019-01-11,28,APXMIDP ,708.3,58.94
2019-01-11,28,N2EXMIDP,0,0
2019-01-11,29,APXMIDP ,946,56.14
2019-01-11,29,N2EXMIDP,0,0
2019-01-11,30,APXMIDP ,1049.4,55.04
2019-01-11,30,N2EXMIDP,0,0
2019-01-11,31,APXMIDP ,354.3,56.12
2019-01-11,31,N2EXMIDP,0,0
2019-01-11,32,APXMIDP ,312.5,61.69
2019-01-11,32,N2EXMIDP,0,0
2019-01-11,33,APXMIDP ,767.8,56.63
2019-01-11,33,N2EXMIDP,0,0
2019-01-11,34,APXMIDP ,562.65,64.64
2019-01-11,34,N2EXMIDP,0,0
2019-01-11,35,APXMIDP ,768,63.23
2019-01-11,35,N2EXMIDP,0,0
2019-01-11,36,APXMIDP ,938.35,62.43
2019-01-11,36,N2EXMIDP,0,0
2019-01-11,37,APXMIDP ,1417.65,67.87
2019-01-11,37,N2EXMIDP,0,0
2019-01-11,38,APXMIDP ,1358.05,63.37
2019-01-11,38,N2EXMIDP,0,0
2019-01-11,39,APXMIDP ,645.6,59.17
2019-01-11,39,N2EXMIDP,0,0
2019-01-11,40,APXMIDP ,703.75,59.6
2019-01-11,40,N2EXMIDP,0,0
2019-01-11,41,APXMIDP ,947.85,60.87
2019-01-11,41,N2EXMIDP,0,0
2019-01-11,42,APXMIDP ,1230.6,59.72
2019-01-11,42,N2EXMIDP,0,0
2019-01-11,43,APXMIDP ,926.6,58.95
2019-01-11,43,N2EXMIDP,0,0
2019-01-11,44,APXMIDP ,1000.5,58.02
2019-01-11,44,N2EXMIDP,0,0
2019-01-11,45,APXMIDP ,1150.6,57.78
2019-01-11,45,N2EXMIDP,0,0
2019-01-11,46,APXMIDP ,1352.4,59.76
2019-01-11,46,N2EXMIDP,0,0
2019-01-11,47,APXMIDP ,606.25,55.49
2019-01-11,47,N2EXMIDP,0,0
2019-01-11,48,APXMIDP ,440.5,58.72
2019-01-11,48,N2EXMIDP,0,0
2019-01-12,1,APXMIDP ,200,58.27
2019-01-12,1,N2EXMIDP,0,0
2019-01-12,2,APXMIDP ,362,58.64
2019-01-12,2,N2EXMIDP,0,0
2019-01-12,3,APXMIDP ,483.2,58.63
2019-01-12,3,N2EXMIDP,0,0
2019-01-12,4,APXMIDP ,340.05,57.88
2019-01-12,4,N2EXMIDP,0,0
2019-01-12,5,APXMIDP ,377.5,54.76
2019-01-12,5,N2EXMIDP,0,0
2019-01-12,6,APXMIDP ,515,51.58
2019-01-12,6,N2EXMIDP,0,0
2019-01-12,7,APXMIDP ,609.65,41.17
2019-01-12,7,N2EXMIDP,0,0
2019-01-12,8,APXMIDP ,584.65,39.98
2019-01-12,8,N2EXMIDP,0,0
2019-01-12,9,APXMIDP ,699.7,38.82
2019-01-12,9,N2EXMIDP,0,0
2019-01-12,10,APXMIDP ,668.5,38.52
2019-01-12,10,N2EXMIDP,0,0
2019-01-12,11,APXMIDP ,893.55,40.91
2019-01-12,11,N2EXMIDP,0,0
2019-01-12,12,APXMIDP ,1028.7,40.81
2019-01-12,12,N2EXMIDP,0,0
2019-01-12,13,APXMIDP ,1049,41.61
2019-01-12,13,N2EXMIDP,0,0
2019-01-12,14,APXMIDP ,1237,40.7
2019-01-12,14,N2EXMIDP,0,0
2019-01-12,15,APXMIDP ,799.6,54.32
2019-01-12,15,N2EXMIDP,0,0
2019-01-12,16,APXMIDP ,235.5,54.14
2019-01-12,16,N2EXMIDP,0,0
2019-01-12,17,APXMIDP ,588.55,54.17
2019-01-12,17,N2EXMIDP,0,0
2019-01-12,18,APXMIDP ,596.35,52.21
2019-01-12,18,N2EXMIDP,0,0
2019-01-12,19,APXMIDP ,776.25,49.15
2019-01-12,19,N2EXMIDP,0,0
2019-01-12,20,APXMIDP ,831.05,48.39
2019-01-12,20,N2EXMIDP,0,0
2019-01-12,21,APXMIDP ,730.65,48.23
2019-01-12,21,N2EXMIDP,0,0
2019-01-12,22,APXMIDP ,811.2,50.76
2019-01-12,22,N2EXMIDP,0,0
2019-01-12,23,APXMIDP ,358,53.16
2019-01-12,23,N2EXMIDP,0,0
2019-01-12,24,APXMIDP ,418,53.46
2019-01-12,24,N2EXMIDP,0,0
2019-01-12,25,APXMIDP ,934.15,52.03
2019-01-12,25,N2EXMIDP,0,0
2019-01-12,26,APXMIDP ,1175,51.55
2019-01-12,26,N2EXMIDP,0,0
2019-01-12,27,APXMIDP ,1054.5,50.96
2019-01-12,27,N2EXMIDP,0,0
2019-01-12,28,APXMIDP ,1159.5,51.42
2019-01-12,28,N2EXMIDP,0,0
2019-01-12,29,APXMIDP ,1284.5,51.51
2019-01-12,29,N2EXMIDP,0,0
2019-01-12,30,APXMIDP ,1378.55,51.3
2019-01-12,30,N2EXMIDP,0,0
2019-01-12,31,APXMIDP ,719.5,55.18
2019-01-12,31,N2EXMIDP,0,0
2019-01-12,32,APXMIDP ,905.5,54.5
2019-01-12,32,N2EXMIDP,0,0
2019-01-12,33,APXMIDP ,1110.5,53.04
2019-01-12,33,N2EXMIDP,0,0
2019-01-12,34,APXMIDP ,957.95,56.13
2019-01-12,34,N2EXMIDP,0,0
2019-01-12,35,APXMIDP ,835.5,65.54
2019-01-12,35,N2EXMIDP,0,0
2019-01-12,36,APXMIDP ,1039.5,67.24
2019-01-12,36,N2EXMIDP,0,0
2019-01-12,37,APXMIDP ,1055,66.48
2019-01-12,37,N2EXMIDP,0,0
2019-01-12,38,APXMIDP ,1181.2,65.68
2019-01-12,38,N2EXMIDP,0,0
2019-01-12,39,APXMIDP ,1181.85,58.62
2019-01-12,39,N2EXMIDP,0,0
2019-01-12,40,APXMIDP ,979.15,57.6
2019-01-12,40,N2EXMIDP,0,0
2019-01-12,41,APXMIDP ,1025.4,57.59
2019-01-12,41,N2EXMIDP,0,0
2019-01-12,42,APXMIDP ,1141.45,57.71
2019-01-12,42,N2EXMIDP,0,0
2019-01-12,43,APXMIDP ,1457.75,55.56
2019-01-12,43,N2EXMIDP,0,0
2019-01-12,44,APXMIDP ,1766.55,54.85
2019-01-12,44,N2EXMIDP,0,0
2019-01-12,45,APXMIDP ,1821.65,54.45
2019-01-12,45,N2EXMIDP,0,0
2019-01-12,46,APXMIDP ,2250.2,55.07
2019-01-12,46,N2EXMIDP,0,0
2019-01-12,47,APXMIDP ,173,45.71
2019-01-12,47,N2EXMIDP,0,0
2019-01-12,48,APXMIDP ,199,43.4
2019-01-12,48,N2EXMIDP,0,0
2019-01-13,1,APXMIDP ,197.5,41.68
2019-01-13,1,N2EXMIDP,0,0
2019-01-13,2,APXMIDP ,297.2,35.16
2019-01-13,2,N2EXMIDP,0,0
2019-01-13,3,APXMIDP ,536.5,31.65
2019-01-13,3,N2EXMIDP,0,0
2019-01-13,4,APXMIDP ,245.5,32.59
2019-01-13,4,N2EXMIDP,0,0
2019-01-13,5,APXMIDP ,335.85,28.96
2019-01-13,5,N2EXMIDP,0,0
2019-01-13,6,APXMIDP ,411.25,25.99
2019-01-13,6,N2EXMIDP,0,0
2019-01-13,7,APXMIDP ,475.85,19.04
2019-01-13,7,N2EXMIDP,0,0
2019-01-13,8,APXMIDP ,631.3,18.11
2019-01-13,8,N2EXMIDP,0,0
2019-01-13,9,APXMIDP ,551.15,17.41
2019-01-13,9,N2EXMIDP,0,0
2019-01-13,10,APXMIDP ,525.35,17.11
2019-01-13,10,N2EXMIDP,0,0
2019-01-13,11,APXMIDP ,305.15,19.33
2019-01-13,11,N2EXMIDP,0,0
2019-01-13,12,APXMIDP ,349.15,20.22
2019-01-13,12,N2EXMIDP,0,0
2019-01-13,13,APXMIDP ,244,20.56
2019-01-13,13,N2EXMIDP,0,0
2019-01-13,14,APXMIDP ,337.2,22.67
2019-01-13,14,N2EXMIDP,0,0
2019-01-13,15,APXMIDP ,1053,33.92
2019-01-13,15,N2EXMIDP,0,0
2019-01-13,16,APXMIDP ,1068,35.27
2019-01-13,16,N2EXMIDP,0,0
2019-01-13,17,APXMIDP ,1056.5,37.72
2019-01-13,17,N2EXMIDP,0,0
2019-01-13,18,APXMIDP ,1132.65,43.31
2019-01-13,18,N2EXMIDP,0,0
2019-01-13,19,APXMIDP ,635.6,52.71
2019-01-13,19,N2EXMIDP,0,0
2019-01-13,20,APXMIDP ,581,54.29
2019-01-13,20,N2EXMIDP,0,0
2019-01-13,21,APXMIDP ,901.4,56.44
2019-01-13,21,N2EXMIDP,0,0
2019-01-13,22,APXMIDP ,929.25,55.46
2019-01-13,22,N2EXMIDP,0,0
2019-01-13,23,APXMIDP ,293.5,58.19
2019-01-13,23,N2EXMIDP,0,0
2019-01-13,24,APXMIDP ,401.5,58.02
2019-01-13,24,N2EXMIDP,0,0
2019-01-13,25,APXMIDP ,642.5,58.67
2019-01-13,25,N2EXMIDP,0,0
2019-01-13,26,APXMIDP ,645.1,58.95
2019-01-13,26,N2EXMIDP,0,0
2019-01-13,27,APXMIDP ,593,58.46
2019-01-13,27,N2EXMIDP,0,0
2019-01-13,28,APXMIDP ,582.95,57.58
2019-01-13,28,N2EXMIDP,0,0
2019-01-13,29,APXMIDP ,836.2,56.03
2019-01-13,29,N2EXMIDP,0,0
2019-01-13,30,APXMIDP ,823.4,55.37
2019-01-13,30,N2EXMIDP,0,0
2019-01-13,31,APXMIDP ,832.5,52.82
2019-01-13,31,N2EXMIDP,0,0
2019-01-13,32,APXMIDP ,1019,54.87
2019-01-13,32,N2EXMIDP,0,0
2019-01-13,33,APXMIDP ,778.85,55.21
2019-01-13,33,N2EXMIDP,0,0
2019-01-13,34,APXMIDP ,833,62.03
2019-01-13,34,N2EXMIDP,0,0
2019-01-13,35,APXMIDP ,751,65.59
2019-01-13,35,N2EXMIDP,0,0
2019-01-13,36,APXMIDP ,1098.7,68.05
2019-01-13,36,N2EXMIDP,0,0
2019-01-13,37,APXMIDP ,1104.5,67.78
2019-01-13,37,N2EXMIDP,0,0
2019-01-13,38,APXMIDP ,1108.8,65.62
2019-01-13,38,N2EXMIDP,0,0
2019-01-13,39,APXMIDP ,527.25,57.25
2019-01-13,39,N2EXMIDP,0,0
2019-01-13,40,APXMIDP ,513,53.88
2019-01-13,40,N2EXMIDP,0,0
2019-01-13,41,APXMIDP ,670.2,54.88
2019-01-13,41,N2EXMIDP,0,0
2019-01-13,42,APXMIDP ,603.6,53.64
2019-01-13,42,N2EXMIDP,0,0
2019-01-13,43,APXMIDP ,641.75,53.18
2019-01-13,43,N2EXMIDP,0,0
2019-01-13,44,APXMIDP ,815.65,52.28
2019-01-13,44,N2EXMIDP,0,0
2019-01-13,45,APXMIDP ,1102.05,50.64
2019-01-13,45,N2EXMIDP,0,0
2019-01-13,46,APXMIDP ,1282.5,50.63
2019-01-13,46,N2EXMIDP,0,0
2019-01-13,47,APXMIDP ,138,41.83
2019-01-13,47,N2EXMIDP,0,0
2019-01-13,48,APXMIDP ,125.5,39.2
2019-01-13,48,N2EXMIDP,0,0
2019-01-14,1,APXMIDP ,215,43.9
2019-01-14,1,N2EXMIDP,0,0
2019-01-14,2,APXMIDP ,449.8,48.58
2019-01-14,2,N2EXMIDP,0,0
2019-01-14,3,APXMIDP ,571.8,50.55
2019-01-14,3,N2EXMIDP,0,0
2019-01-14,4,APXMIDP ,526,50.6
2019-01-14,4,N2EXMIDP,0,0
2019-01-14,5,APXMIDP ,481.55,50.59
2019-01-14,5,N2EXMIDP,0,0
2019-01-14,6,APXMIDP ,468.1,50.71
2019-01-14,6,N2EXMIDP,0,0
2019-01-14,7,APXMIDP ,300.4,50.33
2019-01-14,7,N2EXMIDP,0,0
2019-01-14,8,APXMIDP ,284,46.27
2019-01-14,8,N2EXMIDP,0,0
2019-01-14,9,APXMIDP ,453.75,43.08
2019-01-14,9,N2EXMIDP,0,0
2019-01-14,10,APXMIDP ,328,48.05
2019-01-14,10,N2EXMIDP,0,0
2019-01-14,11,APXMIDP ,500,50.36
2019-01-14,11,N2EXMIDP,0,0
2019-01-14,12,APXMIDP ,729.5,50.12
2019-01-14,12,N2EXMIDP,0,0
2019-01-14,13,APXMIDP ,828,57.47
2019-01-14,13,N2EXMIDP,0,0
2019-01-14,14,APXMIDP ,1169.95,45.72
2019-01-14,14,N2EXMIDP,0,0
2019-01-14,15,APXMIDP ,803.2,51.12
2019-01-14,15,N2EXMIDP,0,0
2019-01-14,16,APXMIDP ,700,56.99
2019-01-14,16,N2EXMIDP,0,0
2019-01-14,17,APXMIDP ,610.65,62.29
2019-01-14,17,N2EXMIDP,0,0
2019-01-14,18,APXMIDP ,662.85,62.38
2019-01-14,18,N2EXMIDP,0,0
2019-01-14,19,APXMIDP ,570.3,61.62
2019-01-14,19,N2EXMIDP,0,0
2019-01-14,20,APXMIDP ,626.65,61.05
2019-01-14,20,N2EXMIDP,0,0
2019-01-14,21,APXMIDP ,788.35,59.75
2019-01-14,21,N2EXMIDP,0,0
2019-01-14,22,APXMIDP ,887.25,59.3
2019-01-14,22,N2EXMIDP,0,0
2019-01-14,23,APXMIDP ,729.5,58.48
2019-01-14,23,N2EXMIDP,0,0
2019-01-14,24,APXMIDP ,952.1,59.51
2019-01-14,24,N2EXMIDP,0,0
2019-01-14,25,APXMIDP ,1202.85,60.53
2019-01-14,25,N2EXMIDP,0,0
2019-01-14,26,APXMIDP ,1207.55,61.11
2019-01-14,26,N2EXMIDP,0,0
2019-01-14,27,APXMIDP ,1198.55,61.32
2019-01-14,27,N2EXMIDP,0,0
2019-01-14,28,APXMIDP ,1315.55,62.37
2019-01-14,28,N2EXMIDP,0,0
2019-01-14,29,APXMIDP ,1410.35,63.41
2019-01-14,29,N2EXMIDP,0,0
2019-01-14,30,APXMIDP ,1639.3,64.98
2019-01-14,30,N2EXMIDP,0,0
2019-01-14,31,APXMIDP ,1036,80.34
2019-01-14,31,N2EXMIDP,0,0
2019-01-14,32,APXMIDP ,1166.7,81.72
2019-01-14,32,N2EXMIDP,0,0
2019-01-14,33,APXMIDP ,1136.3,83.65
2019-01-14,33,N2EXMIDP,0,0
2019-01-14,34,APXMIDP ,1393.25,88.96
2019-01-14,34,N2EXMIDP,0,0
2019-01-14,35,APXMIDP ,1566.45,89.24
2019-01-14,35,N2EXMIDP,0,0
2019-01-14,36,APXMIDP ,1481.2,87.97
2019-01-14,36,N2EXMIDP,0,0
2019-01-14,37,APXMIDP ,1759.6,84.76
2019-01-14,37,N2EXMIDP,0,0
2019-01-14,38,APXMIDP ,1694,84.76
2019-01-14,38,N2EXMIDP,0,0
2019-01-14,39,APXMIDP ,1394,69.53
2019-01-14,39,N2EXMIDP,0,0
2019-01-14,40,APXMIDP ,1178.35,69.09
2019-01-14,40,N2EXMIDP,0,0
2019-01-14,41,APXMIDP ,1179.5,65.35
2019-01-14,41,N2EXMIDP,0,0
2019-01-14,42,APXMIDP ,1121.5,63.52
2019-01-14,42,N2EXMIDP,0,0
2019-01-14,43,APXMIDP ,1421.8,59.36
2019-01-14,43,N2EXMIDP,0,0
2019-01-14,44,APXMIDP ,1448.55,59.19
2019-01-14,44,N2EXMIDP,0,0
2019-01-14,45,APXMIDP ,1805.55,60.25
2019-01-14,45,N2EXMIDP,0,0
2019-01-14,46,APXMIDP ,2225.15,60.79
2019-01-14,46,N2EXMIDP,0,0
2019-01-14,47,APXMIDP ,360.8,51.3
2019-01-14,47,N2EXMIDP,0,0
2019-01-14,48,APXMIDP ,273,52.51
2019-01-14,48,N2EXMIDP,0,0
2019-01-15,1,APXMIDP ,458.5,51.46
2019-01-15,1,N2EXMIDP,0,0
2019-01-15,2,APXMIDP ,530.15,51.77
2019-01-15,2,N2EXMIDP,0,0
2019-01-15,3,APXMIDP ,470,50.46
2019-01-15,3,N2EXMIDP,0,0
2019-01-15,4,APXMIDP ,627.5,50.14
2019-01-15,4,N2EXMIDP,0,0
2019-01-15,5,APXMIDP ,478.5,50.03
2019-01-15,5,N2EXMIDP,0,0
2019-01-15,6,APXMIDP ,503.8,49.96
2019-01-15,6,N2EXMIDP,0,0
2019-01-15,7,APXMIDP ,393.8,46.38
2019-01-15,7,N2EXMIDP,0,0
2019-01-15,8,APXMIDP ,351.45,45.98
2019-01-15,8,N2EXMIDP,0,0
2019-01-15,9,APXMIDP ,353.9,46.32
2019-01-15,9,N2EXMIDP,0,0
2019-01-15,10,APXMIDP ,396.15,46.1
2019-01-15,10,N2EXMIDP,0,0
2019-01-15,11,APXMIDP ,582.75,48.76
2019-01-15,11,N2EXMIDP,0,0
2019-01-15,12,APXMIDP ,683.2,45.66
2019-01-15,12,N2EXMIDP,0,0
2019-01-15,13,APXMIDP ,694.7,54.12
2019-01-15,13,N2EXMIDP,0,0
2019-01-15,14,APXMIDP ,754.2,50.02
2019-01-15,14,N2EXMIDP,0,0
2019-01-15,15,APXMIDP ,643.15,59.58
2019-01-15,15,N2EXMIDP,0,0
2019-01-15,16,APXMIDP ,599.7,61.08
2019-01-15,16,N2EXMIDP,0,0
2019-01-15,17,APXMIDP ,587.85,60.72
2019-01-15,17,N2EXMIDP,0,0
2019-01-15,18,APXMIDP ,697.35,61.06
2019-01-15,18,N2EXMIDP,0,0
2019-01-15,19,APXMIDP ,827.35,60.4
2019-01-15,19,N2EXMIDP,0,0
2019-01-15,20,APXMIDP ,835.7,60.48
2019-01-15,20,N2EXMIDP,0,0
2019-01-15,21,APXMIDP ,936.35,60.3
2019-01-15,21,N2EXMIDP,0,0
2019-01-15,22,APXMIDP ,1048.2,60.57
2019-01-15,22,N2EXMIDP,0,0
2019-01-15,23,APXMIDP ,878.75,60.66
2019-01-15,23,N2EXMIDP,0,0
2019-01-15,24,APXMIDP ,1039.9,61.94
2019-01-15,24,N2EXMIDP,0,0
2019-01-15,25,APXMIDP ,1119.4,61.05
2019-01-15,25,N2EXMIDP,0,0
2019-01-15,26,APXMIDP ,1264.65,59.92
2019-01-15,26,N2EXMIDP,0,0
2019-01-15,27,APXMIDP ,1059.25,58.67
2019-01-15,27,N2EXMIDP,0,0
2019-01-15,28,APXMIDP ,1119.25,58.54
2019-01-15,28,N2EXMIDP,0,0
2019-01-15,29,APXMIDP ,1348.65,58.21
2019-01-15,29,N2EXMIDP,0,0
2019-01-15,30,APXMIDP ,1417.25,57.76
2019-01-15,30,N2EXMIDP,0,0
2019-01-15,31,APXMIDP ,695.55,64.69
2019-01-15,31,N2EXMIDP,0,0
2019-01-15,32,APXMIDP ,852.1,64.47
2019-01-15,32,N2EXMIDP,0,0
2019-01-15,33,APXMIDP ,946.5,63.58
2019-01-15,33,N2EXMIDP,0,0
2019-01-15,34,APXMIDP ,1072.1,71.29
2019-01-15,34,N2EXMIDP,0,0
2019-01-15,35,APXMIDP ,1144.05,76.36
2019-01-15,35,N2EXMIDP,0,0
2019-01-15,36,APXMIDP ,1371.9,76.95
2019-01-15,36,N2EXMIDP,0,0
2019-01-15,37,APXMIDP ,1248.65,73.95
2019-01-15,37,N2EXMIDP,0,0
2019-01-15,38,APXMIDP ,1127,74.45
2019-01-15,38,N2EXMIDP,0,0
2019-01-15,39,APXMIDP ,1014.05,59.4
2019-01-15,39,N2EXMIDP,0,0
2019-01-15,40,APXMIDP ,947.45,60.65
2019-01-15,40,N2EXMIDP,0,0
2019-01-15,41,APXMIDP ,1043,59.77
2019-01-15,41,N2EXMIDP,0,0
2019-01-15,42,APXMIDP ,889.9,57.91
2019-01-15,42,N2EXMIDP,0,0
2019-01-15,43,APXMIDP ,971.95,56.72
2019-01-15,43,N2EXMIDP,0,0
2019-01-15,44,APXMIDP ,989.5,56.62
2019-01-15,44,N2EXMIDP,0,0
2019-01-15,45,APXMIDP ,1006.25,56.06
2019-01-15,45,N2EXMIDP,0,0
2019-01-15,46,APXMIDP ,1539.5,56.26
2019-01-15,46,N2EXMIDP,0,0
2019-01-15,47,APXMIDP ,166.5,55
2019-01-15,47,N2EXMIDP,0,0
2019-01-15,48,APXMIDP ,161,53.22
2019-01-15,48,N2EXMIDP,0,0
2019-01-16,1,APXMIDP ,143,48.87
2019-01-16,1,N2EXMIDP,0,0
2019-01-16,2,APXMIDP ,262,47.08
2019-01-16,2,N2EXMIDP,0,0
2019-01-16,3,APXMIDP ,307.5,45.09
2019-01-16,3,N2EXMIDP,0,0
2019-01-16,4,APXMIDP ,261.5,46.77
2019-01-16,4,N2EXMIDP,0,0
2019-01-16,5,APXMIDP ,326.5,46.21
2019-01-16,5,N2EXMIDP,0,0
2019-01-16,6,APXMIDP ,355.5,46.21
2019-01-16,6,N2EXMIDP,0,0
2019-01-16,7,APXMIDP ,508,51.55
2019-01-16,7,N2EXMIDP,0,0
2019-01-16,8,APXMIDP ,495,50.33
2019-01-16,8,N2EXMIDP,0,0
2019-01-16,9,APXMIDP ,508.25,50.58
2019-01-16,9,N2EXMIDP,0,0
2019-01-16,10,APXMIDP ,719,50.64
2019-01-16,10,N2EXMIDP,0,0
2019-01-16,11,APXMIDP ,287,51.43
2019-01-16,11,N2EXMIDP,0,0
2019-01-16,12,APXMIDP ,422.45,53.17
2019-01-16,12,N2EXMIDP,0,0
2019-01-16,13,APXMIDP ,419.3,61.09
2019-01-16,13,N2EXMIDP,0,0
2019-01-16,14,APXMIDP ,727.9,52.33
2019-01-16,14,N2EXMIDP,0,0
2019-01-16,15,APXMIDP ,266.25,53.65
2019-01-16,15,N2EXMIDP,0,0
2019-01-16,16,APXMIDP ,415.05,53.89
2019-01-16,16,N2EXMIDP,0,0
2019-01-16,17,APXMIDP ,603.85,52.68
2019-01-16,17,N2EXMIDP,0,0
2019-01-16,18,APXMIDP ,715,53.22
2019-01-16,18,N2EXMIDP,0,0
2019-01-16,19,APXMIDP ,280,54.41
2019-01-16,19,N2EXMIDP,0,0
2019-01-16,20,APXMIDP ,403.75,55.26
2019-01-16,20,N2EXMIDP,0,0
2019-01-16,21,APXMIDP ,547.6,56.15
2019-01-16,21,N2EXMIDP,0,0
2019-01-16,22,APXMIDP ,725.35,57.54
2019-01-16,22,N2EXMIDP,0,0
2019-01-16,23,APXMIDP ,367,58.47
2019-01-16,23,N2EXMIDP,0,0
2019-01-16,24,APXMIDP ,522,58.54
2019-01-16,24,N2EXMIDP,0,0
2019-01-16,25,APXMIDP ,625.8,58.87
2019-01-16,25,N2EXMIDP,0,0
2019-01-16,26,APXMIDP ,633.85,58.52
2019-01-16,26,N2EXMIDP,0,0
2019-01-16,27,APXMIDP ,636.35,57.38
2019-01-16,27,N2EXMIDP,0,0
2019-01-16,28,APXMIDP ,746,56.86
2019-01-16,28,N2EXMIDP,0,0
2019-01-16,29,APXMIDP ,956.75,57.28
2019-01-16,29,N2EXMIDP,0,0
2019-01-16,30,APXMIDP ,996.5,57.44
2019-01-16,30,N2EXMIDP,0,0
2019-01-16,31,APXMIDP ,975.6,60.97
2019-01-16,31,N2EXMIDP,0,0
2019-01-16,32,APXMIDP ,753.25,65.69
2019-01-16,32,N2EXMIDP,0,0
2019-01-16,33,APXMIDP ,1047.8,66.96
2019-01-16,33,N2EXMIDP,0,0
2019-01-16,34,APXMIDP ,1248.55,72.49
2019-01-16,34,N2EXMIDP,0,0
2019-01-16,35,APXMIDP ,910,75.23
2019-01-16,35,N2EXMIDP,0,0
2019-01-16,36,APXMIDP ,992.5,75.13
2019-01-16,36,N2EXMIDP,0,0
2019-01-16,37,APXMIDP ,1286.85,76.05
2019-01-16,37,N2EXMIDP,0,0
2019-01-16,38,APXMIDP ,1232.15,75.03
2019-01-16,38,N2EXMIDP,0,0
2019-01-16,39,APXMIDP ,745.35,68.62
2019-01-16,39,N2EXMIDP,0,0
2019-01-16,40,APXMIDP ,614.2,63.59
2019-01-16,40,N2EXMIDP,0,0
2019-01-16,41,APXMIDP ,707.5,61.6
2019-01-16,41,N2EXMIDP,0,0
2019-01-16,42,APXMIDP ,889.2,61.49
2019-01-16,42,N2EXMIDP,0,0
2019-01-16,43,APXMIDP ,1215.1,60.15
2019-01-16,43,N2EXMIDP,0,0
2019-01-16,44,APXMIDP ,1122,58
2019-01-16,44,N2EXMIDP,0,0
2019-01-16,45,APXMIDP ,2198.9,54.08
2019-01-16,45,N2EXMIDP,0,0
2019-01-16,46,APXMIDP ,2534.05,53.23
2019-01-16,46,N2EXMIDP,0,0
2019-01-16,47,APXMIDP ,342.1,50.74
2019-01-16,47,N2EXMIDP,0,0
2019-01-16,48,APXMIDP ,174.95,44.39
2019-01-16,48,N2EXMIDP,0,0
2019-01-17,1,APXMIDP ,331.4,46.52
2019-01-17,1,N2EXMIDP,0,0
2019-01-17,2,APXMIDP ,503,49.83
2019-01-17,2,N2EXMIDP,0,0
2019-01-17,3,APXMIDP ,559.5,47.94
2019-01-17,3,N2EXMIDP,0,0
2019-01-17,4,APXMIDP ,721.05,47.54
2019-01-17,4,N2EXMIDP,0,0
2019-01-17,5,APXMIDP ,655,47.87
2019-01-17,5,N2EXMIDP,0,0
2019-01-17,6,APXMIDP ,695.5,48.25
2019-01-17,6,N2EXMIDP,0,0
2019-01-17,7,APXMIDP ,292.75,48.22
2019-01-17,7,N2EXMIDP,0,0
2019-01-17,8,APXMIDP ,370.4,49.46
2019-01-17,8,N2EXMIDP,0,0
2019-01-17,9,APXMIDP ,322.65,48.34
2019-01-17,9,N2EXMIDP,0,0
2019-01-17,10,APXMIDP ,368.65,47.63
2019-01-17,10,N2EXMIDP,0,0
2019-01-17,11,APXMIDP ,688.55,49.82
2019-01-17,11,N2EXMIDP,0,0
2019-01-17,12,APXMIDP ,467.55,48.73
2019-01-17,12,N2EXMIDP,0,0
2019-01-17,13,APXMIDP ,1130.4,65.19
2019-01-17,13,N2EXMIDP,0,0
2019-01-17,14,APXMIDP ,738.75,53.59
2019-01-17,14,N2EXMIDP,0,0
2019-01-17,15,APXMIDP ,609.3,60.1
2019-01-17,15,N2EXMIDP,0,0
2019-01-17,16,APXMIDP ,633.15,59.12
2019-01-17,16,N2EXMIDP,0,0
2019-01-17,17,APXMIDP ,543.75,58.12
2019-01-17,17,N2EXMIDP,0,0
2019-01-17,18,APXMIDP ,483.95,60.19
2019-01-17,18,N2EXMIDP,0,0
2019-01-17,19,APXMIDP ,422.6,57.8
2019-01-17,19,N2EXMIDP,0,0
2019-01-17,20,APXMIDP ,551.65,57.32
2019-01-17,20,N2EXMIDP,0,0
2019-01-17,21,APXMIDP ,821.35,56.79
2019-01-17,21,N2EXMIDP,0,0
2019-01-17,22,APXMIDP ,851.65,56.9
2019-01-17,22,N2EXMIDP,0,0
2019-01-17,23,APXMIDP ,558,56.07
2019-01-17,23,N2EXMIDP,0,0
2019-01-17,24,APXMIDP ,733,54.09
2019-01-17,24,N2EXMIDP,0,0
2019-01-17,25,APXMIDP ,1119.1,52.34
2019-01-17,25,N2EXMIDP,0,0
2019-01-17,26,APXMIDP ,1220.1,52.85
2019-01-17,26,N2EXMIDP,0,0
2019-01-17,27,APXMIDP ,1088.7,52.97
2019-01-17,27,N2EXMIDP,0,0
2019-01-17,28,APXMIDP ,1146.35,52.76
2019-01-17,28,N2EXMIDP,0,0
2019-01-17,29,APXMIDP ,1636.5,51.95
2019-01-17,29,N2EXMIDP,0,0
2019-01-17,30,APXMIDP ,1494.1,52.25
2019-01-17,30,N2EXMIDP,0,0
2019-01-17,31,APXMIDP ,938.65,59.01
2019-01-17,31,N2EXMIDP,0,0
2019-01-17,32,APXMIDP ,1040.85,61.41
2019-01-17,32,N2EXMIDP,0,0
2019-01-17,33,APXMIDP ,1086.25,60.21
2019-01-17,33,N2EXMIDP,0,0
2019-01-17,34,APXMIDP ,1315.45,63.51
2019-01-17,34,N2EXMIDP,0,0
2019-01-17,35,APXMIDP ,1200.75,64.74
2019-01-17,35,N2EXMIDP,0,0
2019-01-17,36,APXMIDP ,1243.6,64.97
2019-01-17,36,N2EXMIDP,0,0
2019-01-17,37,APXMIDP ,1446.8,64.3
2019-01-17,37,N2EXMIDP,0,0
2019-01-17,38,APXMIDP ,1428.5,64.36
2019-01-17,38,N2EXMIDP,0,0
2019-01-17,39,APXMIDP ,666.85,61.79
2019-01-17,39,N2EXMIDP,0,0
2019-01-17,40,APXMIDP ,706,63.96
2019-01-17,40,N2EXMIDP,0,0
2019-01-17,41,APXMIDP ,784.75,62.37
2019-01-17,41,N2EXMIDP,0,0
2019-01-17,42,APXMIDP ,727.85,59.95
2019-01-17,42,N2EXMIDP,0,0
2019-01-17,43,APXMIDP ,1432.75,55.98
2019-01-17,43,N2EXMIDP,0,0
2019-01-17,44,APXMIDP ,1637.3,55.46
2019-01-17,44,N2EXMIDP,0,0
2019-01-17,45,APXMIDP ,1718.2,54.87
2019-01-17,45,N2EXMIDP,0,0
2019-01-17,46,APXMIDP ,2202.6,54.8
2019-01-17,46,N2EXMIDP,0,0
2019-01-17,47,APXMIDP ,465.1,57.97
2019-01-17,47,N2EXMIDP,0,0
2019-01-17,48,APXMIDP ,197.05,54.67
2019-01-17,48,N2EXMIDP,0,0
2019-01-18,1,APXMIDP ,191.15,49.94
2019-01-18,1,N2EXMIDP,0,0
2019-01-18,2,APXMIDP ,162.5,51.45
2019-01-18,2,N2EXMIDP,0,0
2019-01-18,3,APXMIDP ,157,51.24
2019-01-18,3,N2EXMIDP,0,0
2019-01-18,4,APXMIDP ,199.5,50.7
2019-01-18,4,N2EXMIDP,0,0
2019-01-18,5,APXMIDP ,185,51
2019-01-18,5,N2EXMIDP,0,0
2019-01-18,6,APXMIDP ,298.5,51.56
2019-01-18,6,N2EXMIDP,0,0
2019-01-18,7,APXMIDP ,332.75,51.31
2019-01-18,7,N2EXMIDP,0,0
2019-01-18,8,APXMIDP ,363.5,50.73
2019-01-18,8,N2EXMIDP,0,0
2019-01-18,9,APXMIDP ,323.95,50.82
2019-01-18,9,N2EXMIDP,0,0
2019-01-18,10,APXMIDP ,266.15,48.66
2019-01-18,10,N2EXMIDP,0,0
2019-01-18,11,APXMIDP ,339.8,53.56
2019-01-18,11,N2EXMIDP,0,0
2019-01-18,12,APXMIDP ,379.75,50.76
2019-01-18,12,N2EXMIDP,0,0
2019-01-18,13,APXMIDP ,626.9,62.39
2019-01-18,13,N2EXMIDP,0,0
2019-01-18,14,APXMIDP ,615.45,55.51
2019-01-18,14,N2EXMIDP,0,0
2019-01-18,15,APXMIDP ,416.85,51.73
2019-01-18,15,N2EXMIDP,0,0
2019-01-18,16,APXMIDP ,447.6,58.83
2019-01-18,16,N2EXMIDP,0,0
2019-01-18,17,APXMIDP ,450.25,56.14
2019-01-18,17,N2EXMIDP,0,0
2019-01-18,18,APXMIDP ,366.5,54.75
2019-01-18,18,N2EXMIDP,0,0
2019-01-18,19,APXMIDP ,408.25,60.37
2019-01-18,19,N2EXMIDP,0,0
2019-01-18,20,APXMIDP ,470.75,60.27
2019-01-18,20,N2EXMIDP,0,0
2019-01-18,21,APXMIDP ,665.25,59.08
2019-01-18,21,N2EXMIDP,0,0
2019-01-18,22,APXMIDP ,755.55,59.12
2019-01-18,22,N2EXMIDP,0,0
2019-01-18,23,APXMIDP ,381.5,59.82
2019-01-18,23,N2EXMIDP,0,0
2019-01-18,24,APXMIDP ,556.65,59.75
2019-01-18,24,N2EXMIDP,0,0
2019-01-18,25,APXMIDP ,680.95,58.9
2019-01-18,25,N2EXMIDP,0,0
2019-01-18,26,APXMIDP ,791.7,57.92
2019-01-18,26,N2EXMIDP,0,0
2019-01-18,27,APXMIDP ,770.45,57.12
2019-01-18,27,N2EXMIDP,0,0
2019-01-18,28,APXMIDP ,908.05,56.66
2019-01-18,28,N2EXMIDP,0,0
2019-01-18,29,APXMIDP ,885.85,57.33
2019-01-18,29,N2EXMIDP,0,0
2019-01-18,30,APXMIDP ,1072.7,56.94
2019-01-18,30,N2EXMIDP,0,0
2019-01-18,31,APXMIDP ,855.8,60.07
2019-01-18,31,N2EXMIDP,0,0
2019-01-18,32,APXMIDP ,1107.45,61.03
2019-01-18,32,N2EXMIDP,0,0
2019-01-18,33,APXMIDP ,1279.05,60.01
2019-01-18,33,N2EXMIDP,0,0
2019-01-18,34,APXMIDP ,1021.05,63.57
2019-01-18,34,N2EXMIDP,0,0
2019-01-18,35,APXMIDP ,1036.85,63.92
2019-01-18,35,N2EXMIDP,0,0
2019-01-18,36,APXMIDP ,1158.2,62.94
2019-01-18,36,N2EXMIDP,0,0
2019-01-18,37,APXMIDP ,1412.5,61.51
2019-01-18,37,N2EXMIDP,0,0
2019-01-18,38,APXMIDP ,1528.9,61.55
2019-01-18,38,N2EXMIDP,0,0
2019-01-18,39,APXMIDP ,1232.95,58.39
2019-01-18,39,N2EXMIDP,0,0
2019-01-18,40,APXMIDP ,1180.3,59.49
2019-01-18,40,N2EXMIDP,0,0
2019-01-18,41,APXMIDP ,1163.3,58.61
2019-01-18,41,N2EXMIDP,0,0
2019-01-18,42,APXMIDP ,1477.25,58.25
2019-01-18,42,N2EXMIDP,0,0
2019-01-18,43,APXMIDP ,1223.2,58.59
2019-01-18,43,N2EXMIDP,0,0
2019-01-18,44,APXMIDP ,1243.7,58.58
2019-01-18,44,N2EXMIDP,0,0
2019-01-18,45,APXMIDP ,1411.6,58.2
2019-01-18,45,N2EXMIDP,0,0
2019-01-18,46,APXMIDP ,1702.9,57.96
2019-01-18,46,N2EXMIDP,0,0
2019-01-18,47,APXMIDP ,433.2,53.84
2019-01-18,47,N2EXMIDP,0,0
2019-01-18,48,APXMIDP ,221.75,56.87
2019-01-18,48,N2EXMIDP,0,0
2019-01-19,1,APXMIDP ,99.5,52.84
2019-01-19,1,N2EXMIDP,0,0
2019-01-19,2,APXMIDP ,196.65,55.22
2019-01-19,2,N2EXMIDP,0,0
2019-01-19,3,APXMIDP ,199.5,57.31
2019-01-19,3,N2EXMIDP,0,0
2019-01-19,4,APXMIDP ,291.75,59.76
2019-01-19,4,N2EXMIDP,0,0
2019-01-19,5,APXMIDP ,380.65,58.5
2019-01-19,5,N2EXMIDP,0,0
2019-01-19,6,APXMIDP ,309.25,57.75
2019-01-19,6,N2EXMIDP,0,0
2019-01-19,7,APXMIDP ,146.5,53.01
2019-01-19,7,N2EXMIDP,0,0
2019-01-19,8,APXMIDP ,146.5,53.01
2019-01-19,8,N2EXMIDP,0,0
2019-01-19,9,APXMIDP ,242.85,53.79
2019-01-19,9,N2EXMIDP,0,0
2019-01-19,10,APXMIDP ,268.2,54.14
2019-01-19,10,N2EXMIDP,0,0
2019-01-19,11,APXMIDP ,111.5,53.54
2019-01-19,11,N2EXMIDP,0,0
2019-01-19,12,APXMIDP ,111.5,53.54
2019-01-19,12,N2EXMIDP,0,0
2019-01-19,13,APXMIDP ,310.15,63.47
2019-01-19,13,N2EXMIDP,0,0
2019-01-19,14,APXMIDP ,352,60.15
2019-01-19,14,N2EXMIDP,0,0
2019-01-19,15,APXMIDP ,196,65.11
2019-01-19,15,N2EXMIDP,0,0
2019-01-19,16,APXMIDP ,281.9,64
2019-01-19,16,N2EXMIDP,0,0
2019-01-19,17,APXMIDP ,831,61.81
2019-01-19,17,N2EXMIDP,0,0
2019-01-19,18,APXMIDP ,653.4,61.98
2019-01-19,18,N2EXMIDP,0,0
2019-01-19,19,APXMIDP ,368.85,61.75
2019-01-19,19,N2EXMIDP,0,0
2019-01-19,20,APXMIDP ,348.5,62.01
2019-01-19,20,N2EXMIDP,0,0
2019-01-19,21,APXMIDP ,376.2,62.02
2019-01-19,21,N2EXMIDP,0,0
2019-01-19,22,APXMIDP ,531.4,59.92
2019-01-19,22,N2EXMIDP,0,0
2019-01-19,23,APXMIDP ,348.5,66.26
2019-01-19,23,N2EXMIDP,0,0
2019-01-19,24,APXMIDP ,373.5,65.96
2019-01-19,24,N2EXMIDP,0,0
2019-01-19,25,APXMIDP ,654.7,65.36
2019-01-19,25,N2EXMIDP,0,0
2019-01-19,26,APXMIDP ,707.8,65
2019-01-19,26,N2EXMIDP,0,0
2019-01-19,27,APXMIDP ,494.4,65.45
2019-01-19,27,N2EXMIDP,0,0
2019-01-19,28,APXMIDP ,518.35,67.16
2019-01-19,28,N2EXMIDP,0,0
2019-01-19,29,APXMIDP ,445.55,65.38
2019-01-19,29,N2EXMIDP,0,0
2019-01-19,30,APXMIDP ,568.6,66.12
2019-01-19,30,N2EXMIDP,0,0
2019-01-19,31,APXMIDP ,577.5,76.36
2019-01-19,31,N2EXMIDP,0,0
2019-01-19,32,APXMIDP ,647.2,82.07
2019-01-19,32,N2EXMIDP,0,0
2019-01-19,33,APXMIDP ,943.4,82
2019-01-19,33,N2EXMIDP,0,0
2019-01-19,34,APXMIDP ,972.55,88.15
2019-01-19,34,N2EXMIDP,0,0
2019-01-19,35,APXMIDP ,745.55,93.28
2019-01-19,35,N2EXMIDP,0,0
2019-01-19,36,APXMIDP ,768.45,92.66
2019-01-19,36,N2EXMIDP,0,0
2019-01-19,37,APXMIDP ,769,91.56
2019-01-19,37,N2EXMIDP,0,0
2019-01-19,38,APXMIDP ,728.35,89.45
2019-01-19,38,N2EXMIDP,0,0
2019-01-19,39,APXMIDP ,54,74.14
2019-01-19,39,N2EXMIDP,0,0
2019-01-19,40,APXMIDP ,510.2,73.15
2019-01-19,40,N2EXMIDP,0,0
2019-01-19,41,APXMIDP ,468.8,70.77
2019-01-19,41,N2EXMIDP,0,0
2019-01-19,42,APXMIDP ,345.35,66.98
2019-01-19,42,N2EXMIDP,0,0
2019-01-19,43,APXMIDP ,348.7,62.03
2019-01-19,43,N2EXMIDP,0,0
2019-01-19,44,APXMIDP ,330,61.46
2019-01-19,44,N2EXMIDP,0,0
2019-01-19,45,APXMIDP ,546.9,58.47
2019-01-19,45,N2EXMIDP,0,0
2019-01-19,46,APXMIDP ,510.1,60.13
2019-01-19,46,N2EXMIDP,0,0
2019-01-19,47,APXMIDP ,252.55,64.28
2019-01-19,47,N2EXMIDP,0,0
2019-01-19,48,APXMIDP ,336.15,62.71
2019-01-19,48,N2EXMIDP,0,0
2019-01-20,1,APXMIDP ,344.6,61.83
2019-01-20,1,N2EXMIDP,0,0
2019-01-20,2,APXMIDP ,495.85,63.12
2019-01-20,2,N2EXMIDP,0,0
2019-01-20,3,APXMIDP ,181.05,59.59
2019-01-20,3,N2EXMIDP,0,0
2019-01-20,4,APXMIDP ,88.35,58.75
2019-01-20,4,N2EXMIDP,0,0
2019-01-20,5,APXMIDP ,74,60.12
2019-01-20,5,N2EXMIDP,0,0
2019-01-20,6,APXMIDP ,94.75,61.03
2019-01-20,6,N2EXMIDP,0,0
2019-01-20,7,APXMIDP ,102.55,58.49
2019-01-20,7,N2EXMIDP,0,0
2019-01-20,8,APXMIDP ,154.5,56.04
2019-01-20,8,N2EXMIDP,0,0
2019-01-20,9,APXMIDP ,117,57.28
2019-01-20,9,N2EXMIDP,0,0
2019-01-20,10,APXMIDP ,239.7,58.38
2019-01-20,10,N2EXMIDP,0,0
2019-01-20,11,APXMIDP ,266.3,60.73
2019-01-20,11,N2EXMIDP,0,0
2019-01-20,12,APXMIDP ,290,59.48
2019-01-20,12,N2EXMIDP,0,0
2019-01-20,13,APXMIDP ,370,58.9
2019-01-20,13,N2EXMIDP,0,0
2019-01-20,14,APXMIDP ,607.9,58.36
2019-01-20,14,N2EXMIDP,0,0
2019-01-20,15,APXMIDP ,883.4,55.34
2019-01-20,15,N2EXMIDP,0,0
2019-01-20,16,APXMIDP ,1009.75,56.27
2019-01-20,16,N2EXMIDP,0,0
2019-01-20,17,APXMIDP ,647.1,57.76
2019-01-20,17,N2EXMIDP,0,0
2019-01-20,18,APXMIDP ,691.25,59.4
2019-01-20,18,N2EXMIDP,0,0
2019-01-20,19,APXMIDP ,167,60.68
2019-01-20,19,N2EXMIDP,0,0
2019-01-20,20,APXMIDP ,241,60.9
2019-01-20,20,N2EXMIDP,0,0
2019-01-20,21,APXMIDP ,442.75,61.12
2019-01-20,21,N2EXMIDP,0,0
2019-01-20,22,APXMIDP ,320.35,60.22
2019-01-20,22,N2EXMIDP,0,0
2019-01-20,23,APXMIDP ,276.9,57.17
2019-01-20,23,N2EXMIDP,0,0
2019-01-20,24,APXMIDP ,472.55,54.04
2019-01-20,24,N2EXMIDP,0,0
2019-01-20,25,APXMIDP ,572.5,53.43
2019-01-20,25,N2EXMIDP,0,0
2019-01-20,26,APXMIDP ,537.9,53.51
2019-01-20,26,N2EXMIDP,0,0
2019-01-20,27,APXMIDP ,600.5,53.62
2019-01-20,27,N2EXMIDP,0,0
2019-01-20,28,APXMIDP ,623.65,53.01
2019-01-20,28,N2EXMIDP,0,0
2019-01-20,29,APXMIDP ,601.2,53.15
2019-01-20,29,N2EXMIDP,0,0
2019-01-20,30,APXMIDP ,640.8,53.04
2019-01-20,30,N2EXMIDP,0,0
2019-01-20,31,APXMIDP ,656.5,57.56
2019-01-20,31,N2EXMIDP,0,0
2019-01-20,32,APXMIDP ,665.2,58.47
2019-01-20,32,N2EXMIDP,0,0
2019-01-20,33,APXMIDP ,953.3,59.15
2019-01-20,33,N2EXMIDP,0,0
2019-01-20,34,APXMIDP ,691.55,68.65
2019-01-20,34,N2EXMIDP,0,0
2019-01-20,35,APXMIDP ,679.6,71.63
2019-01-20,35,N2EXMIDP,0,0
2019-01-20,36,APXMIDP ,747.75,71.75
2019-01-20,36,N2EXMIDP,0,0
2019-01-20,37,APXMIDP ,1123.2,74.42
2019-01-20,37,N2EXMIDP,0,0
2019-01-20,38,APXMIDP ,953.2,72.12
2019-01-20,38,N2EXMIDP,0,0
2019-01-20,39,APXMIDP ,548.45,67.61
2019-01-20,39,N2EXMIDP,0,0
2019-01-20,40,APXMIDP ,512.95,65.83
2019-01-20,40,N2EXMIDP,0,0
2019-01-20,41,APXMIDP ,458.2,64.65
2019-01-20,41,N2EXMIDP,0,0
2019-01-20,42,APXMIDP ,465.45,65.1
2019-01-20,42,N2EXMIDP,0,0
2019-01-20,43,APXMIDP ,755.15,61.66
2019-01-20,43,N2EXMIDP,0,0
2019-01-20,44,APXMIDP ,462.7,63.83
2019-01-20,44,N2EXMIDP,0,0
2019-01-20,45,APXMIDP ,743.95,60.67
2019-01-20,45,N2EXMIDP,0,0
2019-01-20,46,APXMIDP ,750.05,60.29
2019-01-20,46,N2EXMIDP,0,0
2019-01-20,47,APXMIDP ,157.4,52.02
2019-01-20,47,N2EXMIDP,0,0
2019-01-20,48,APXMIDP ,247.95,51.72
2019-01-20,48,N2EXMIDP,0,0
2019-01-21,1,APXMIDP ,254.75,51.31
2019-01-21,1,N2EXMIDP,0,0
2019-01-21,2,APXMIDP ,135,52.52
2019-01-21,2,N2EXMIDP,0,0
2019-01-21,3,APXMIDP ,130.5,52.93
2019-01-21,3,N2EXMIDP,0,0
2019-01-21,4,APXMIDP ,125.5,52.85
2019-01-21,4,N2EXMIDP,0,0
2019-01-21,5,APXMIDP ,178,52.25
2019-01-21,5,N2EXMIDP,0,0
2019-01-21,6,APXMIDP ,181.1,52.89
2019-01-21,6,N2EXMIDP,0,0
2019-01-21,7,APXMIDP ,27,56.91
2019-01-21,7,N2EXMIDP,0,0
2019-01-21,8,APXMIDP ,53.5,56.09
2019-01-21,8,N2EXMIDP,0,0
2019-01-21,9,APXMIDP ,61.55,55.63
2019-01-21,9,N2EXMIDP,0,0
2019-01-21,10,APXMIDP ,62.05,55.57
2019-01-21,10,N2EXMIDP,0,0
2019-01-21,11,APXMIDP ,249.5,61.43
2019-01-21,11,N2EXMIDP,0,0
2019-01-21,12,APXMIDP ,287.6,59.26
2019-01-21,12,N2EXMIDP,0,0
2019-01-21,13,APXMIDP ,454.65,64.3
2019-01-21,13,N2EXMIDP,0,0
2019-01-21,14,APXMIDP ,903.3,60.16
2019-01-21,14,N2EXMIDP,0,0
2019-01-21,15,APXMIDP ,348.9,77.67
2019-01-21,15,N2EXMIDP,0,0
2019-01-21,16,APXMIDP ,672.55,83.86
2019-01-21,16,N2EXMIDP,0,0
2019-01-21,17,APXMIDP ,512.8,82.76
2019-01-21,17,N2EXMIDP,0,0
2019-01-21,18,APXMIDP ,650.8,80.12
2019-01-21,18,N2EXMIDP,0,0
2019-01-21,19,APXMIDP ,410.5,74.29
2019-01-21,19,N2EXMIDP,0,0
2019-01-21,20,APXMIDP ,567.3,70.48
2019-01-21,20,N2EXMIDP,0,0
2019-01-21,21,APXMIDP ,557.5,73.15
2019-01-21,21,N2EXMIDP,0,0
2019-01-21,22,APXMIDP ,720.25,70.67
2019-01-21,22,N2EXMIDP,0,0
2019-01-21,23,APXMIDP ,118.5,63.37
2019-01-21,23,N2EXMIDP,0,0
2019-01-21,24,APXMIDP ,285,64.41
2019-01-21,24,N2EXMIDP,0,0
2019-01-21,25,APXMIDP ,353,64.45
2019-01-21,25,N2EXMIDP,0,0
2019-01-21,26,APXMIDP ,416.4,63.06
2019-01-21,26,N2EXMIDP,0,0
2019-01-21,27,APXMIDP ,507.5,60.84
2019-01-21,27,N2EXMIDP,0,0
2019-01-21,28,APXMIDP ,774.45,57.66
2019-01-21,28,N2EXMIDP,0,0
2019-01-21,29,APXMIDP ,1123.8,55.59
2019-01-21,29,N2EXMIDP,0,0
2019-01-21,30,APXMIDP ,1326.65,56.23
2019-01-21,30,N2EXMIDP,0,0
2019-01-21,31,APXMIDP ,870,55.37
2019-01-21,31,N2EXMIDP,0,0
2019-01-21,32,APXMIDP ,1245.1,56.83
2019-01-21,32,N2EXMIDP,0,0
2019-01-21,33,APXMIDP ,1245.65,58.88
2019-01-21,33,N2EXMIDP,0,0
2019-01-21,34,APXMIDP ,1120.6,62.84
2019-01-21,34,N2EXMIDP,0,0
2019-01-21,35,APXMIDP ,1176.45,63.14
2019-01-21,35,N2EXMIDP,0,0
2019-01-21,36,APXMIDP ,1338.45,62.89
2019-01-21,36,N2EXMIDP,0,0
2019-01-21,37,APXMIDP ,1248.1,61.9
2019-01-21,37,N2EXMIDP,0,0
2019-01-21,38,APXMIDP ,1564.2,61.23
2019-01-21,38,N2EXMIDP,0,0
2019-01-21,39,APXMIDP ,1018.05,59.3
2019-01-21,39,N2EXMIDP,0,0
2019-01-21,40,APXMIDP ,930.95,61.12
2019-01-21,40,N2EXMIDP,0,0
2019-01-21,41,APXMIDP ,1009,59.81
2019-01-21,41,N2EXMIDP,0,0
2019-01-21,42,APXMIDP ,1081.9,60.07
2019-01-21,42,N2EXMIDP,0,0
2019-01-21,43,APXMIDP ,924.45,58.82
2019-01-21,43,N2EXMIDP,0,0
2019-01-21,44,APXMIDP ,868.6,57.04
2019-01-21,44,N2EXMIDP,0,0
2019-01-21,45,APXMIDP ,1446.5,55.26
2019-01-21,45,N2EXMIDP,0,0
2019-01-21,46,APXMIDP ,2012.1,54.54
2019-01-21,46,N2EXMIDP,0,0
2019-01-21,47,APXMIDP ,352.85,52.73
2019-01-21,47,N2EXMIDP,0,0
2019-01-21,48,APXMIDP ,392.85,52.16
2019-01-21,48,N2EXMIDP,0,0
2019-01-22,1,APXMIDP ,303.1,51.34
2019-01-22,1,N2EXMIDP,0,0
2019-01-22,2,APXMIDP ,115.75,54.47
2019-01-22,2,N2EXMIDP,0,0
2019-01-22,3,APXMIDP ,90,54.71
2019-01-22,3,N2EXMIDP,0,0
2019-01-22,4,APXMIDP ,123.5,54.04
2019-01-22,4,N2EXMIDP,0,0
2019-01-22,5,APXMIDP ,368,51.72
2019-01-22,5,N2EXMIDP,0,0
2019-01-22,6,APXMIDP ,354.4,51.91
2019-01-22,6,N2EXMIDP,0,0
2019-01-22,7,APXMIDP ,328,48.54
2019-01-22,7,N2EXMIDP,0,0
2019-01-22,8,APXMIDP ,437.55,48.89
2019-01-22,8,N2EXMIDP,0,0
2019-01-22,9,APXMIDP ,516.6,50.86
2019-01-22,9,N2EXMIDP,0,0
2019-01-22,10,APXMIDP ,561.2,51.44
2019-01-22,10,N2EXMIDP,0,0
2019-01-22,11,APXMIDP ,147.1,54.83
2019-01-22,11,N2EXMIDP,0,0
2019-01-22,12,APXMIDP ,364.6,54.32
2019-01-22,12,N2EXMIDP,0,0
2019-01-22,13,APXMIDP ,357.2,59.29
2019-01-22,13,N2EXMIDP,0,0
2019-01-22,14,APXMIDP ,1035.15,50.43
2019-01-22,14,N2EXMIDP,0,0
2019-01-22,15,APXMIDP ,292.1,57.69
2019-01-22,15,N2EXMIDP,0,0
2019-01-22,16,APXMIDP ,403.25,62.44
2019-01-22,16,N2EXMIDP,0,0
2019-01-22,17,APXMIDP ,427.8,59.62
2019-01-22,17,N2EXMIDP,0,0
2019-01-22,18,APXMIDP ,387,59.37
2019-01-22,18,N2EXMIDP,0,0
2019-01-22,19,APXMIDP ,410,61.91
2019-01-22,19,N2EXMIDP,0,0
2019-01-22,20,APXMIDP ,762.9,63.08
2019-01-22,20,N2EXMIDP,0,0
2019-01-22,21,APXMIDP ,783.05,62.92
2019-01-22,21,N2EXMIDP,0,0
2019-01-22,22,APXMIDP ,831.05,62.85
2019-01-22,22,N2EXMIDP,0,0
2019-01-22,23,APXMIDP ,493.5,64.42
2019-01-22,23,N2EXMIDP,0,0
2019-01-22,24,APXMIDP ,702.15,63.97
2019-01-22,24,N2EXMIDP,0,0
2019-01-22,25,APXMIDP ,866.55,64.2
2019-01-22,25,N2EXMIDP,0,0
2019-01-22,26,APXMIDP ,905.5,64.6
2019-01-22,26,N2EXMIDP,0,0
2019-01-22,27,APXMIDP ,909.65,69.69
2019-01-22,27,N2EXMIDP,0,0
2019-01-22,28,APXMIDP ,919,68.43
2019-01-22,28,N2EXMIDP,0,0
2019-01-22,29,APXMIDP ,993.95,69.31
2019-01-22,29,N2EXMIDP,0,0
2019-01-22,30,APXMIDP ,1158.75,70.26
2019-01-22,30,N2EXMIDP,0,0
2019-01-22,31,APXMIDP ,675.15,72.73
2019-01-22,31,N2EXMIDP,0,0
2019-01-22,32,APXMIDP ,809.2,75.63
2019-01-22,32,N2EXMIDP,0,0
2019-01-22,33,APXMIDP ,1000.65,72.57
2019-01-22,33,N2EXMIDP,0,0
2019-01-22,34,APXMIDP ,1197.95,76.44
2019-01-22,34,N2EXMIDP,0,0
2019-01-22,35,APXMIDP ,847.25,75.13
2019-01-22,35,N2EXMIDP,0,0
2019-01-22,36,APXMIDP ,1025.2,74.47
2019-01-22,36,N2EXMIDP,0,0
2019-01-22,37,APXMIDP ,1206.65,74.51
2019-01-22,37,N2EXMIDP,0,0
2019-01-22,38,APXMIDP ,1204.4,75.26
2019-01-22,38,N2EXMIDP,0,0
2019-01-22,39,APXMIDP ,581.4,72.1
2019-01-22,39,N2EXMIDP,0,0
2019-01-22,40,APXMIDP ,577,71.35
2019-01-22,40,N2EXMIDP,0,0
2019-01-22,41,APXMIDP ,651.75,70.73
2019-01-22,41,N2EXMIDP,0,0
2019-01-22,42,APXMIDP ,538.95,69.5
2019-01-22,42,N2EXMIDP,0,0
2019-01-22,43,APXMIDP ,658.3,62.62
2019-01-22,43,N2EXMIDP,0,0
2019-01-22,44,APXMIDP ,577.05,61.06
2019-01-22,44,N2EXMIDP,0,0
2019-01-22,45,APXMIDP ,829.8,60.04
2019-01-22,45,N2EXMIDP,0,0
2019-01-22,46,APXMIDP ,989.3,59.06
2019-01-22,46,N2EXMIDP,0,0
2019-01-22,47,APXMIDP ,148,55
2019-01-22,47,N2EXMIDP,0,0
2019-01-22,48,APXMIDP ,70.05,54.15
2019-01-22,48,N2EXMIDP,0,0
2019-01-23,1,APXMIDP ,264.8,55.62
2019-01-23,1,N2EXMIDP,0,0
2019-01-23,2,APXMIDP ,255.55,56.65
2019-01-23,2,N2EXMIDP,0,0
2019-01-23,3,APXMIDP ,317.8,59.43
2019-01-23,3,N2EXMIDP,0,0
2019-01-23,4,APXMIDP ,321,58.3
2019-01-23,4,N2EXMIDP,0,0
2019-01-23,5,APXMIDP ,416.25,59.11
2019-01-23,5,N2EXMIDP,0,0
2019-01-23,6,APXMIDP ,346.5,58.79
2019-01-23,6,N2EXMIDP,0,0
2019-01-23,7,APXMIDP ,461.5,59.76
2019-01-23,7,N2EXMIDP,0,0
2019-01-23,8,APXMIDP ,468.2,58.68
2019-01-23,8,N2EXMIDP,0,0
2019-01-23,9,APXMIDP ,488.45,58.36
2019-01-23,9,N2EXMIDP,0,0
2019-01-23,10,APXMIDP ,480.1,58.23
2019-01-23,10,N2EXMIDP,0,0
2019-01-23,11,APXMIDP ,565.15,62.33
2019-01-23,11,N2EXMIDP,0,0
2019-01-23,12,APXMIDP ,433,56.44
2019-01-23,12,N2EXMIDP,0,0
2019-01-23,13,APXMIDP ,212,68.67
2019-01-23,13,N2EXMIDP,0,0
2019-01-23,14,APXMIDP ,903.5,54.53
2019-01-23,14,N2EXMIDP,0,0
2019-01-23,15,APXMIDP ,58.15,82.3
2019-01-23,15,N2EXMIDP,0,0
2019-01-23,16,APXMIDP ,189.75,98.06
2019-01-23,16,N2EXMIDP,0,0
2019-01-23,17,APXMIDP ,370,96.58
2019-01-23,17,N2EXMIDP,0,0
2019-01-23,18,APXMIDP ,519.2,99.84
2019-01-23,18,N2EXMIDP,0,0
2019-01-23,19,APXMIDP ,513.45,96.23
2019-01-23,19,N2EXMIDP,0,0
2019-01-23,20,APXMIDP ,542.9,93.85
2019-01-23,20,N2EXMIDP,0,0
2019-01-23,21,APXMIDP ,637.15,88.71
2019-01-23,21,N2EXMIDP,0,0
2019-01-23,22,APXMIDP ,637.85,86.4
2019-01-23,22,N2EXMIDP,0,0
2019-01-23,23,APXMIDP ,468.15,79.54
2019-01-23,23,N2EXMIDP,0,0
2019-01-23,24,APXMIDP ,586.65,83.75
2019-01-23,24,N2EXMIDP,0,0
2019-01-23,25,APXMIDP ,736.05,86.35
2019-01-23,25,N2EXMIDP,0,0
2019-01-23,26,APXMIDP ,967.6,87.61
2019-01-23,26,N2EXMIDP,0,0
2019-01-23,27,APXMIDP ,853.05,88.58
2019-01-23,27,N2EXMIDP,0,0
2019-01-23,28,APXMIDP ,1164,102.76
2019-01-23,28,N2EXMIDP,0,0
2019-01-23,29,APXMIDP ,1350.3,120.73
2019-01-23,29,N2EXMIDP,0,0
2019-01-23,30,APXMIDP ,1562.45,126.55
2019-01-23,30,N2EXMIDP,0,0
2019-01-23,31,APXMIDP ,940.85,143.97
2019-01-23,31,N2EXMIDP,0,0
2019-01-23,32,APXMIDP ,1184.85,152
2019-01-23,32,N2EXMIDP,0,0
2019-01-23,33,APXMIDP ,1035.05,140.66
2019-01-23,33,N2EXMIDP,0,0
2019-01-23,34,APXMIDP ,1287.7,141.3
2019-01-23,34,N2EXMIDP,0,0
2019-01-23,35,APXMIDP ,1165.75,133.75
2019-01-23,35,N2EXMIDP,0,0
2019-01-23,36,APXMIDP ,1282,129.46
2019-01-23,36,N2EXMIDP,0,0
2019-01-23,37,APXMIDP ,1300.75,127.92
2019-01-23,37,N2EXMIDP,0,0
2019-01-23,38,APXMIDP ,1434.6,122.81
2019-01-23,38,N2EXMIDP,0,0
2019-01-23,39,APXMIDP ,562.85,80.77
2019-01-23,39,N2EXMIDP,0,0
2019-01-23,40,APXMIDP ,442.3,77.68
2019-01-23,40,N2EXMIDP,0,0
2019-01-23,41,APXMIDP ,506.7,79.55
2019-01-23,41,N2EXMIDP,0,0
2019-01-23,42,APXMIDP ,254,71.76
2019-01-23,42,N2EXMIDP,0,0
2019-01-23,43,APXMIDP ,300.25,66.45
2019-01-23,43,N2EXMIDP,0,0
2019-01-23,44,APXMIDP ,375.6,65.6
2019-01-23,44,N2EXMIDP,0,0
2019-01-23,45,APXMIDP ,303.15,66.59
2019-01-23,45,N2EXMIDP,0,0
2019-01-23,46,APXMIDP ,578.15,60.3
2019-01-23,46,N2EXMIDP,0,0
2019-01-23,47,APXMIDP ,332,59.28
2019-01-23,47,N2EXMIDP,0,0
2019-01-23,48,APXMIDP ,138.95,60
2019-01-23,48,N2EXMIDP,0,0
2019-01-24,1,APXMIDP ,142.6,59.86
2019-01-24,1,N2EXMIDP,0,0
2019-01-24,2,APXMIDP ,40,59.5
2019-01-24,2,N2EXMIDP,0,0
2019-01-24,3,APXMIDP ,88.75,58.51
2019-01-24,3,N2EXMIDP,0,0
2019-01-24,4,APXMIDP ,105,56.75
2019-01-24,4,N2EXMIDP,0,0
2019-01-24,5,APXMIDP ,117.75,57.08
2019-01-24,5,N2EXMIDP,0,0
2019-01-24,6,APXMIDP ,107.4,52.86
2019-01-24,6,N2EXMIDP,0,0
2019-01-24,7,APXMIDP ,143,52.2
2019-01-24,7,N2EXMIDP,0,0
2019-01-24,8,APXMIDP ,96.5,51.22
2019-01-24,8,N2EXMIDP,0,0
2019-01-24,9,APXMIDP ,203.75,52.12
2019-01-24,9,N2EXMIDP,0,0
2019-01-24,10,APXMIDP ,271.15,52.64
2019-01-24,10,N2EXMIDP,0,0
2019-01-24,11,APXMIDP ,347.25,59.93
2019-01-24,11,N2EXMIDP,0,0
2019-01-24,12,APXMIDP ,308.5,57.06
2019-01-24,12,N2EXMIDP,0,0
2019-01-24,13,APXMIDP ,267,71.32
2019-01-24,13,N2EXMIDP,0,0
2019-01-24,14,APXMIDP ,781.5,66.85
2019-01-24,14,N2EXMIDP,0,0
2019-01-24,15,APXMIDP ,413.25,94.07
2019-01-24,15,N2EXMIDP,0,0
2019-01-24,16,APXMIDP ,440.75,111.12
2019-01-24,16,N2EXMIDP,0,0
2019-01-24,17,APXMIDP ,441.75,112.84
2019-01-24,17,N2EXMIDP,0,0
2019-01-24,18,APXMIDP ,580.2,120.25
2019-01-24,18,N2EXMIDP,0,0
2019-01-24,19,APXMIDP ,855.95,119.68
2019-01-24,19,N2EXMIDP,0,0
2019-01-24,20,APXMIDP ,798.95,117.75
2019-01-24,20,N2EXMIDP,0,0
2019-01-24,21,APXMIDP ,1114.95,116.75
2019-01-24,21,N2EXMIDP,0,0
2019-01-24,22,APXMIDP ,1111.05,116.01
2019-01-24,22,N2EXMIDP,0,0
2019-01-24,23,APXMIDP ,643.9,103.49
2019-01-24,23,N2EXMIDP,0,0
2019-01-24,24,APXMIDP ,856.9,108.31
2019-01-24,24,N2EXMIDP,0,0
2019-01-24,25,APXMIDP ,1072.65,111.6
2019-01-24,25,N2EXMIDP,0,0
2019-01-24,26,APXMIDP ,1089.95,111.77
2019-01-24,26,N2EXMIDP,0,0
2019-01-24,27,APXMIDP ,1064.4,117.61
2019-01-24,27,N2EXMIDP,0,0
2019-01-24,28,APXMIDP ,1149.15,117.1
2019-01-24,28,N2EXMIDP,0,0
2019-01-24,29,APXMIDP ,1163.3,117.31
2019-01-24,29,N2EXMIDP,0,0
2019-01-24,30,APXMIDP ,1208.85,116.56
2019-01-24,30,N2EXMIDP,0,0
2019-01-24,31,APXMIDP ,844.4,120.02
2019-01-24,31,N2EXMIDP,0,0
2019-01-24,32,APXMIDP ,875.5,121.22
2019-01-24,32,N2EXMIDP,0,0
2019-01-24,33,APXMIDP ,841.7,110.41
2019-01-24,33,N2EXMIDP,0,0
2019-01-24,34,APXMIDP ,1031.25,106.46
2019-01-24,34,N2EXMIDP,0,0
2019-01-24,35,APXMIDP ,1234.25,108.8
2019-01-24,35,N2EXMIDP,0,0
2019-01-24,36,APXMIDP ,1380.1,106.83
2019-01-24,36,N2EXMIDP,0,0
2019-01-24,37,APXMIDP ,1446.7,105.12
2019-01-24,37,N2EXMIDP,0,0
2019-01-24,38,APXMIDP ,1528.1,103.98
2019-01-24,38,N2EXMIDP,0,0
2019-01-24,39,APXMIDP ,551.75,75.27
2019-01-24,39,N2EXMIDP,0,0
2019-01-24,40,APXMIDP ,546.45,70.85
2019-01-24,40,N2EXMIDP,0,0
2019-01-24,41,APXMIDP ,648.3,65.6
2019-01-24,41,N2EXMIDP,0,0
2019-01-24,42,APXMIDP ,849.1,63.4
2019-01-24,42,N2EXMIDP,0,0
2019-01-24,43,APXMIDP ,657.6,63.39
2019-01-24,43,N2EXMIDP,0,0
2019-01-24,44,APXMIDP ,1172.1,60.29
2019-01-24,44,N2EXMIDP,0,0
2019-01-24,45,APXMIDP ,783.55,62.24
2019-01-24,45,N2EXMIDP,0,0
2019-01-24,46,APXMIDP ,902.75,62.29
2019-01-24,46,N2EXMIDP,0,0
2019-01-24,47,APXMIDP ,186.9,55.34
2019-01-24,47,N2EXMIDP,0,0
2019-01-24,48,APXMIDP ,66.5,55.57
2019-01-24,48,N2EXMIDP,0,0
2019-01-25,1,APXMIDP ,153,55.42
2019-01-25,1,N2EXMIDP,0,0
2019-01-25,2,APXMIDP ,401,54.43
2019-01-25,2,N2EXMIDP,0,0
2019-01-25,3,APXMIDP ,172.4,54.07
2019-01-25,3,N2EXMIDP,0,0
2019-01-25,4,APXMIDP ,288.5,53.99
2019-01-25,4,N2EXMIDP,0,0
2019-01-25,5,APXMIDP ,339.35,47.69
2019-01-25,5,N2EXMIDP,0,0
2019-01-25,6,APXMIDP ,527.8,46.13
2019-01-25,6,N2EXMIDP,0,0
2019-01-25,7,APXMIDP ,359.7,46.52
2019-01-25,7,N2EXMIDP,0,0
2019-01-25,8,APXMIDP ,408.15,47.49
2019-01-25,8,N2EXMIDP,0,0
2019-01-25,9,APXMIDP ,544.75,48.15
2019-01-25,9,N2EXMIDP,0,0
2019-01-25,10,APXMIDP ,415.2,47.38
2019-01-25,10,N2EXMIDP,0,0
2019-01-25,11,APXMIDP ,404.25,51.51
2019-01-25,11,N2EXMIDP,0,0
2019-01-25,12,APXMIDP ,273.6,49.16
2019-01-25,12,N2EXMIDP,0,0
2019-01-25,13,APXMIDP ,515.75,51.82
2019-01-25,13,N2EXMIDP,0,0
2019-01-25,14,APXMIDP ,823.9,50.17
2019-01-25,14,N2EXMIDP,0,0
2019-01-25,15,APXMIDP ,510.1,57.88
2019-01-25,15,N2EXMIDP,0,0
2019-01-25,16,APXMIDP ,606.65,61.78
2019-01-25,16,N2EXMIDP,0,0
2019-01-25,17,APXMIDP ,680.6,63.68
2019-01-25,17,N2EXMIDP,0,0
2019-01-25,18,APXMIDP ,811.85,64.85
2019-01-25,18,N2EXMIDP,0,0
2019-01-25,19,APXMIDP ,735.35,65.27
2019-01-25,19,N2EXMIDP,0,0
2019-01-25,20,APXMIDP ,963.85,62.89
2019-01-25,20,N2EXMIDP,0,0
2019-01-25,21,APXMIDP ,799.55,62.9
2019-01-25,21,N2EXMIDP,0,0
2019-01-25,22,APXMIDP ,1231.1,59.39
2019-01-25,22,N2EXMIDP,0,0
2019-01-25,23,APXMIDP ,1110.75,53.6
2019-01-25,23,N2EXMIDP,0,0
2019-01-25,24,APXMIDP ,1248.1,53.44
2019-01-25,24,N2EXMIDP,0,0
2019-01-25,25,APXMIDP ,1193.05,53.59
2019-01-25,25,N2EXMIDP,0,0
2019-01-25,26,APXMIDP ,1214.5,53.57
2019-01-25,26,N2EXMIDP,0,0
2019-01-25,27,APXMIDP ,963.4,52.01
2019-01-25,27,N2EXMIDP,0,0
2019-01-25,28,APXMIDP ,1025.35,51.47
2019-01-25,28,N2EXMIDP,0,0
2019-01-25,29,APXMIDP ,993.65,51.49
2019-01-25,29,N2EXMIDP,0,0
2019-01-25,30,APXMIDP ,1080.95,51.06
2019-01-25,30,N2EXMIDP,0,0
2019-01-25,31,APXMIDP ,936.2,56.86
2019-01-25,31,N2EXMIDP,0,0
2019-01-25,32,APXMIDP ,796.9,58.42
2019-01-25,32,N2EXMIDP,0,0
2019-01-25,33,APXMIDP ,1086.15,57.04
2019-01-25,33,N2EXMIDP,0,0
2019-01-25,34,APXMIDP ,1062.65,58.74
2019-01-25,34,N2EXMIDP,0,0
2019-01-25,35,APXMIDP ,1183.1,57.75
2019-01-25,35,N2EXMIDP,0,0
2019-01-25,36,APXMIDP ,1208.8,57.73
2019-01-25,36,N2EXMIDP,0,0
2019-01-25,37,APXMIDP ,1335.4,57.58
2019-01-25,37,N2EXMIDP,0,0
2019-01-25,38,APXMIDP ,1312.45,57.37
2019-01-25,38,N2EXMIDP,0,0
2019-01-25,39,APXMIDP ,1246.6,55.54
2019-01-25,39,N2EXMIDP,0,0
2019-01-25,40,APXMIDP ,1354.4,56.5
2019-01-25,40,N2EXMIDP,0,0
2019-01-25,41,APXMIDP ,1433.25,55.11
2019-01-25,41,N2EXMIDP,0,0
2019-01-25,42,APXMIDP ,1505.75,53.73
2019-01-25,42,N2EXMIDP,0,0
2019-01-25,43,APXMIDP ,1858.05,54.76
2019-01-25,43,N2EXMIDP,0,0
2019-01-25,44,APXMIDP ,2202,54.04
2019-01-25,44,N2EXMIDP,0,0
2019-01-25,45,APXMIDP ,2390.55,53.73
2019-01-25,45,N2EXMIDP,0,0
2019-01-25,46,APXMIDP ,2541.55,53.82
2019-01-25,46,N2EXMIDP,0,0
2019-01-25,47,APXMIDP ,335.15,52.17
2019-01-25,47,N2EXMIDP,0,0
2019-01-25,48,APXMIDP ,503.35,51.63
2019-01-25,48,N2EXMIDP,0,0
2019-01-26,1,APXMIDP ,530.55,49.12
2019-01-26,1,N2EXMIDP,0,0
2019-01-26,2,APXMIDP ,682.85,47.97
2019-01-26,2,N2EXMIDP,0,0
2019-01-26,3,APXMIDP ,775.15,46.01
2019-01-26,3,N2EXMIDP,0,0
2019-01-26,4,APXMIDP ,585.3,45.38
2019-01-26,4,N2EXMIDP,0,0
2019-01-26,5,APXMIDP ,766.85,44.83
2019-01-26,5,N2EXMIDP,0,0
2019-01-26,6,APXMIDP ,793,44.4
2019-01-26,6,N2EXMIDP,0,0
2019-01-26,7,APXMIDP ,436,44.43
2019-01-26,7,N2EXMIDP,0,0
2019-01-26,8,APXMIDP ,466.1,44.05
2019-01-26,8,N2EXMIDP,0,0
2019-01-26,9,APXMIDP ,563.45,43.96
2019-01-26,9,N2EXMIDP,0,0
2019-01-26,10,APXMIDP ,581.85,43.19
2019-01-26,10,N2EXMIDP,0,0
2019-01-26,11,APXMIDP ,548.2,43.18
2019-01-26,11,N2EXMIDP,0,0
2019-01-26,12,APXMIDP ,632.85,42.36
2019-01-26,12,N2EXMIDP,0,0
2019-01-26,13,APXMIDP ,729.2,44.31
2019-01-26,13,N2EXMIDP,0,0
2019-01-26,14,APXMIDP ,732.75,43.77
2019-01-26,14,N2EXMIDP,0,0
2019-01-26,15,APXMIDP ,833.45,50.57
2019-01-26,15,N2EXMIDP,0,0
2019-01-26,16,APXMIDP ,955.35,49.35
2019-01-26,16,N2EXMIDP,0,0
2019-01-26,17,APXMIDP ,949.05,53.25
2019-01-26,17,N2EXMIDP,0,0
2019-01-26,18,APXMIDP ,748.2,53.07
2019-01-26,18,N2EXMIDP,0,0
2019-01-26,19,APXMIDP ,562.5,54.58
2019-01-26,19,N2EXMIDP,0,0
2019-01-26,20,APXMIDP ,625,55.51
2019-01-26,20,N2EXMIDP,0,0
2019-01-26,21,APXMIDP ,677.45,55.46
2019-01-26,21,N2EXMIDP,0,0
2019-01-26,22,APXMIDP ,752.8,55.29
2019-01-26,22,N2EXMIDP,0,0
2019-01-26,23,APXMIDP ,670.75,56.33
2019-01-26,23,N2EXMIDP,0,0
2019-01-26,24,APXMIDP ,787.4,55.45
2019-01-26,24,N2EXMIDP,0,0
2019-01-26,25,APXMIDP ,926.95,54.58
2019-01-26,25,N2EXMIDP,0,0
2019-01-26,26,APXMIDP ,904.45,54.01
2019-01-26,26,N2EXMIDP,0,0
2019-01-26,27,APXMIDP ,716.8,53.8
2019-01-26,27,N2EXMIDP,0,0
2019-01-26,28,APXMIDP ,841.3,52.72
2019-01-26,28,N2EXMIDP,0,0
2019-01-26,29,APXMIDP ,823.3,52.89
2019-01-26,29,N2EXMIDP,0,0
2019-01-26,30,APXMIDP ,1114.05,51.09
2019-01-26,30,N2EXMIDP,0,0
2019-01-26,31,APXMIDP ,765.5,60.24
2019-01-26,31,N2EXMIDP,0,0
2019-01-26,32,APXMIDP ,1016.1,56.88
2019-01-26,32,N2EXMIDP,0,0
2019-01-26,33,APXMIDP ,1162.9,57.95
2019-01-26,33,N2EXMIDP,0,0
2019-01-26,34,APXMIDP ,1422.7,61.9
2019-01-26,34,N2EXMIDP,0,0
2019-01-26,35,APXMIDP ,1279.75,70.87
2019-01-26,35,N2EXMIDP,0,0
2019-01-26,36,APXMIDP ,1473.75,72.45
2019-01-26,36,N2EXMIDP,0,0
2019-01-26,37,APXMIDP ,1513.1,71.11
2019-01-26,37,N2EXMIDP,0,0
2019-01-26,38,APXMIDP ,1373.65,68.6
2019-01-26,38,N2EXMIDP,0,0
2019-01-26,39,APXMIDP ,980.4,56.97
2019-01-26,39,N2EXMIDP,0,0
2019-01-26,40,APXMIDP ,995.15,54.19
2019-01-26,40,N2EXMIDP,0,0
2019-01-26,41,APXMIDP ,978.45,53.54
2019-01-26,41,N2EXMIDP,0,0
2019-01-26,42,APXMIDP ,1391.6,52.2
2019-01-26,42,N2EXMIDP,0,0
2019-01-26,43,APXMIDP ,1220.6,51.16
2019-01-26,43,N2EXMIDP,0,0
2019-01-26,44,APXMIDP ,1469.7,52.7
2019-01-26,44,N2EXMIDP,0,0
2019-01-26,45,APXMIDP ,1436.75,51.93
2019-01-26,45,N2EXMIDP,0,0
2019-01-26,46,APXMIDP ,1678.25,52.02
2019-01-26,46,N2EXMIDP,0,0
2019-01-26,47,APXMIDP ,845.65,49.2
2019-01-26,47,N2EXMIDP,0,0
2019-01-26,48,APXMIDP ,473.05,46.98
2019-01-26,48,N2EXMIDP,0,0
2019-01-27,1,APXMIDP ,348.95,44.55
2019-01-27,1,N2EXMIDP,0,0
2019-01-27,2,APXMIDP ,476.35,40.54
2019-01-27,2,N2EXMIDP,0,0
2019-01-27,3,APXMIDP ,138.05,21.44
2019-01-27,3,N2EXMIDP,0,0
2019-01-27,4,APXMIDP ,30,23.84
2019-01-27,4,N2EXMIDP,0,0
2019-01-27,5,APXMIDP ,96,17.78
2019-01-27,5,N2EXMIDP,0,0
2019-01-27,6,APXMIDP ,131.5,15.68
2019-01-27,6,N2EXMIDP,0,0
2019-01-27,7,APXMIDP ,531.75,13.17
2019-01-27,7,N2EXMIDP,0,0
2019-01-27,8,APXMIDP ,566.75,11.88
2019-01-27,8,N2EXMIDP,0,0
2019-01-27,9,APXMIDP ,675.5,14
2019-01-27,9,N2EXMIDP,0,0
2019-01-27,10,APXMIDP ,686.5,14.4
2019-01-27,10,N2EXMIDP,0,0
2019-01-27,11,APXMIDP ,400.25,12.34
2019-01-27,11,N2EXMIDP,0,0
2019-01-27,12,APXMIDP ,464.3,14.54
2019-01-27,12,N2EXMIDP,0,0
2019-01-27,13,APXMIDP ,536.85,16.6
2019-01-27,13,N2EXMIDP,0,0
2019-01-27,14,APXMIDP ,453.75,18.31
2019-01-27,14,N2EXMIDP,0,0
2019-01-27,15,APXMIDP ,616.4,43.14
2019-01-27,15,N2EXMIDP,0,0
2019-01-27,16,APXMIDP ,807.4,44.82
2019-01-27,16,N2EXMIDP,0,0
2019-01-27,17,APXMIDP ,908.95,45.27
2019-01-27,17,N2EXMIDP,0,0
2019-01-27,18,APXMIDP ,980.1,44.98
2019-01-27,18,N2EXMIDP,0,0
2019-01-27,19,APXMIDP ,708.85,53.79
2019-01-27,19,N2EXMIDP,0,0
2019-01-27,20,APXMIDP ,877.35,55.58
2019-01-27,20,N2EXMIDP,0,0
2019-01-27,21,APXMIDP ,1097.85,56.5
2019-01-27,21,N2EXMIDP,0,0
2019-01-27,22,APXMIDP ,1100,56.43
2019-01-27,22,N2EXMIDP,0,0
2019-01-27,23,APXMIDP ,875.4,53.13
2019-01-27,23,N2EXMIDP,0,0
2019-01-27,24,APXMIDP ,1010.45,52.78
2019-01-27,24,N2EXMIDP,0,0
2019-01-27,25,APXMIDP ,1205.75,52.01
2019-01-27,25,N2EXMIDP,0,0
2019-01-27,26,APXMIDP ,1113.4,52.6
2019-01-27,26,N2EXMIDP,0,0
2019-01-27,27,APXMIDP ,1154.5,51.97
2019-01-27,27,N2EXMIDP,0,0
2019-01-27,28,APXMIDP ,1249.5,52.86
2019-01-27,28,N2EXMIDP,0,0
2019-01-27,29,APXMIDP ,1550,52.51
2019-01-27,29,N2EXMIDP,0,0
2019-01-27,30,APXMIDP ,1468,52.64
2019-01-27,30,N2EXMIDP,0,0
2019-01-27,31,APXMIDP ,931,53.72
2019-01-27,31,N2EXMIDP,0,0
2019-01-27,32,APXMIDP ,770.85,55.61
2019-01-27,32,N2EXMIDP,0,0
2019-01-27,33,APXMIDP ,816.5,57.69
2019-01-27,33,N2EXMIDP,0,0
2019-01-27,34,APXMIDP ,945.2,62.27
2019-01-27,34,N2EXMIDP,0,0
2019-01-27,35,APXMIDP ,1315,72.03
2019-01-27,35,N2EXMIDP,0,0
2019-01-27,36,APXMIDP ,1413.25,72.05
2019-01-27,36,N2EXMIDP,0,0
2019-01-27,37,APXMIDP ,1539.75,72.23
2019-01-27,37,N2EXMIDP,0,0
2019-01-27,38,APXMIDP ,1708.8,72.15
2019-01-27,38,N2EXMIDP,0,0
2019-01-27,39,APXMIDP ,660.05,63.79
2019-01-27,39,N2EXMIDP,0,0
2019-01-27,40,APXMIDP ,844.55,63.18
2019-01-27,40,N2EXMIDP,0,0
2019-01-27,41,APXMIDP ,679.2,58.84
2019-01-27,41,N2EXMIDP,0,0
2019-01-27,42,APXMIDP ,893.95,56.55
2019-01-27,42,N2EXMIDP,0,0
2019-01-27,43,APXMIDP ,913.5,52.95
2019-01-27,43,N2EXMIDP,0,0
2019-01-27,44,APXMIDP ,1022,53.32
2019-01-27,44,N2EXMIDP,0,0
2019-01-27,45,APXMIDP ,1344.9,52.94
2019-01-27,45,N2EXMIDP,0,0
2019-01-27,46,APXMIDP ,1487.6,54.24
2019-01-27,46,N2EXMIDP,0,0
2019-01-27,47,APXMIDP ,252.65,51.84
2019-01-27,47,N2EXMIDP,0,0
2019-01-27,48,APXMIDP ,428.5,50.01
2019-01-27,48,N2EXMIDP,0,0
2019-01-28,1,APXMIDP ,519,48.87
2019-01-28,1,N2EXMIDP,0,0
2019-01-28,2,APXMIDP ,497.3,49.29
2019-01-28,2,N2EXMIDP,0,0
2019-01-28,3,APXMIDP ,633.35,48.87
2019-01-28,3,N2EXMIDP,0,0
2019-01-28,4,APXMIDP ,641.35,49.05
2019-01-28,4,N2EXMIDP,0,0
2019-01-28,5,APXMIDP ,669.85,49.39
2019-01-28,5,N2EXMIDP,0,0
2019-01-28,6,APXMIDP ,720.9,49.69
2019-01-28,6,N2EXMIDP,0,0
2019-01-28,7,APXMIDP ,615.15,50.25
2019-01-28,7,N2EXMIDP,0,0
2019-01-28,8,APXMIDP ,502.65,49.49
2019-01-28,8,N2EXMIDP,0,0
2019-01-28,9,APXMIDP ,597.65,49.32
2019-01-28,9,N2EXMIDP,0,0
2019-01-28,10,APXMIDP ,575.85,49.3
2019-01-28,10,N2EXMIDP,0,0
2019-01-28,11,APXMIDP ,376.6,48.02
2019-01-28,11,N2EXMIDP,0,0
2019-01-28,12,APXMIDP ,335.5,48.49
2019-01-28,12,N2EXMIDP,0,0
2019-01-28,13,APXMIDP ,785.9,54.96
2019-01-28,13,N2EXMIDP,0,0
2019-01-28,14,APXMIDP ,1041.4,48.11
2019-01-28,14,N2EXMIDP,0,0
2019-01-28,15,APXMIDP ,902.9,55.4
2019-01-28,15,N2EXMIDP,0,0
2019-01-28,16,APXMIDP ,894.3,56.29
2019-01-28,16,N2EXMIDP,0,0
2019-01-28,17,APXMIDP ,1074.5,57.35
2019-01-28,17,N2EXMIDP,0,0
2019-01-28,18,APXMIDP ,1107.45,56.64
2019-01-28,18,N2EXMIDP,0,0
2019-01-28,19,APXMIDP ,901.4,58.3
2019-01-28,19,N2EXMIDP,0,0
2019-01-28,20,APXMIDP ,1153.65,58.81
2019-01-28,20,N2EXMIDP,0,0
2019-01-28,21,APXMIDP ,1189.05,58.26
2019-01-28,21,N2EXMIDP,0,0
2019-01-28,22,APXMIDP ,1441.9,57.07
2019-01-28,22,N2EXMIDP,0,0
2019-01-28,23,APXMIDP ,972,54.2
2019-01-28,23,N2EXMIDP,0,0
2019-01-28,24,APXMIDP ,1094,53.96
2019-01-28,24,N2EXMIDP,0,0
2019-01-28,25,APXMIDP ,1061.25,53.86
2019-01-28,25,N2EXMIDP,0,0
2019-01-28,26,APXMIDP ,1083.2,53.83
2019-01-28,26,N2EXMIDP,0,0
2019-01-28,27,APXMIDP ,1045.75,53.12
2019-01-28,27,N2EXMIDP,0,0
2019-01-28,28,APXMIDP ,1130.85,52.85
2019-01-28,28,N2EXMIDP,0,0
2019-01-28,29,APXMIDP ,991.1,53.32
2019-01-28,29,N2EXMIDP,0,0
2019-01-28,30,APXMIDP ,1025.85,53.13
2019-01-28,30,N2EXMIDP,0,0
2019-01-28,31,APXMIDP ,773.65,58.18
2019-01-28,31,N2EXMIDP,0,0
2019-01-28,32,APXMIDP ,839.7,62.8
2019-01-28,32,N2EXMIDP,0,0
2019-01-28,33,APXMIDP ,1301.7,65.34
2019-01-28,33,N2EXMIDP,0,0
2019-01-28,34,APXMIDP ,1667.1,72.55
2019-01-28,34,N2EXMIDP,0,0
2019-01-28,35,APXMIDP ,1485.6,78.69
2019-01-28,35,N2EXMIDP,0,0
2019-01-28,36,APXMIDP ,1941.2,78.16
2019-01-28,36,N2EXMIDP,0,0
2019-01-28,37,APXMIDP ,2125.95,75.78
2019-01-28,37,N2EXMIDP,0,0
2019-01-28,38,APXMIDP ,2388.2,76.2
2019-01-28,38,N2EXMIDP,0,0
2019-01-28,39,APXMIDP ,1126.6,71.26
2019-01-28,39,N2EXMIDP,0,0
2019-01-28,40,APXMIDP ,1247.6,69.43
2019-01-28,40,N2EXMIDP,0,0
2019-01-28,41,APXMIDP ,1396.5,71.43
2019-01-28,41,N2EXMIDP,0,0
2019-01-28,42,APXMIDP ,1487.85,67.8
2019-01-28,42,N2EXMIDP,0,0
2019-01-28,43,APXMIDP ,1132.55,59.8
2019-01-28,43,N2EXMIDP,0,0
2019-01-28,44,APXMIDP ,1081.6,59.39
2019-01-28,44,N2EXMIDP,0,0
2019-01-28,45,APXMIDP ,1387.1,57.5
2019-01-28,45,N2EXMIDP,0,0
2019-01-28,46,APXMIDP ,1709.85,55.97
2019-01-28,46,N2EXMIDP,0,0
2019-01-28,47,APXMIDP ,140,50.33
2019-01-28,47,N2EXMIDP,0,0
2019-01-28,48,APXMIDP ,219.4,48.8
2019-01-28,48,N2EXMIDP,0,0
2019-01-29,1,APXMIDP ,159.15,49.13
2019-01-29,1,N2EXMIDP,0,0
2019-01-29,2,APXMIDP ,242.95,50.73
2019-01-29,2,N2EXMIDP,0,0
2019-01-29,3,APXMIDP ,344.75,55.75
2019-01-29,3,N2EXMIDP,0,0
2019-01-29,4,APXMIDP ,345.4,55.01
2019-01-29,4,N2EXMIDP,0,0
2019-01-29,5,APXMIDP ,380.1,54.78
2019-01-29,5,N2EXMIDP,0,0
2019-01-29,6,APXMIDP ,361.05,54.61
2019-01-29,6,N2EXMIDP,0,0
2019-01-29,7,APXMIDP ,282,52.33
2019-01-29,7,N2EXMIDP,0,0
2019-01-29,8,APXMIDP ,324.5,52.98
2019-01-29,8,N2EXMIDP,0,0
2019-01-29,9,APXMIDP ,334,53.05
2019-01-29,9,N2EXMIDP,0,0
2019-01-29,10,APXMIDP ,371.25,52.68
2019-01-29,10,N2EXMIDP,0,0
2019-01-29,11,APXMIDP ,423.65,53.97
2019-01-29,11,N2EXMIDP,0,0
2019-01-29,12,APXMIDP ,272.4,52.08
2019-01-29,12,N2EXMIDP,0,0
2019-01-29,13,APXMIDP ,336.35,60.72
2019-01-29,13,N2EXMIDP,0,0
2019-01-29,14,APXMIDP ,793.65,51.43
2019-01-29,14,N2EXMIDP,0,0
2019-01-29,15,APXMIDP ,80.05,65.12
2019-01-29,15,N2EXMIDP,0,0
2019-01-29,16,APXMIDP ,306.5,64.87
2019-01-29,16,N2EXMIDP,0,0
2019-01-29,17,APXMIDP ,590,65.11
2019-01-29,17,N2EXMIDP,0,0
2019-01-29,18,APXMIDP ,683.25,65.76
2019-01-29,18,N2EXMIDP,0,0
2019-01-29,19,APXMIDP ,783.25,66.42
2019-01-29,19,N2EXMIDP,0,0
2019-01-29,20,APXMIDP ,966.8,65.51
2019-01-29,20,N2EXMIDP,0,0
2019-01-29,21,APXMIDP ,1035.75,65.2
2019-01-29,21,N2EXMIDP,0,0
2019-01-29,22,APXMIDP ,1255.1,65.32
2019-01-29,22,N2EXMIDP,0,0
2019-01-29,23,APXMIDP ,841.95,65.59
2019-01-29,23,N2EXMIDP,0,0
2019-01-29,24,APXMIDP ,773.25,62.13
2019-01-29,24,N2EXMIDP,0,0
2019-01-29,25,APXMIDP ,1230,61.6
2019-01-29,25,N2EXMIDP,0,0
2019-01-29,26,APXMIDP ,1227.5,60
2019-01-29,26,N2EXMIDP,0,0
2019-01-29,27,APXMIDP ,1090.3,55.68
2019-01-29,27,N2EXMIDP,0,0
2019-01-29,28,APXMIDP ,1343.35,54.97
2019-01-29,28,N2EXMIDP,0,0
2019-01-29,29,APXMIDP ,1747.1,54.01
2019-01-29,29,N2EXMIDP,0,0
2019-01-29,30,APXMIDP ,1733.35,53.99
2019-01-29,30,N2EXMIDP,0,0
2019-01-29,31,APXMIDP ,866.25,62.76
2019-01-29,31,N2EXMIDP,0,0
2019-01-29,32,APXMIDP ,970,64.37
2019-01-29,32,N2EXMIDP,0,0
2019-01-29,33,APXMIDP ,1635.05,63.36
2019-01-29,33,N2EXMIDP,0,0
2019-01-29,34,APXMIDP ,1552.35,64.48
2019-01-29,34,N2EXMIDP,0,0
2019-01-29,35,APXMIDP ,1459.55,64.06
2019-01-29,35,N2EXMIDP,0,0
2019-01-29,36,APXMIDP ,1632.15,64.33
2019-01-29,36,N2EXMIDP,0,0
2019-01-29,37,APXMIDP ,1854.85,64.89
2019-01-29,37,N2EXMIDP,0,0
2019-01-29,38,APXMIDP ,2004.45,63.14
2019-01-29,38,N2EXMIDP,0,0
2019-01-29,39,APXMIDP ,779.35,64.34
2019-01-29,39,N2EXMIDP,0,0
2019-01-29,40,APXMIDP ,711.45,63.45
2019-01-29,40,N2EXMIDP,0,0
2019-01-29,41,APXMIDP ,598.9,63.73
2019-01-29,41,N2EXMIDP,0,0
2019-01-29,42,APXMIDP ,686.75,58.38
2019-01-29,42,N2EXMIDP,0,0
2019-01-29,43,APXMIDP ,727.55,55.81
2019-01-29,43,N2EXMIDP,0,0
2019-01-29,44,APXMIDP ,970,55.1
2019-01-29,44,N2EXMIDP,0,0
2019-01-29,45,APXMIDP ,1394.85,52.36
2019-01-29,45,N2EXMIDP,0,0
2019-01-29,46,APXMIDP ,1864.25,51.34
2019-01-29,46,N2EXMIDP,0,0
2019-01-29,47,APXMIDP ,338.95,46.81
2019-01-29,47,N2EXMIDP,0,0
2019-01-29,48,APXMIDP ,128.35,47.82
2019-01-29,48,N2EXMIDP,0,0
2019-01-30,1,APXMIDP ,144.25,48.75
2019-01-30,1,N2EXMIDP,0,0
2019-01-30,2,APXMIDP ,90,48.46
2019-01-30,2,N2EXMIDP,0,0
2019-01-30,3,APXMIDP ,258,50.84
2019-01-30,3,N2EXMIDP,0,0
2019-01-30,4,APXMIDP ,290,51.4
2019-01-30,4,N2EXMIDP,0,0
2019-01-30,5,APXMIDP ,417.75,53.01
2019-01-30,5,N2EXMIDP,0,0
2019-01-30,6,APXMIDP ,407.55,52.26
2019-01-30,6,N2EXMIDP,0,0
2019-01-30,7,APXMIDP ,218,49.01
2019-01-30,7,N2EXMIDP,0,0
2019-01-30,8,APXMIDP ,233,49.01
2019-01-30,8,N2EXMIDP,0,0
2019-01-30,9,APXMIDP ,253.1,48.86
2019-01-30,9,N2EXMIDP,0,0
2019-01-30,10,APXMIDP ,286.6,48.41
2019-01-30,10,N2EXMIDP,0,0
2019-01-30,11,APXMIDP ,312.3,49.67
2019-01-30,11,N2EXMIDP,0,0
2019-01-30,12,APXMIDP ,205.5,50.09
2019-01-30,12,N2EXMIDP,0,0
2019-01-30,13,APXMIDP ,475.95,54.66
2019-01-30,13,N2EXMIDP,0,0
2019-01-30,14,APXMIDP ,912.75,49.69
2019-01-30,14,N2EXMIDP,0,0
2019-01-30,15,APXMIDP ,575.5,56.5
2019-01-30,15,N2EXMIDP,0,0
2019-01-30,16,APXMIDP ,368.5,57.51
2019-01-30,16,N2EXMIDP,0,0
2019-01-30,17,APXMIDP ,539.9,57.82
2019-01-30,17,N2EXMIDP,0,0
2019-01-30,18,APXMIDP ,513.25,57.74
2019-01-30,18,N2EXMIDP,0,0
2019-01-30,19,APXMIDP ,463,58.41
2019-01-30,19,N2EXMIDP,0,0
2019-01-30,20,APXMIDP ,725.6,57.44
2019-01-30,20,N2EXMIDP,0,0
2019-01-30,21,APXMIDP ,659.55,57.7
2019-01-30,21,N2EXMIDP,0,0
2019-01-30,22,APXMIDP ,808.45,57.29
2019-01-30,22,N2EXMIDP,0,0
2019-01-30,23,APXMIDP ,443,61.09
2019-01-30,23,N2EXMIDP,0,0
2019-01-30,24,APXMIDP ,577.5,61.21
2019-01-30,24,N2EXMIDP,0,0
2019-01-30,25,APXMIDP ,798.85,60.29
2019-01-30,25,N2EXMIDP,0,0
2019-01-30,26,APXMIDP ,1042.75,57.33
2019-01-30,26,N2EXMIDP,0,0
2019-01-30,27,APXMIDP ,1124.4,56.55
2019-01-30,27,N2EXMIDP,0,0
2019-01-30,28,APXMIDP ,1114.35,56.36
2019-01-30,28,N2EXMIDP,0,0
2019-01-30,29,APXMIDP ,1297.5,55.77
2019-01-30,29,N2EXMIDP,0,0
2019-01-30,30,APXMIDP ,1201.95,56.11
2019-01-30,30,N2EXMIDP,0,0
2019-01-30,31,APXMIDP ,672.65,67.76
2019-01-30,31,N2EXMIDP,0,0
2019-01-30,32,APXMIDP ,596.85,74.03
2019-01-30,32,N2EXMIDP,0,0
2019-01-30,33,APXMIDP ,1196.8,66.03
2019-01-30,33,N2EXMIDP,0,0
2019-01-30,34,APXMIDP ,1079.95,71.13
2019-01-30,34,N2EXMIDP,0,0
2019-01-30,35,APXMIDP ,1021.35,82.23
2019-01-30,35,N2EXMIDP,0,0
2019-01-30,36,APXMIDP ,1185.35,81.5
2019-01-30,36,N2EXMIDP,0,0
2019-01-30,37,APXMIDP ,1384.05,77.45
2019-01-30,37,N2EXMIDP,0,0
2019-01-30,38,APXMIDP ,1605.4,74.2
2019-01-30,38,N2EXMIDP,0,0
2019-01-30,39,APXMIDP ,789.6,68.66
2019-01-30,39,N2EXMIDP,0,0
2019-01-30,40,APXMIDP ,792.65,72.87
2019-01-30,40,N2EXMIDP,0,0
2019-01-30,41,APXMIDP ,571.2,72.05
2019-01-30,41,N2EXMIDP,0,0
2019-01-30,42,APXMIDP ,1261.85,70.95
2019-01-30,42,N2EXMIDP,0,0
2019-01-30,43,APXMIDP ,639.15,65.28
2019-01-30,43,N2EXMIDP,0,0
2019-01-30,44,APXMIDP ,542.25,63.44
2019-01-30,44,N2EXMIDP,0,0
2019-01-30,45,APXMIDP ,600.35,58.35
2019-01-30,45,N2EXMIDP,0,0
2019-01-30,46,APXMIDP ,1003.1,56.09
2019-01-30,46,N2EXMIDP,0,0
2019-01-30,47,APXMIDP ,43.5,52.76
2019-01-30,47,N2EXMIDP,0,0
2019-01-30,48,APXMIDP ,33.5,53.88
2019-01-30,48,N2EXMIDP,0,0
2019-01-31,1,APXMIDP ,46,52.61
2019-01-31,1,N2EXMIDP,0,0
2019-01-31,2,APXMIDP ,28.5,54.21
2019-01-31,2,N2EXMIDP,0,0
2019-01-31,3,APXMIDP ,217,52.96
2019-01-31,3,N2EXMIDP,0,0
2019-01-31,4,APXMIDP ,221,52.98
2019-01-31,4,N2EXMIDP,0,0
2019-01-31,5,APXMIDP ,221,52.98
2019-01-31,5,N2EXMIDP,0,0
2019-01-31,6,APXMIDP ,291.4,51.94
2019-01-31,6,N2EXMIDP,0,0
2019-01-31,7,APXMIDP ,461.5,49.99
2019-01-31,7,N2EXMIDP,0,0
2019-01-31,8,APXMIDP ,416.95,49.95
2019-01-31,8,N2EXMIDP,0,0
2019-01-31,9,APXMIDP ,427.05,49.52
2019-01-31,9,N2EXMIDP,0,0
2019-01-31,10,APXMIDP ,487.85,48.8
2019-01-31,10,N2EXMIDP,0,0
2019-01-31,11,APXMIDP ,459.3,54.03
2019-01-31,11,N2EXMIDP,0,0
2019-01-31,12,APXMIDP ,537.8,52.84
2019-01-31,12,N2EXMIDP,0,0
2019-01-31,13,APXMIDP ,533.9,58.03
2019-01-31,13,N2EXMIDP,0,0
2019-01-31,14,APXMIDP ,1152.2,51.57
2019-01-31,14,N2EXMIDP,0,0
2019-01-31,15,APXMIDP ,299.7,59.27
2019-01-31,15,N2EXMIDP,0,0
2019-01-31,16,APXMIDP ,459.15,65.51
2019-01-31,16,N2EXMIDP,0,0
2019-01-31,17,APXMIDP ,606.4,68.23
2019-01-31,17,N2EXMIDP,0,0
2019-01-31,18,APXMIDP ,497.1,66.66
2019-01-31,18,N2EXMIDP,0,0
2019-01-31,19,APXMIDP ,704.3,68.87
2019-01-31,19,N2EXMIDP,0,0
2019-01-31,20,APXMIDP ,472.45,65.54
2019-01-31,20,N2EXMIDP,0,0
2019-01-31,21,APXMIDP ,491.7,64.4
2019-01-31,21,N2EXMIDP,0,0
2019-01-31,22,APXMIDP ,674.55,63.62
2019-01-31,22,N2EXMIDP,0,0
2019-01-31,23,APXMIDP ,591.25,58.71
2019-01-31,23,N2EXMIDP,0,0
2019-01-31,24,APXMIDP ,761.75,59.47
2019-01-31,24,N2EXMIDP,0,0
2019-01-31,25,APXMIDP ,862.5,60.07
2019-01-31,25,N2EXMIDP,0,0
2019-01-31,26,APXMIDP ,927.5,59.81
2019-01-31,26,N2EXMIDP,0,0
2019-01-31,27,APXMIDP ,791.2,59.41
2019-01-31,27,N2EXMIDP,0,0
2019-01-31,28,APXMIDP ,1007.9,60.18
2019-01-31,28,N2EXMIDP,0,0
2019-01-31,29,APXMIDP ,1102.55,61.75
2019-01-31,29,N2EXMIDP,0,0
2019-01-31,30,APXMIDP ,1150.65,61.82
2019-01-31,30,N2EXMIDP,0,0
2019-01-31,31,APXMIDP ,768.25,63.77
2019-01-31,31,N2EXMIDP,0,0
2019-01-31,32,APXMIDP ,936.2,65.35
2019-01-31,32,N2EXMIDP,0,0
2019-01-31,33,APXMIDP ,898.8,65.79
2019-01-31,33,N2EXMIDP,0,0
2019-01-31,34,APXMIDP ,875.05,65.41
2019-01-31,34,N2EXMIDP,0,0
2019-01-31,35,APXMIDP ,1296.6,62.67
2019-01-31,35,N2EXMIDP,0,0
2019-01-31,36,APXMIDP ,1484.85,61.66
2019-01-31,36,N2EXMIDP,0,0
2019-01-31,37,APXMIDP ,1507.25,61.67
2019-01-31,37,N2EXMIDP,0,0
2019-01-31,38,APXMIDP ,1562.85,61.23
2019-01-31,38,N2EXMIDP,0,0
2019-01-31,39,APXMIDP ,1446.25,60.31
2019-01-31,39,N2EXMIDP,0,0
2019-01-31,40,APXMIDP ,1232.25,61.57
2019-01-31,40,N2EXMIDP,0,0
2019-01-31,41,APXMIDP ,1308.35,60.52
2019-01-31,41,N2EXMIDP,0,0
2019-01-31,42,APXMIDP ,1101.75,60.17
2019-01-31,42,N2EXMIDP,0,0
2019-01-31,43,APXMIDP ,1289.5,55.21
2019-01-31,43,N2EXMIDP,0,0
2019-01-31,44,APXMIDP ,1442.25,54.64
2019-01-31,44,N2EXMIDP,0,0
2019-01-31,45,APXMIDP ,1461.25,53.54
2019-01-31,45,N2EXMIDP,0,0
2019-01-31,46,APXMIDP ,1781.15,52.96
2019-01-31,46,N2EXMIDP,0,0
2019-01-31,47,APXMIDP ,360.5,46.6
2019-01-31,47,N2EXMIDP,0,0
2019-01-31,48,APXMIDP ,228.5,46.93
2019-01-31,48,N2EXMIDP,0,0
2019-02-01,1,APXMIDP ,271.5,47.53
2019-02-01,1,N2EXMIDP,0,0
2019-02-01,2,APXMIDP ,311,49.16
2019-02-01,2,N2EXMIDP,0,0
2019-02-01,3,APXMIDP ,336,50.1
2019-02-01,3,N2EXMIDP,0,0
2019-02-01,4,APXMIDP ,435.9,49.68
2019-02-01,4,N2EXMIDP,0,0
2019-02-01,5,APXMIDP ,383.25,50.12
2019-02-01,5,N2EXMIDP,0,0
2019-02-01,6,APXMIDP ,361,49.75
2019-02-01,6,N2EXMIDP,0,0
2019-02-01,7,APXMIDP ,251.5,49.41
2019-02-01,7,N2EXMIDP,0,0
2019-02-01,8,APXMIDP ,386.85,47.99
2019-02-01,8,N2EXMIDP,0,0
2019-02-01,9,APXMIDP ,397.05,47.63
2019-02-01,9,N2EXMIDP,0,0
2019-02-01,10,APXMIDP ,520.35,47.46
2019-02-01,10,N2EXMIDP,0,0
2019-02-01,11,APXMIDP ,303.5,47.57
2019-02-01,11,N2EXMIDP,0,0
2019-02-01,12,APXMIDP ,281.4,48.84
2019-02-01,12,N2EXMIDP,0,0
2019-02-01,13,APXMIDP ,481.1,55.93
2019-02-01,13,N2EXMIDP,0,0
2019-02-01,14,APXMIDP ,694.7,50.62
2019-02-01,14,N2EXMIDP,0,0
2019-02-01,15,APXMIDP ,209.95,60.62
2019-02-01,15,N2EXMIDP,0,0
2019-02-01,16,APXMIDP ,451,73.58
2019-02-01,16,N2EXMIDP,0,0
2019-02-01,17,APXMIDP ,554.5,72.84
2019-02-01,17,N2EXMIDP,0,0
2019-02-01,18,APXMIDP ,543.95,70.99
2019-02-01,18,N2EXMIDP,0,0
2019-02-01,19,APXMIDP ,638.25,68.84
2019-02-01,19,N2EXMIDP,0,0
2019-02-01,20,APXMIDP ,887.25,68.63
2019-02-01,20,N2EXMIDP,0,0
2019-02-01,21,APXMIDP ,1105.25,70.62
2019-02-01,21,N2EXMIDP,0,0
2019-02-01,22,APXMIDP ,1152.3,70.5
2019-02-01,22,N2EXMIDP,0,0
2019-02-01,23,APXMIDP ,799,73.28
2019-02-01,23,N2EXMIDP,0,0
2019-02-01,24,APXMIDP ,843,72.93
2019-02-01,24,N2EXMIDP,0,0
2019-02-01,25,APXMIDP ,972.2,73.97
2019-02-01,25,N2EXMIDP,0,0
2019-02-01,26,APXMIDP ,986.3,74.18
2019-02-01,26,N2EXMIDP,0,0
2019-02-01,27,APXMIDP ,1109.45,73.9
2019-02-01,27,N2EXMIDP,0,0
2019-02-01,28,APXMIDP ,921.95,71.49
2019-02-01,28,N2EXMIDP,0,0
2019-02-01,29,APXMIDP ,946.15,70.65
2019-02-01,29,N2EXMIDP,0,0
2019-02-01,30,APXMIDP ,1113.1,68.41
2019-02-01,30,N2EXMIDP,0,0
2019-02-01,31,APXMIDP ,436.5,62.87
2019-02-01,31,N2EXMIDP,0,0
2019-02-01,32,APXMIDP ,726.6,59.78
2019-02-01,32,N2EXMIDP,0,0
2019-02-01,33,APXMIDP ,658.15,59.59
2019-02-01,33,N2EXMIDP,0,0
2019-02-01,34,APXMIDP ,944.35,61.19
2019-02-01,34,N2EXMIDP,0,0
2019-02-01,35,APXMIDP ,1335,60.86
2019-02-01,35,N2EXMIDP,0,0
2019-02-01,36,APXMIDP ,1585.45,60.87
2019-02-01,36,N2EXMIDP,0,0
2019-02-01,37,APXMIDP ,1574.3,60.62
2019-02-01,37,N2EXMIDP,0,0
2019-02-01,38,APXMIDP ,1608.7,60.35
2019-02-01,38,N2EXMIDP,0,0
2019-02-01,39,APXMIDP ,734.1,59.36
2019-02-01,39,N2EXMIDP,0,0
2019-02-01,40,APXMIDP ,776.95,57.74
2019-02-01,40,N2EXMIDP,0,0
2019-02-01,41,APXMIDP ,782.35,56.85
2019-02-01,41,N2EXMIDP,0,0
2019-02-01,42,APXMIDP ,807.7,53.74
2019-02-01,42,N2EXMIDP,0,0
2019-02-01,43,APXMIDP ,1136.7,53.79
2019-02-01,43,N2EXMIDP,0,0
2019-02-01,44,APXMIDP ,1334.2,53.77
2019-02-01,44,N2EXMIDP,0,0
2019-02-01,45,APXMIDP ,1278.2,53.89
2019-02-01,45,N2EXMIDP,0,0
2019-02-01,46,APXMIDP ,1169,53.79
2019-02-01,46,N2EXMIDP,0,0
2019-02-01,47,APXMIDP ,121.15,50.41
2019-02-01,47,N2EXMIDP,0,0
2019-02-01,48,APXMIDP ,183,53.21
2019-02-01,48,N2EXMIDP,0,0
2019-02-02,1,APXMIDP ,200,52.93
2019-02-02,1,N2EXMIDP,0,0
2019-02-02,2,APXMIDP ,354.8,53.78
2019-02-02,2,N2EXMIDP,0,0
2019-02-02,3,APXMIDP ,339.2,47.25
2019-02-02,3,N2EXMIDP,0,0
2019-02-02,4,APXMIDP ,483.5,45.67
2019-02-02,4,N2EXMIDP,0,0
2019-02-02,5,APXMIDP ,558,45.86
2019-02-02,5,N2EXMIDP,0,0
2019-02-02,6,APXMIDP ,656,45.92
2019-02-02,6,N2EXMIDP,0,0
2019-02-02,7,APXMIDP ,366.25,44.2
2019-02-02,7,N2EXMIDP,0,0
2019-02-02,8,APXMIDP ,465.9,44.1
2019-02-02,8,N2EXMIDP,0,0
2019-02-02,9,APXMIDP ,351.9,42.84
2019-02-02,9,N2EXMIDP,0,0
2019-02-02,10,APXMIDP ,371.4,42.68
2019-02-02,10,N2EXMIDP,0,0
2019-02-02,11,APXMIDP ,246.45,43.05
2019-02-02,11,N2EXMIDP,0,0
2019-02-02,12,APXMIDP ,312.75,43.76
2019-02-02,12,N2EXMIDP,0,0
2019-02-02,13,APXMIDP ,308.6,44.43
2019-02-02,13,N2EXMIDP,0,0
2019-02-02,14,APXMIDP ,264.95,40.4
2019-02-02,14,N2EXMIDP,0,0
2019-02-02,15,APXMIDP ,383,48.88
2019-02-02,15,N2EXMIDP,0,0
2019-02-02,16,APXMIDP ,414.15,48.53
2019-02-02,16,N2EXMIDP,0,0
2019-02-02,17,APXMIDP ,285.15,51.86
2019-02-02,17,N2EXMIDP,0,0
2019-02-02,18,APXMIDP ,584.85,55.14
2019-02-02,18,N2EXMIDP,0,0
2019-02-02,19,APXMIDP ,299.85,56.63
2019-02-02,19,N2EXMIDP,0,0
2019-02-02,20,APXMIDP ,515.4,57
2019-02-02,20,N2EXMIDP,0,0
2019-02-02,21,APXMIDP ,662.1,58.17
2019-02-02,21,N2EXMIDP,0,0
2019-02-02,22,APXMIDP ,692.2,57.87
2019-02-02,22,N2EXMIDP,0,0
2019-02-02,23,APXMIDP ,509,54.41
2019-02-02,23,N2EXMIDP,0,0
2019-02-02,24,APXMIDP ,740.5,54.14
2019-02-02,24,N2EXMIDP,0,0
2019-02-02,25,APXMIDP ,749.65,54.2
2019-02-02,25,N2EXMIDP,0,0
2019-02-02,26,APXMIDP ,815.9,54.06
2019-02-02,26,N2EXMIDP,0,0
2019-02-02,27,APXMIDP ,700.5,54.05
2019-02-02,27,N2EXMIDP,0,0
2019-02-02,28,APXMIDP ,735.5,53.7
2019-02-02,28,N2EXMIDP,0,0
2019-02-02,29,APXMIDP ,967.95,50.75
2019-02-02,29,N2EXMIDP,0,0
2019-02-02,30,APXMIDP ,844.5,52.22
2019-02-02,30,N2EXMIDP,0,0
2019-02-02,31,APXMIDP ,672.05,48.26
2019-02-02,31,N2EXMIDP,0,0
2019-02-02,32,APXMIDP ,682.15,50.23
2019-02-02,32,N2EXMIDP,0,0
2019-02-02,33,APXMIDP ,687.9,50.99
2019-02-02,33,N2EXMIDP,0,0
2019-02-02,34,APXMIDP ,824.75,54.22
2019-02-02,34,N2EXMIDP,0,0
2019-02-02,35,APXMIDP ,405,67.61
2019-02-02,35,N2EXMIDP,0,0
2019-02-02,36,APXMIDP ,780.9,73.69
2019-02-02,36,N2EXMIDP,0,0
2019-02-02,37,APXMIDP ,900.5,75.21
2019-02-02,37,N2EXMIDP,0,0
2019-02-02,38,APXMIDP ,654.5,72.2
2019-02-02,38,N2EXMIDP,0,0
2019-02-02,39,APXMIDP ,460,73.88
2019-02-02,39,N2EXMIDP,0,0
2019-02-02,40,APXMIDP ,440.05,64.86
2019-02-02,40,N2EXMIDP,0,0
2019-02-02,41,APXMIDP ,449.3,62.6
2019-02-02,41,N2EXMIDP,0,0
2019-02-02,42,APXMIDP ,563.2,59.82
2019-02-02,42,N2EXMIDP,0,0
2019-02-02,43,APXMIDP ,262.35,55.64
2019-02-02,43,N2EXMIDP,0,0
2019-02-02,44,APXMIDP ,264.1,53.71
2019-02-02,44,N2EXMIDP,0,0
2019-02-02,45,APXMIDP ,348.25,52.98
2019-02-02,45,N2EXMIDP,0,0
2019-02-02,46,APXMIDP ,470.7,53.03
2019-02-02,46,N2EXMIDP,0,0
2019-02-02,47,APXMIDP ,309.7,50.59
2019-02-02,47,N2EXMIDP,0,0
2019-02-02,48,APXMIDP ,427.4,51.14
2019-02-02,48,N2EXMIDP,0,0
2019-02-03,1,APXMIDP ,487.7,51.66
2019-02-03,1,N2EXMIDP,0,0
2019-02-03,2,APXMIDP ,584.2,53.48
2019-02-03,2,N2EXMIDP,0,0
2019-02-03,3,APXMIDP ,292.75,56.54
2019-02-03,3,N2EXMIDP,0,0
2019-02-03,4,APXMIDP ,439.15,50.97
2019-02-03,4,N2EXMIDP,0,0
2019-02-03,5,APXMIDP ,262.75,50.81
2019-02-03,5,N2EXMIDP,0,0
2019-02-03,6,APXMIDP ,392.25,49.71
2019-02-03,6,N2EXMIDP,0,0
2019-02-03,7,APXMIDP ,344,45.23
2019-02-03,7,N2EXMIDP,0,0
2019-02-03,8,APXMIDP ,428.3,45.35
2019-02-03,8,N2EXMIDP,0,0
2019-02-03,9,APXMIDP ,461.8,45.66
2019-02-03,9,N2EXMIDP,0,0
2019-02-03,10,APXMIDP ,425.45,45.56
2019-02-03,10,N2EXMIDP,0,0
2019-02-03,11,APXMIDP ,307.15,45.99
2019-02-03,11,N2EXMIDP,0,0
2019-02-03,12,APXMIDP ,346.9,45.17
2019-02-03,12,N2EXMIDP,0,0
2019-02-03,13,APXMIDP ,438.45,45.23
2019-02-03,13,N2EXMIDP,0,0
2019-02-03,14,APXMIDP ,440.95,45.81
2019-02-03,14,N2EXMIDP,0,0
2019-02-03,15,APXMIDP ,1268.8,47.61
2019-02-03,15,N2EXMIDP,0,0
2019-02-03,16,APXMIDP ,1273.55,47.27
2019-02-03,16,N2EXMIDP,0,0
2019-02-03,17,APXMIDP ,846.95,48.39
2019-02-03,17,N2EXMIDP,0,0
2019-02-03,18,APXMIDP ,973.75,45.87
2019-02-03,18,N2EXMIDP,0,0
2019-02-03,19,APXMIDP ,1033.55,48
2019-02-03,19,N2EXMIDP,0,0
2019-02-03,20,APXMIDP ,1014.55,48.25
2019-02-03,20,N2EXMIDP,0,0
2019-02-03,21,APXMIDP ,1247.1,47.87
2019-02-03,21,N2EXMIDP,0,0
2019-02-03,22,APXMIDP ,1277.15,48.12
2019-02-03,22,N2EXMIDP,0,0
2019-02-03,23,APXMIDP ,893.4,46.35
2019-02-03,23,N2EXMIDP,0,0
2019-02-03,24,APXMIDP ,1109.15,46.18
2019-02-03,24,N2EXMIDP,0,0
2019-02-03,25,APXMIDP ,1128.75,45.75
2019-02-03,25,N2EXMIDP,0,0
2019-02-03,26,APXMIDP ,1127.45,45.82
2019-02-03,26,N2EXMIDP,0,0
2019-02-03,27,APXMIDP ,821.5,47.09
2019-02-03,27,N2EXMIDP,0,0
2019-02-03,28,APXMIDP ,766.65,46.51
2019-02-03,28,N2EXMIDP,0,0
2019-02-03,29,APXMIDP ,711.5,46.52
2019-02-03,29,N2EXMIDP,0,0
2019-02-03,30,APXMIDP ,819.75,46.66
2019-02-03,30,N2EXMIDP,0,0
2019-02-03,31,APXMIDP ,1277.4,55.83
2019-02-03,31,N2EXMIDP,0,0
2019-02-03,32,APXMIDP ,1165.25,56.98
2019-02-03,32,N2EXMIDP,0,0
2019-02-03,33,APXMIDP ,1228,57.25
2019-02-03,33,N2EXMIDP,0,0
2019-02-03,34,APXMIDP ,1463.5,58.87
2019-02-03,34,N2EXMIDP,0,0
2019-02-03,35,APXMIDP ,1378.35,64.4
2019-02-03,35,N2EXMIDP,0,0
2019-02-03,36,APXMIDP ,1674.75,68.04
2019-02-03,36,N2EXMIDP,0,0
2019-02-03,37,APXMIDP ,1584,66.34
2019-02-03,37,N2EXMIDP,0,0
2019-02-03,38,APXMIDP ,1555.25,65.64
2019-02-03,38,N2EXMIDP,0,0
2019-02-03,39,APXMIDP ,1434,58.68
2019-02-03,39,N2EXMIDP,0,0
2019-02-03,40,APXMIDP ,1086.15,55.41
2019-02-03,40,N2EXMIDP,0,0
2019-02-03,41,APXMIDP ,1292.5,53.57
2019-02-03,41,N2EXMIDP,0,0
2019-02-03,42,APXMIDP ,1269.95,53.22
2019-02-03,42,N2EXMIDP,0,0
2019-02-03,43,APXMIDP ,1895.35,50.27
2019-02-03,43,N2EXMIDP,0,0
2019-02-03,44,APXMIDP ,1772.95,50.44
2019-02-03,44,N2EXMIDP,0,0
2019-02-03,45,APXMIDP ,1911.5,50.08
2019-02-03,45,N2EXMIDP,0,0
2019-02-03,46,APXMIDP ,2981.15,51.07
2019-02-03,46,N2EXMIDP,0,0
2019-02-03,47,APXMIDP ,335.5,42.97
2019-02-03,47,N2EXMIDP,0,0
2019-02-03,48,APXMIDP ,575.5,45.93
2019-02-03,48,N2EXMIDP,0,0
2019-02-04,1,APXMIDP ,424,43.99
2019-02-04,1,N2EXMIDP,0,0
2019-02-04,2,APXMIDP ,489.55,45.02
2019-02-04,2,N2EXMIDP,0,0
2019-02-04,3,APXMIDP ,491.3,47.51
2019-02-04,3,N2EXMIDP,0,0
2019-02-04,4,APXMIDP ,522.8,47.9
2019-02-04,4,N2EXMIDP,0,0
2019-02-04,5,APXMIDP ,694.3,47.47
2019-02-04,5,N2EXMIDP,0,0
2019-02-04,6,APXMIDP ,641.3,47.68
2019-02-04,6,N2EXMIDP,0,0
2019-02-04,7,APXMIDP ,732.35,42.27
2019-02-04,7,N2EXMIDP,0,0
2019-02-04,8,APXMIDP ,817.25,41.27
2019-02-04,8,N2EXMIDP,0,0
2019-02-04,9,APXMIDP ,749.5,41.42
2019-02-04,9,N2EXMIDP,0,0
2019-02-04,10,APXMIDP ,745.75,41.21
2019-02-04,10,N2EXMIDP,0,0
2019-02-04,11,APXMIDP ,794.2,46.79
2019-02-04,11,N2EXMIDP,0,0
2019-02-04,12,APXMIDP ,826.35,46.22
2019-02-04,12,N2EXMIDP,0,0
2019-02-04,13,APXMIDP ,950.8,48.87
2019-02-04,13,N2EXMIDP,0,0
2019-02-04,14,APXMIDP ,1210.4,45.94
2019-02-04,14,N2EXMIDP,0,0
2019-02-04,15,APXMIDP ,460.65,50.29
2019-02-04,15,N2EXMIDP,0,0
2019-02-04,16,APXMIDP ,270.85,50.75
2019-02-04,16,N2EXMIDP,0,0
2019-02-04,17,APXMIDP ,260.1,50.25
2019-02-04,17,N2EXMIDP,0,0
2019-02-04,18,APXMIDP ,301.6,51.93
2019-02-04,18,N2EXMIDP,0,0
2019-02-04,19,APXMIDP ,314.1,50.74
2019-02-04,19,N2EXMIDP,0,0
2019-02-04,20,APXMIDP ,451.2,49.87
2019-02-04,20,N2EXMIDP,0,0
2019-02-04,21,APXMIDP ,552.45,48.66
2019-02-04,21,N2EXMIDP,0,0
2019-02-04,22,APXMIDP ,572.6,49.38
2019-02-04,22,N2EXMIDP,0,0
2019-02-04,23,APXMIDP ,579.75,49.78
2019-02-04,23,N2EXMIDP,0,0
2019-02-04,24,APXMIDP ,888.25,54.59
2019-02-04,24,N2EXMIDP,0,0
2019-02-04,25,APXMIDP ,1102,55.97
2019-02-04,25,N2EXMIDP,0,0
2019-02-04,26,APXMIDP ,1288.25,56.22
2019-02-04,26,N2EXMIDP,0,0
2019-02-04,27,APXMIDP ,1119,52.81
2019-02-04,27,N2EXMIDP,0,0
2019-02-04,28,APXMIDP ,1238.8,52.44
2019-02-04,28,N2EXMIDP,0,0
2019-02-04,29,APXMIDP ,1661.3,51.16
2019-02-04,29,N2EXMIDP,0,0
2019-02-04,30,APXMIDP ,1893.1,50.84
2019-02-04,30,N2EXMIDP,0,0
2019-02-04,31,APXMIDP ,1043,58.75
2019-02-04,31,N2EXMIDP,0,0
2019-02-04,32,APXMIDP ,1050.05,59.08
2019-02-04,32,N2EXMIDP,0,0
2019-02-04,33,APXMIDP ,1118.4,58.49
2019-02-04,33,N2EXMIDP,0,0
2019-02-04,34,APXMIDP ,1297.55,60.91
2019-02-04,34,N2EXMIDP,0,0
2019-02-04,35,APXMIDP ,1710.5,63.67
2019-02-04,35,N2EXMIDP,0,0
2019-02-04,36,APXMIDP ,1779.45,64.03
2019-02-04,36,N2EXMIDP,0,0
2019-02-04,37,APXMIDP ,1774.3,64.05
2019-02-04,37,N2EXMIDP,0,0
2019-02-04,38,APXMIDP ,1836.05,63.32
2019-02-04,38,N2EXMIDP,0,0
2019-02-04,39,APXMIDP ,1959.65,65.58
2019-02-04,39,N2EXMIDP,0,0
2019-02-04,40,APXMIDP ,1748.2,64.19
2019-02-04,40,N2EXMIDP,0,0
2019-02-04,41,APXMIDP ,1559.75,63.99
2019-02-04,41,N2EXMIDP,0,0
2019-02-04,42,APXMIDP ,1594.6,62.17
2019-02-04,42,N2EXMIDP,0,0
2019-02-04,43,APXMIDP ,1051.15,59.62
2019-02-04,43,N2EXMIDP,0,0
2019-02-04,44,APXMIDP ,961.25,58.18
2019-02-04,44,N2EXMIDP,0,0
2019-02-04,45,APXMIDP ,1033,57.48
2019-02-04,45,N2EXMIDP,0,0
2019-02-04,46,APXMIDP ,1000.6,55.36
2019-02-04,46,N2EXMIDP,0,0
2019-02-04,47,APXMIDP ,58.25,52.91
2019-02-04,47,N2EXMIDP,0,0
2019-02-04,48,APXMIDP ,132,47.56
2019-02-04,48,N2EXMIDP,0,0
2019-02-05,1,APXMIDP ,130,45.42
2019-02-05,1,N2EXMIDP,0,0
2019-02-05,2,APXMIDP ,368.25,48.48
2019-02-05,2,N2EXMIDP,0,0
2019-02-05,3,APXMIDP ,380.45,48.92
2019-02-05,3,N2EXMIDP,0,0
2019-02-05,4,APXMIDP ,327.65,48.1
2019-02-05,4,N2EXMIDP,0,0
2019-02-05,5,APXMIDP ,315.55,46.21
2019-02-05,5,N2EXMIDP,0,0
2019-02-05,6,APXMIDP ,427.1,44.94
2019-02-05,6,N2EXMIDP,0,0
2019-02-05,7,APXMIDP ,383,45.24
2019-02-05,7,N2EXMIDP,0,0
2019-02-05,8,APXMIDP ,375.55,45.1
2019-02-05,8,N2EXMIDP,0,0
2019-02-05,9,APXMIDP ,307.8,45.46
2019-02-05,9,N2EXMIDP,0,0
2019-02-05,10,APXMIDP ,261.9,45.5
2019-02-05,10,N2EXMIDP,0,0
2019-02-05,11,APXMIDP ,125.45,48.4
2019-02-05,11,N2EXMIDP,0,0
2019-02-05,12,APXMIDP ,125.25,53.11
2019-02-05,12,N2EXMIDP,0,0
2019-02-05,13,APXMIDP ,187.5,56.26
2019-02-05,13,N2EXMIDP,0,0
2019-02-05,14,APXMIDP ,587.2,54.34
2019-02-05,14,N2EXMIDP,0,0
2019-02-05,15,APXMIDP ,520.7,62.77
2019-02-05,15,N2EXMIDP,0,0
2019-02-05,16,APXMIDP ,605.1,67.35
2019-02-05,16,N2EXMIDP,0,0
2019-02-05,17,APXMIDP ,803.05,67.49
2019-02-05,17,N2EXMIDP,0,0
2019-02-05,18,APXMIDP ,917.55,65.44
2019-02-05,18,N2EXMIDP,0,0
2019-02-05,19,APXMIDP ,891.3,61.68
2019-02-05,19,N2EXMIDP,0,0
2019-02-05,20,APXMIDP ,912.2,60.19
2019-02-05,20,N2EXMIDP,0,0
2019-02-05,21,APXMIDP ,1076,58.98
2019-02-05,21,N2EXMIDP,0,0
2019-02-05,22,APXMIDP ,1165.6,57.65
2019-02-05,22,N2EXMIDP,0,0
2019-02-05,23,APXMIDP ,1005.4,49.3
2019-02-05,23,N2EXMIDP,0,0
2019-02-05,24,APXMIDP ,1071.15,49.65
2019-02-05,24,N2EXMIDP,0,0
2019-02-05,25,APXMIDP ,1279,50.62
2019-02-05,25,N2EXMIDP,0,0
2019-02-05,26,APXMIDP ,1216,50.32
2019-02-05,26,N2EXMIDP,0,0
2019-02-05,27,APXMIDP ,1153.7,50.97
2019-02-05,27,N2EXMIDP,0,0
2019-02-05,28,APXMIDP ,1344.65,51.15
2019-02-05,28,N2EXMIDP,0,0
2019-02-05,29,APXMIDP ,1346.4,51.14
2019-02-05,29,N2EXMIDP,0,0
2019-02-05,30,APXMIDP ,1502.2,50.53
2019-02-05,30,N2EXMIDP,0,0
2019-02-05,31,APXMIDP ,779.25,55.47
2019-02-05,31,N2EXMIDP,0,0
2019-02-05,32,APXMIDP ,868.45,55.23
2019-02-05,32,N2EXMIDP,0,0
2019-02-05,33,APXMIDP ,1193.8,53.01
2019-02-05,33,N2EXMIDP,0,0
2019-02-05,34,APXMIDP ,1203.3,54.95
2019-02-05,34,N2EXMIDP,0,0
2019-02-05,35,APXMIDP ,1329,55.12
2019-02-05,35,N2EXMIDP,0,0
2019-02-05,36,APXMIDP ,1451.75,55.85
2019-02-05,36,N2EXMIDP,0,0
2019-02-05,37,APXMIDP ,1557.5,56.05
2019-02-05,37,N2EXMIDP,0,0
2019-02-05,38,APXMIDP ,1527.8,55.58
2019-02-05,38,N2EXMIDP,0,0
2019-02-05,39,APXMIDP ,1521,52.52
2019-02-05,39,N2EXMIDP,0,0
2019-02-05,40,APXMIDP ,1946.45,53.36
2019-02-05,40,N2EXMIDP,0,0
2019-02-05,41,APXMIDP ,1628,52.38
2019-02-05,41,N2EXMIDP,0,0
2019-02-05,42,APXMIDP ,1905.8,51.26
2019-02-05,42,N2EXMIDP,0,0
2019-02-05,43,APXMIDP ,1373.85,50.55
2019-02-05,43,N2EXMIDP,0,0
2019-02-05,44,APXMIDP ,1339.9,50.21
2019-02-05,44,N2EXMIDP,0,0
2019-02-05,45,APXMIDP ,1502.65,49.88
2019-02-05,45,N2EXMIDP,0,0
2019-02-05,46,APXMIDP ,1820.75,48.93
2019-02-05,46,N2EXMIDP,0,0
2019-02-05,47,APXMIDP ,330.5,46.07
2019-02-05,47,N2EXMIDP,0,0
2019-02-05,48,APXMIDP ,316.5,44.08
2019-02-05,48,N2EXMIDP,0,0
2019-02-06,1,APXMIDP ,413.6,44.51
2019-02-06,1,N2EXMIDP,0,0
2019-02-06,2,APXMIDP ,447.05,44.32
2019-02-06,2,N2EXMIDP,0,0
2019-02-06,3,APXMIDP ,399.1,43.95
2019-02-06,3,N2EXMIDP,0,0
2019-02-06,4,APXMIDP ,363.5,43.33
2019-02-06,4,N2EXMIDP,0,0
2019-02-06,5,APXMIDP ,378.75,43.15
2019-02-06,5,N2EXMIDP,0,0
2019-02-06,6,APXMIDP ,361.5,43.59
2019-02-06,6,N2EXMIDP,0,0
2019-02-06,7,APXMIDP ,234.75,42.05
2019-02-06,7,N2EXMIDP,0,0
2019-02-06,8,APXMIDP ,273,42.36
2019-02-06,8,N2EXMIDP,0,0
2019-02-06,9,APXMIDP ,343.5,42.78
2019-02-06,9,N2EXMIDP,0,0
2019-02-06,10,APXMIDP ,312.5,42.07
2019-02-06,10,N2EXMIDP,0,0
2019-02-06,11,APXMIDP ,311,47.14
2019-02-06,11,N2EXMIDP,0,0
2019-02-06,12,APXMIDP ,602.05,47.74
2019-02-06,12,N2EXMIDP,0,0
2019-02-06,13,APXMIDP ,440.5,54.76
2019-02-06,13,N2EXMIDP,0,0
2019-02-06,14,APXMIDP ,928.5,49.16
2019-02-06,14,N2EXMIDP,0,0
2019-02-06,15,APXMIDP ,92,49.01
2019-02-06,15,N2EXMIDP,0,0
2019-02-06,16,APXMIDP ,118.5,56
2019-02-06,16,N2EXMIDP,0,0
2019-02-06,17,APXMIDP ,356.25,54.03
2019-02-06,17,N2EXMIDP,0,0
2019-02-06,18,APXMIDP ,419.4,54.89
2019-02-06,18,N2EXMIDP,0,0
2019-02-06,19,APXMIDP ,517.5,50.63
2019-02-06,19,N2EXMIDP,0,0
2019-02-06,20,APXMIDP ,860.5,48.24
2019-02-06,20,N2EXMIDP,0,0
2019-02-06,21,APXMIDP ,1186.25,47.29
2019-02-06,21,N2EXMIDP,0,0
2019-02-06,22,APXMIDP ,1291.2,48.38
2019-02-06,22,N2EXMIDP,0,0
2019-02-06,23,APXMIDP ,753.35,46.85
2019-02-06,23,N2EXMIDP,0,0
2019-02-06,24,APXMIDP ,1228.75,46.23
2019-02-06,24,N2EXMIDP,0,0
2019-02-06,25,APXMIDP ,1288.15,46.64
2019-02-06,25,N2EXMIDP,0,0
2019-02-06,26,APXMIDP ,1329.4,46.03
2019-02-06,26,N2EXMIDP,0,0
2019-02-06,27,APXMIDP ,1173.2,46.76
2019-02-06,27,N2EXMIDP,0,0
2019-02-06,28,APXMIDP ,1176.35,46.83
2019-02-06,28,N2EXMIDP,0,0
2019-02-06,29,APXMIDP ,1280.4,46.92
2019-02-06,29,N2EXMIDP,0,0
2019-02-06,30,APXMIDP ,1423.7,47.29
2019-02-06,30,N2EXMIDP,0,0
2019-02-06,31,APXMIDP ,431,52.88
2019-02-06,31,N2EXMIDP,0,0
2019-02-06,32,APXMIDP ,599,57.17
2019-02-06,32,N2EXMIDP,0,0
2019-02-06,33,APXMIDP ,758.5,55.34
2019-02-06,33,N2EXMIDP,0,0
2019-02-06,34,APXMIDP ,678.1,57.76
2019-02-06,34,N2EXMIDP,0,0
2019-02-06,35,APXMIDP ,1130.4,65.79
2019-02-06,35,N2EXMIDP,0,0
2019-02-06,36,APXMIDP ,1068.9,66.46
2019-02-06,36,N2EXMIDP,0,0
2019-02-06,37,APXMIDP ,1137.95,66.81
2019-02-06,37,N2EXMIDP,0,0
2019-02-06,38,APXMIDP ,1372.4,67.87
2019-02-06,38,N2EXMIDP,0,0
2019-02-06,39,APXMIDP ,382.55,60.1
2019-02-06,39,N2EXMIDP,0,0
2019-02-06,40,APXMIDP ,433.6,59.72
2019-02-06,40,N2EXMIDP,0,0
2019-02-06,41,APXMIDP ,509.15,58.36
2019-02-06,41,N2EXMIDP,0,0
2019-02-06,42,APXMIDP ,473.25,56.89
2019-02-06,42,N2EXMIDP,0,0
2019-02-06,43,APXMIDP ,918.4,49.61
2019-02-06,43,N2EXMIDP,0,0
2019-02-06,44,APXMIDP ,926.9,49.25
2019-02-06,44,N2EXMIDP,0,0
2019-02-06,45,APXMIDP ,1145.45,48.05
2019-02-06,45,N2EXMIDP,0,0
2019-02-06,46,APXMIDP ,1451.7,46.35
2019-02-06,46,N2EXMIDP,0,0
2019-02-06,47,APXMIDP ,130.3,42.57
2019-02-06,47,N2EXMIDP,0,0
2019-02-06,48,APXMIDP ,84,42.62
2019-02-06,48,N2EXMIDP,0,0
2019-02-07,1,APXMIDP ,159.8,42.93
2019-02-07,1,N2EXMIDP,0,0
2019-02-07,2,APXMIDP ,319.1,39.7
2019-02-07,2,N2EXMIDP,0,0
2019-02-07,3,APXMIDP ,372.1,42.01
2019-02-07,3,N2EXMIDP,0,0
2019-02-07,4,APXMIDP ,328.15,42.25
2019-02-07,4,N2EXMIDP,0,0
2019-02-07,5,APXMIDP ,385.9,46.03
2019-02-07,5,N2EXMIDP,0,0
2019-02-07,6,APXMIDP ,422.15,46.52
2019-02-07,6,N2EXMIDP,0,0
2019-02-07,7,APXMIDP ,306,44.26
2019-02-07,7,N2EXMIDP,0,0
2019-02-07,8,APXMIDP ,408.5,43.61
2019-02-07,8,N2EXMIDP,0,0
2019-02-07,9,APXMIDP ,420.5,43.44
2019-02-07,9,N2EXMIDP,0,0
2019-02-07,10,APXMIDP ,448,43.27
2019-02-07,10,N2EXMIDP,0,0
2019-02-07,11,APXMIDP ,409.5,45
2019-02-07,11,N2EXMIDP,0,0
2019-02-07,12,APXMIDP ,496,45.43
2019-02-07,12,N2EXMIDP,0,0
2019-02-07,13,APXMIDP ,336,49.23
2019-02-07,13,N2EXMIDP,0,0
2019-02-07,14,APXMIDP ,625.85,58.12
2019-02-07,14,N2EXMIDP,0,0
2019-02-07,15,APXMIDP ,336.75,64.57
2019-02-07,15,N2EXMIDP,0,0
2019-02-07,16,APXMIDP ,597.95,67.89
2019-02-07,16,N2EXMIDP,0,0
2019-02-07,17,APXMIDP ,646.95,67.48
2019-02-07,17,N2EXMIDP,0,0
2019-02-07,18,APXMIDP ,585.85,64.25
2019-02-07,18,N2EXMIDP,0,0
2019-02-07,19,APXMIDP ,550.6,57.62
2019-02-07,19,N2EXMIDP,0,0
2019-02-07,20,APXMIDP ,836.55,53.04
2019-02-07,20,N2EXMIDP,0,0
2019-02-07,21,APXMIDP ,1006.35,50.82
2019-02-07,21,N2EXMIDP,0,0
2019-02-07,22,APXMIDP ,927.3,51.65
2019-02-07,22,N2EXMIDP,0,0
2019-02-07,23,APXMIDP ,833.1,45.68
2019-02-07,23,N2EXMIDP,0,0
2019-02-07,24,APXMIDP ,828.55,45.67
2019-02-07,24,N2EXMIDP,0,0
2019-02-07,25,APXMIDP ,976.15,45.98
2019-02-07,25,N2EXMIDP,0,0
2019-02-07,26,APXMIDP ,1003.45,45.97
2019-02-07,26,N2EXMIDP,0,0
2019-02-07,27,APXMIDP ,1164.15,46.02
2019-02-07,27,N2EXMIDP,0,0
2019-02-07,28,APXMIDP ,1391.65,45.25
2019-02-07,28,N2EXMIDP,0,0
2019-02-07,29,APXMIDP ,1499.9,45.35
2019-02-07,29,N2EXMIDP,0,0
2019-02-07,30,APXMIDP ,1511.7,45.43
2019-02-07,30,N2EXMIDP,0,0
2019-02-07,31,APXMIDP ,728.35,48.49
2019-02-07,31,N2EXMIDP,0,0
2019-02-07,32,APXMIDP ,617.35,50.39
2019-02-07,32,N2EXMIDP,0,0
2019-02-07,33,APXMIDP ,880.2,47.77
2019-02-07,33,N2EXMIDP,0,0
2019-02-07,34,APXMIDP ,898.25,49.63
2019-02-07,34,N2EXMIDP,0,0
2019-02-07,35,APXMIDP ,907.45,58.17
2019-02-07,35,N2EXMIDP,0,0
2019-02-07,36,APXMIDP ,1083.7,58.94
2019-02-07,36,N2EXMIDP,0,0
2019-02-07,37,APXMIDP ,1312.55,60.46
2019-02-07,37,N2EXMIDP,0,0
2019-02-07,38,APXMIDP ,1242.1,60.01
2019-02-07,38,N2EXMIDP,0,0
2019-02-07,39,APXMIDP ,610,57.53
2019-02-07,39,N2EXMIDP,0,0
2019-02-07,40,APXMIDP ,634.5,56.9
2019-02-07,40,N2EXMIDP,0,0
2019-02-07,41,APXMIDP ,828.9,58.88
2019-02-07,41,N2EXMIDP,0,0
2019-02-07,42,APXMIDP ,939.9,58.64
2019-02-07,42,N2EXMIDP,0,0
2019-02-07,43,APXMIDP ,1107.25,50.51
2019-02-07,43,N2EXMIDP,0,0
2019-02-07,44,APXMIDP ,1110.15,49.56
2019-02-07,44,N2EXMIDP,0,0
2019-02-07,45,APXMIDP ,1413,48.41
2019-02-07,45,N2EXMIDP,0,0
2019-02-07,46,APXMIDP ,2017.6,47.82
2019-02-07,46,N2EXMIDP,0,0
2019-02-07,47,APXMIDP ,428.6,42.15
2019-02-07,47,N2EXMIDP,0,0
2019-02-07,48,APXMIDP ,391.25,50.81
2019-02-07,48,N2EXMIDP,0,0
2019-02-08,1,APXMIDP ,191.95,56.36
2019-02-08,1,N2EXMIDP,0,0
2019-02-08,2,APXMIDP ,284.15,59.5
2019-02-08,2,N2EXMIDP,0,0
2019-02-08,3,APXMIDP ,456.15,59.25
2019-02-08,3,N2EXMIDP,0,0
2019-02-08,4,APXMIDP ,367.75,56.61
2019-02-08,4,N2EXMIDP,0,0
2019-02-08,5,APXMIDP ,454.75,55.25
2019-02-08,5,N2EXMIDP,0,0
2019-02-08,6,APXMIDP ,494.75,55.09
2019-02-08,6,N2EXMIDP,0,0
2019-02-08,7,APXMIDP ,258.5,44.13
2019-02-08,7,N2EXMIDP,0,0
2019-02-08,8,APXMIDP ,285,42.58
2019-02-08,8,N2EXMIDP,0,0
2019-02-08,9,APXMIDP ,367.5,42.73
2019-02-08,9,N2EXMIDP,0,0
2019-02-08,10,APXMIDP ,316.5,43.64
2019-02-08,10,N2EXMIDP,0,0
2019-02-08,11,APXMIDP ,221.5,49.45
2019-02-08,11,N2EXMIDP,0,0
2019-02-08,12,APXMIDP ,338.55,51.5
2019-02-08,12,N2EXMIDP,0,0
2019-02-08,13,APXMIDP ,844.15,56.84
2019-02-08,13,N2EXMIDP,0,0
2019-02-08,14,APXMIDP ,709.65,49.27
2019-02-08,14,N2EXMIDP,0,0
2019-02-08,15,APXMIDP ,314,53.56
2019-02-08,15,N2EXMIDP,0,0
2019-02-08,16,APXMIDP ,302.2,51.26
2019-02-08,16,N2EXMIDP,0,0
2019-02-08,17,APXMIDP ,334.7,49.13
2019-02-08,17,N2EXMIDP,0,0
2019-02-08,18,APXMIDP ,494.65,46.14
2019-02-08,18,N2EXMIDP,0,0
2019-02-08,19,APXMIDP ,441.6,48.65
2019-02-08,19,N2EXMIDP,0,0
2019-02-08,20,APXMIDP ,771.2,46.28
2019-02-08,20,N2EXMIDP,0,0
2019-02-08,21,APXMIDP ,693.6,47.58
2019-02-08,21,N2EXMIDP,0,0
2019-02-08,22,APXMIDP ,981.55,49.85
2019-02-08,22,N2EXMIDP,0,0
2019-02-08,23,APXMIDP ,802.7,49.42
2019-02-08,23,N2EXMIDP,0,0
2019-02-08,24,APXMIDP ,851.3,48.7
2019-02-08,24,N2EXMIDP,0,0
2019-02-08,25,APXMIDP ,927.25,48.31
2019-02-08,25,N2EXMIDP,0,0
2019-02-08,26,APXMIDP ,1057.6,47.7
2019-02-08,26,N2EXMIDP,0,0
2019-02-08,27,APXMIDP ,953.35,47.53
2019-02-08,27,N2EXMIDP,0,0
2019-02-08,28,APXMIDP ,1148.85,47.24
2019-02-08,28,N2EXMIDP,0,0
2019-02-08,29,APXMIDP ,1086.35,47.2
2019-02-08,29,N2EXMIDP,0,0
2019-02-08,30,APXMIDP ,1439.35,45.82
2019-02-08,30,N2EXMIDP,0,0
2019-02-08,31,APXMIDP ,608.55,47.32
2019-02-08,31,N2EXMIDP,0,0
2019-02-08,32,APXMIDP ,714.55,46.92
2019-02-08,32,N2EXMIDP,0,0
2019-02-08,33,APXMIDP ,837.7,46.63
2019-02-08,33,N2EXMIDP,0,0
2019-02-08,34,APXMIDP ,691.6,47.77
2019-02-08,34,N2EXMIDP,0,0
2019-02-08,35,APXMIDP ,896.35,59.46
2019-02-08,35,N2EXMIDP,0,0
2019-02-08,36,APXMIDP ,962.4,59.3
2019-02-08,36,N2EXMIDP,0,0
2019-02-08,37,APXMIDP ,866.85,57.22
2019-02-08,37,N2EXMIDP,0,0
2019-02-08,38,APXMIDP ,990,54.99
2019-02-08,38,N2EXMIDP,0,0
2019-02-08,39,APXMIDP ,538.2,50.93
2019-02-08,39,N2EXMIDP,0,0
2019-02-08,40,APXMIDP ,717.2,51.15
2019-02-08,40,N2EXMIDP,0,0
2019-02-08,41,APXMIDP ,681.2,51.56
2019-02-08,41,N2EXMIDP,0,0
2019-02-08,42,APXMIDP ,643.7,51.36
2019-02-08,42,N2EXMIDP,0,0
2019-02-08,43,APXMIDP ,826.3,49.87
2019-02-08,43,N2EXMIDP,0,0
2019-02-08,44,APXMIDP ,1024.3,48.6
2019-02-08,44,N2EXMIDP,0,0
2019-02-08,45,APXMIDP ,1044.8,47.52
2019-02-08,45,N2EXMIDP,0,0
2019-02-08,46,APXMIDP ,1508.4,42.62
2019-02-08,46,N2EXMIDP,0,0
2019-02-08,47,APXMIDP ,383.3,39.93
2019-02-08,47,N2EXMIDP,0,0
2019-02-08,48,APXMIDP ,458.65,40.96
2019-02-08,48,N2EXMIDP,0,0
2019-02-09,1,APXMIDP ,215.75,40.76
2019-02-09,1,N2EXMIDP,0,0
2019-02-09,2,APXMIDP ,333.25,40.49
2019-02-09,2,N2EXMIDP,0,0
2019-02-09,3,APXMIDP ,492.65,38.47
2019-02-09,3,N2EXMIDP,0,0
2019-02-09,4,APXMIDP ,404.75,37.16
2019-02-09,4,N2EXMIDP,0,0
2019-02-09,5,APXMIDP ,488.5,36.56
2019-02-09,5,N2EXMIDP,0,0
2019-02-09,6,APXMIDP ,488.75,33.89
2019-02-09,6,N2EXMIDP,0,0
2019-02-09,7,APXMIDP ,314.5,30.65
2019-02-09,7,N2EXMIDP,0,0
2019-02-09,8,APXMIDP ,357.5,28.05
2019-02-09,8,N2EXMIDP,0,0
2019-02-09,9,APXMIDP ,376.5,28.35
2019-02-09,9,N2EXMIDP,0,0
2019-02-09,10,APXMIDP ,411.45,28.99
2019-02-09,10,N2EXMIDP,0,0
2019-02-09,11,APXMIDP ,104,35.02
2019-02-09,11,N2EXMIDP,0,0
2019-02-09,12,APXMIDP ,209.35,39.45
2019-02-09,12,N2EXMIDP,0,0
2019-02-09,13,APXMIDP ,181.5,37.63
2019-02-09,13,N2EXMIDP,0,0
2019-02-09,14,APXMIDP ,205,38.18
2019-02-09,14,N2EXMIDP,0,0
2019-02-09,15,APXMIDP ,255.55,39.91
2019-02-09,15,N2EXMIDP,0,0
2019-02-09,16,APXMIDP ,404.5,35.94
2019-02-09,16,N2EXMIDP,0,0
2019-02-09,17,APXMIDP ,556.35,37.91
2019-02-09,17,N2EXMIDP,0,0
2019-02-09,18,APXMIDP ,390.45,36.67
2019-02-09,18,N2EXMIDP,0,0
2019-02-09,19,APXMIDP ,171,55.69
2019-02-09,19,N2EXMIDP,0,0
2019-02-09,20,APXMIDP ,299,56.12
2019-02-09,20,N2EXMIDP,0,0
2019-02-09,21,APXMIDP ,354.7,56.14
2019-02-09,21,N2EXMIDP,0,0
2019-02-09,22,APXMIDP ,368.2,55.25
2019-02-09,22,N2EXMIDP,0,0
2019-02-09,23,APXMIDP ,271.05,49.2
2019-02-09,23,N2EXMIDP,0,0
2019-02-09,24,APXMIDP ,331.55,48.26
2019-02-09,24,N2EXMIDP,0,0
2019-02-09,25,APXMIDP ,531.35,44.79
2019-02-09,25,N2EXMIDP,0,0
2019-02-09,26,APXMIDP ,795.1,44.69
2019-02-09,26,N2EXMIDP,0,0
2019-02-09,27,APXMIDP ,675.75,45.8
2019-02-09,27,N2EXMIDP,0,0
2019-02-09,28,APXMIDP ,760.35,44.93
2019-02-09,28,N2EXMIDP,0,0
2019-02-09,29,APXMIDP ,774.75,44.84
2019-02-09,29,N2EXMIDP,0,0
2019-02-09,30,APXMIDP ,961.45,44.39
2019-02-09,30,N2EXMIDP,0,0
2019-02-09,31,APXMIDP ,537.95,54.31
2019-02-09,31,N2EXMIDP,0,0
2019-02-09,32,APXMIDP ,721.7,52.34
2019-02-09,32,N2EXMIDP,0,0
2019-02-09,33,APXMIDP ,804.45,51.75
2019-02-09,33,N2EXMIDP,0,0
2019-02-09,34,APXMIDP ,1066.4,52.2
2019-02-09,34,N2EXMIDP,0,0
2019-02-09,35,APXMIDP ,1124.85,66.75
2019-02-09,35,N2EXMIDP,0,0
2019-02-09,36,APXMIDP ,1051.15,70.91
2019-02-09,36,N2EXMIDP,0,0
2019-02-09,37,APXMIDP ,1135.4,72.61
2019-02-09,37,N2EXMIDP,0,0
2019-02-09,38,APXMIDP ,1059.35,71.88
2019-02-09,38,N2EXMIDP,0,0
2019-02-09,39,APXMIDP ,872.55,66.44
2019-02-09,39,N2EXMIDP,0,0
2019-02-09,40,APXMIDP ,878.2,63.97
2019-02-09,40,N2EXMIDP,0,0
2019-02-09,41,APXMIDP ,877.75,62.63
2019-02-09,41,N2EXMIDP,0,0
2019-02-09,42,APXMIDP ,955.95,60.81
2019-02-09,42,N2EXMIDP,0,0
2019-02-09,43,APXMIDP ,717.1,57.87
2019-02-09,43,N2EXMIDP,0,0
2019-02-09,44,APXMIDP ,742,56.72
2019-02-09,44,N2EXMIDP,0,0
2019-02-09,45,APXMIDP ,893.7,54.6
2019-02-09,45,N2EXMIDP,0,0
2019-02-09,46,APXMIDP ,866.2,55.28
2019-02-09,46,N2EXMIDP,0,0
2019-02-09,47,APXMIDP ,626.95,43.84
2019-02-09,47,N2EXMIDP,0,0
2019-02-09,48,APXMIDP ,492.9,46.77
2019-02-09,48,N2EXMIDP,0,0
2019-02-10,1,APXMIDP ,542.75,47.2
2019-02-10,1,N2EXMIDP,0,0
2019-02-10,2,APXMIDP ,682.85,54.65
2019-02-10,2,N2EXMIDP,0,0
2019-02-10,3,APXMIDP ,534.5,61.45
2019-02-10,3,N2EXMIDP,0,0
2019-02-10,4,APXMIDP ,556.4,61.11
2019-02-10,4,N2EXMIDP,0,0
2019-02-10,5,APXMIDP ,489.5,60.7
2019-02-10,5,N2EXMIDP,0,0
2019-02-10,6,APXMIDP ,463.3,60.68
2019-02-10,6,N2EXMIDP,0,0
2019-02-10,7,APXMIDP ,363.25,60.3
2019-02-10,7,N2EXMIDP,0,0
2019-02-10,8,APXMIDP ,440.75,61.18
2019-02-10,8,N2EXMIDP,0,0
2019-02-10,9,APXMIDP ,468.75,61.6
2019-02-10,9,N2EXMIDP,0,0
2019-02-10,10,APXMIDP ,510.75,61.77
2019-02-10,10,N2EXMIDP,0,0
2019-02-10,11,APXMIDP ,330.5,60.82
2019-02-10,11,N2EXMIDP,0,0
2019-02-10,12,APXMIDP ,384,58.37
2019-02-10,12,N2EXMIDP,0,0
2019-02-10,13,APXMIDP ,418,58.46
2019-02-10,13,N2EXMIDP,0,0
2019-02-10,14,APXMIDP ,420,57.5
2019-02-10,14,N2EXMIDP,0,0
2019-02-10,15,APXMIDP ,414.5,50.25
2019-02-10,15,N2EXMIDP,0,0
2019-02-10,16,APXMIDP ,344.05,50.69
2019-02-10,16,N2EXMIDP,0,0
2019-02-10,17,APXMIDP ,438.55,51.35
2019-02-10,17,N2EXMIDP,0,0
2019-02-10,18,APXMIDP ,370.5,51.6
2019-02-10,18,N2EXMIDP,0,0
2019-02-10,19,APXMIDP ,58.15,57.09
2019-02-10,19,N2EXMIDP,0,0
2019-02-10,20,APXMIDP ,437.15,60.05
2019-02-10,20,N2EXMIDP,0,0
2019-02-10,21,APXMIDP ,669.95,62.24
2019-02-10,21,N2EXMIDP,0,0
2019-02-10,22,APXMIDP ,657.45,63.51
2019-02-10,22,N2EXMIDP,0,0
2019-02-10,23,APXMIDP ,668.75,57.08
2019-02-10,23,N2EXMIDP,0,0
2019-02-10,24,APXMIDP ,813.5,57.17
2019-02-10,24,N2EXMIDP,0,0
2019-02-10,25,APXMIDP ,1013.5,56.84
2019-02-10,25,N2EXMIDP,0,0
2019-02-10,26,APXMIDP ,1112.35,55.85
2019-02-10,26,N2EXMIDP,0,0
2019-02-10,27,APXMIDP ,1408.35,47.44
2019-02-10,27,N2EXMIDP,0,0
2019-02-10,28,APXMIDP ,1547.8,46.66
2019-02-10,28,N2EXMIDP,0,0
2019-02-10,29,APXMIDP ,1617.5,46.26
2019-02-10,29,N2EXMIDP,0,0
2019-02-10,30,APXMIDP ,1672.65,46.03
2019-02-10,30,N2EXMIDP,0,0
2019-02-10,31,APXMIDP ,895.4,43.32
2019-02-10,31,N2EXMIDP,0,0
2019-02-10,32,APXMIDP ,774.65,45
2019-02-10,32,N2EXMIDP,0,0
2019-02-10,33,APXMIDP ,654.85,44.31
2019-02-10,33,N2EXMIDP,0,0
2019-02-10,34,APXMIDP ,656.35,46.4
2019-02-10,34,N2EXMIDP,0,0
2019-02-10,35,APXMIDP ,907.65,61.76
2019-02-10,35,N2EXMIDP,0,0
2019-02-10,36,APXMIDP ,943,61.37
2019-02-10,36,N2EXMIDP,0,0
2019-02-10,37,APXMIDP ,995.45,61.12
2019-02-10,37,N2EXMIDP,0,0
2019-02-10,38,APXMIDP ,1151.2,61.05
2019-02-10,38,N2EXMIDP,0,0
2019-02-10,39,APXMIDP ,1083.6,60.11
2019-02-10,39,N2EXMIDP,0,0
2019-02-10,40,APXMIDP ,1049.2,59.6
2019-02-10,40,N2EXMIDP,0,0
2019-02-10,41,APXMIDP ,928.6,56.96
2019-02-10,41,N2EXMIDP,0,0
2019-02-10,42,APXMIDP ,754,55.48
2019-02-10,42,N2EXMIDP,0,0
2019-02-10,43,APXMIDP ,1224.7,54.4
2019-02-10,43,N2EXMIDP,0,0
2019-02-10,44,APXMIDP ,963.25,52.36
2019-02-10,44,N2EXMIDP,0,0
2019-02-10,45,APXMIDP ,1242.7,48.84
2019-02-10,45,N2EXMIDP,0,0
2019-02-10,46,APXMIDP ,1508.75,47.57
2019-02-10,46,N2EXMIDP,0,0
2019-02-10,47,APXMIDP ,215,40.47
2019-02-10,47,N2EXMIDP,0,0
2019-02-10,48,APXMIDP ,386.5,39.61
2019-02-10,48,N2EXMIDP,0,0
2019-02-11,1,APXMIDP ,520.25,39.56
2019-02-11,1,N2EXMIDP,0,0
2019-02-11,2,APXMIDP ,388.25,39.48
2019-02-11,2,N2EXMIDP,0,0
2019-02-11,3,APXMIDP ,511.65,40.69
2019-02-11,3,N2EXMIDP,0,0
2019-02-11,4,APXMIDP ,564.5,41.29
2019-02-11,4,N2EXMIDP,0,0
2019-02-11,5,APXMIDP ,623.45,41.59
2019-02-11,5,N2EXMIDP,0,0
2019-02-11,6,APXMIDP ,650,41.87
2019-02-11,6,N2EXMIDP,0,0
2019-02-11,7,APXMIDP ,302.5,41.73
2019-02-11,7,N2EXMIDP,0,0
2019-02-11,8,APXMIDP ,352,41.4
2019-02-11,8,N2EXMIDP,0,0
2019-02-11,9,APXMIDP ,422,42.09
2019-02-11,9,N2EXMIDP,0,0
2019-02-11,10,APXMIDP ,620,42.36
2019-02-11,10,N2EXMIDP,0,0
2019-02-11,11,APXMIDP ,312.7,44.16
2019-02-11,11,N2EXMIDP,0,0
2019-02-11,12,APXMIDP ,553.05,43.96
2019-02-11,12,N2EXMIDP,0,0
2019-02-11,13,APXMIDP ,713.5,54.33
2019-02-11,13,N2EXMIDP,0,0
2019-02-11,14,APXMIDP ,1154,46.39
2019-02-11,14,N2EXMIDP,0,0
2019-02-11,15,APXMIDP ,588.15,69.66
2019-02-11,15,N2EXMIDP,0,0
2019-02-11,16,APXMIDP ,1082.55,75.78
2019-02-11,16,N2EXMIDP,0,0
2019-02-11,17,APXMIDP ,1306.2,76.73
2019-02-11,17,N2EXMIDP,0,0
2019-02-11,18,APXMIDP ,1401.8,78.59
2019-02-11,18,N2EXMIDP,0,0
2019-02-11,19,APXMIDP ,1767.6,80.05
2019-02-11,19,N2EXMIDP,0,0
2019-02-11,20,APXMIDP ,1709.6,75.43
2019-02-11,20,N2EXMIDP,0,0
2019-02-11,21,APXMIDP ,1713.1,74.96
2019-02-11,21,N2EXMIDP,0,0
2019-02-11,22,APXMIDP ,1894.5,74.79
2019-02-11,22,N2EXMIDP,0,0
2019-02-11,23,APXMIDP ,651.25,57.63
2019-02-11,23,N2EXMIDP,0,0
2019-02-11,24,APXMIDP ,908.85,57.36
2019-02-11,24,N2EXMIDP,0,0
2019-02-11,25,APXMIDP ,796.05,55.75
2019-02-11,25,N2EXMIDP,0,0
2019-02-11,26,APXMIDP ,843,55.26
2019-02-11,26,N2EXMIDP,0,0
2019-02-11,27,APXMIDP ,1017.9,52.52
2019-02-11,27,N2EXMIDP,0,0
2019-02-11,28,APXMIDP ,1090,51.71
2019-02-11,28,N2EXMIDP,0,0
2019-02-11,29,APXMIDP ,1590.45,48.84
2019-02-11,29,N2EXMIDP,0,0
2019-02-11,30,APXMIDP ,1527.35,48.87
2019-02-11,30,N2EXMIDP,0,0
2019-02-11,31,APXMIDP ,392.9,71.38
2019-02-11,31,N2EXMIDP,0,0
2019-02-11,32,APXMIDP ,726.15,70.01
2019-02-11,32,N2EXMIDP,0,0
2019-02-11,33,APXMIDP ,851.3,71.36
2019-02-11,33,N2EXMIDP,0,0
2019-02-11,34,APXMIDP ,895,76.46
2019-02-11,34,N2EXMIDP,0,0
2019-02-11,35,APXMIDP ,1092.65,80.92
2019-02-11,35,N2EXMIDP,0,0
2019-02-11,36,APXMIDP ,1196.1,83.16
2019-02-11,36,N2EXMIDP,0,0
2019-02-11,37,APXMIDP ,1291.5,79.94
2019-02-11,37,N2EXMIDP,0,0
2019-02-11,38,APXMIDP ,1397,79.34
2019-02-11,38,N2EXMIDP,0,0
2019-02-11,39,APXMIDP ,652.35,61.92
2019-02-11,39,N2EXMIDP,0,0
2019-02-11,40,APXMIDP ,644.15,60.28
2019-02-11,40,N2EXMIDP,0,0
2019-02-11,41,APXMIDP ,606.9,57.75
2019-02-11,41,N2EXMIDP,0,0
2019-02-11,42,APXMIDP ,852.9,53
2019-02-11,42,N2EXMIDP,0,0
2019-02-11,43,APXMIDP ,926.95,46.26
2019-02-11,43,N2EXMIDP,0,0
2019-02-11,44,APXMIDP ,1149.75,45.67
2019-02-11,44,N2EXMIDP,0,0
2019-02-11,45,APXMIDP ,1231.6,45.8
2019-02-11,45,N2EXMIDP,0,0
2019-02-11,46,APXMIDP ,1664.75,45.39
2019-02-11,46,N2EXMIDP,0,0
2019-02-11,47,APXMIDP ,222.2,41.97
2019-02-11,47,N2EXMIDP,0,0
2019-02-11,48,APXMIDP ,90,43.81
2019-02-11,48,N2EXMIDP,0,0
2019-02-12,1,APXMIDP ,292.25,49.51
2019-02-12,1,N2EXMIDP,0,0
2019-02-12,2,APXMIDP ,135.75,46.96
2019-02-12,2,N2EXMIDP,0,0
2019-02-12,3,APXMIDP ,104.5,43.53
2019-02-12,3,N2EXMIDP,0,0
2019-02-12,4,APXMIDP ,136,43.23
2019-02-12,4,N2EXMIDP,0,0
2019-02-12,5,APXMIDP ,228.15,42.49
2019-02-12,5,N2EXMIDP,0,0
2019-02-12,6,APXMIDP ,245.4,43.67
2019-02-12,6,N2EXMIDP,0,0
2019-02-12,7,APXMIDP ,178.05,39.86
2019-02-12,7,N2EXMIDP,0,0
2019-02-12,8,APXMIDP ,219.5,40.47
2019-02-12,8,N2EXMIDP,0,0
2019-02-12,9,APXMIDP ,487.6,37.91
2019-02-12,9,N2EXMIDP,0,0
2019-02-12,10,APXMIDP ,496.6,38.01
2019-02-12,10,N2EXMIDP,0,0
2019-02-12,11,APXMIDP ,324.15,46.48
2019-02-12,11,N2EXMIDP,0,0
2019-02-12,12,APXMIDP ,583.7,43.98
2019-02-12,12,N2EXMIDP,0,0
2019-02-12,13,APXMIDP ,732.25,50.01
2019-02-12,13,N2EXMIDP,0,0
2019-02-12,14,APXMIDP ,1149.35,50.29
2019-02-12,14,N2EXMIDP,0,0
2019-02-12,15,APXMIDP ,362,52.53
2019-02-12,15,N2EXMIDP,0,0
2019-02-12,16,APXMIDP ,509.9,54.7
2019-02-12,16,N2EXMIDP,0,0
2019-02-12,17,APXMIDP ,578.7,53.86
2019-02-12,17,N2EXMIDP,0,0
2019-02-12,18,APXMIDP ,630,52.66
2019-02-12,18,N2EXMIDP,0,0
2019-02-12,19,APXMIDP ,530.8,52.55
2019-02-12,19,N2EXMIDP,0,0
2019-02-12,20,APXMIDP ,677.7,50.86
2019-02-12,20,N2EXMIDP,0,0
2019-02-12,21,APXMIDP ,763.8,49.53
2019-02-12,21,N2EXMIDP,0,0
2019-02-12,22,APXMIDP ,884.1,48.84
2019-02-12,22,N2EXMIDP,0,0
2019-02-12,23,APXMIDP ,738.6,45.43
2019-02-12,23,N2EXMIDP,0,0
2019-02-12,24,APXMIDP ,764.5,45.37
2019-02-12,24,N2EXMIDP,0,0
2019-02-12,25,APXMIDP ,969.3,46.51
2019-02-12,25,N2EXMIDP,0,0
2019-02-12,26,APXMIDP ,980.6,45.83
2019-02-12,26,N2EXMIDP,0,0
2019-02-12,27,APXMIDP ,960.25,45.68
2019-02-12,27,N2EXMIDP,0,0
2019-02-12,28,APXMIDP ,1083.35,45.04
2019-02-12,28,N2EXMIDP,0,0
2019-02-12,29,APXMIDP ,1227.35,44.33
2019-02-12,29,N2EXMIDP,0,0
2019-02-12,30,APXMIDP ,1215.35,44.53
2019-02-12,30,N2EXMIDP,0,0
2019-02-12,31,APXMIDP ,768.95,50.7
2019-02-12,31,N2EXMIDP,0,0
2019-02-12,32,APXMIDP ,766.65,50.81
2019-02-12,32,N2EXMIDP,0,0
2019-02-12,33,APXMIDP ,1130.3,50.17
2019-02-12,33,N2EXMIDP,0,0
2019-02-12,34,APXMIDP ,1002.2,51.91
2019-02-12,34,N2EXMIDP,0,0
2019-02-12,35,APXMIDP ,1006,59.45
2019-02-12,35,N2EXMIDP,0,0
2019-02-12,36,APXMIDP ,1231.8,63.35
2019-02-12,36,N2EXMIDP,0,0
2019-02-12,37,APXMIDP ,1499.1,62.83
2019-02-12,37,N2EXMIDP,0,0
2019-02-12,38,APXMIDP ,1428.05,60.2
2019-02-12,38,N2EXMIDP,0,0
2019-02-12,39,APXMIDP ,902.6,56.47
2019-02-12,39,N2EXMIDP,25,54.5
2019-02-12,40,APXMIDP ,992.5,53.39
2019-02-12,40,N2EXMIDP,25,54.5
2019-02-12,41,APXMIDP ,906.3,49.85
2019-02-12,41,N2EXMIDP,25,54.5
2019-02-12,42,APXMIDP ,1191.55,50.14
2019-02-12,42,N2EXMIDP,48.5,51.7
2019-02-12,43,APXMIDP ,1199.35,45.43
2019-02-12,43,N2EXMIDP,0,0
2019-02-12,44,APXMIDP ,1133.8,45.06
2019-02-12,44,N2EXMIDP,0,0
2019-02-12,45,APXMIDP ,1537.4,44.72
2019-02-12,45,N2EXMIDP,0,0
2019-02-12,46,APXMIDP ,1726.5,44.32
2019-02-12,46,N2EXMIDP,0,0
2019-02-12,47,APXMIDP ,111,45
2019-02-12,47,N2EXMIDP,0,0
2019-02-12,48,APXMIDP ,155.95,46.55
2019-02-12,48,N2EXMIDP,0,0
2019-02-13,1,APXMIDP ,418.5,47.01
2019-02-13,1,N2EXMIDP,0,0
2019-02-13,2,APXMIDP ,179.1,49.42
2019-02-13,2,N2EXMIDP,0,0
2019-02-13,3,APXMIDP ,116.5,46.73
2019-02-13,3,N2EXMIDP,0,0
2019-02-13,4,APXMIDP ,317.55,46
2019-02-13,4,N2EXMIDP,0,0
2019-02-13,5,APXMIDP ,333.55,42.87
2019-02-13,5,N2EXMIDP,0,0
2019-02-13,6,APXMIDP ,328,40.47
2019-02-13,6,N2EXMIDP,0,0
2019-02-13,7,APXMIDP ,310.25,41.99
2019-02-13,7,N2EXMIDP,0,0
2019-02-13,8,APXMIDP ,326,41.54
2019-02-13,8,N2EXMIDP,0,0
2019-02-13,9,APXMIDP ,477.5,39.55
2019-02-13,9,N2EXMIDP,0,0
2019-02-13,10,APXMIDP ,552.35,40.63
2019-02-13,10,N2EXMIDP,0,0
2019-02-13,11,APXMIDP ,378,43.77
2019-02-13,11,N2EXMIDP,0,0
2019-02-13,12,APXMIDP ,214.8,43.53
2019-02-13,12,N2EXMIDP,0,0
2019-02-13,13,APXMIDP ,487.7,48.75
2019-02-13,13,N2EXMIDP,0,0
2019-02-13,14,APXMIDP ,943.6,48.39
2019-02-13,14,N2EXMIDP,0,0
2019-02-13,15,APXMIDP ,207.75,51.21
2019-02-13,15,N2EXMIDP,0,0
2019-02-13,16,APXMIDP ,132.05,51.25
2019-02-13,16,N2EXMIDP,0,0
2019-02-13,17,APXMIDP ,287.3,51.1
2019-02-13,17,N2EXMIDP,0,0
2019-02-13,18,APXMIDP ,278.2,49.26
2019-02-13,18,N2EXMIDP,0,0
2019-02-13,19,APXMIDP ,530.25,47.29
2019-02-13,19,N2EXMIDP,0,0
2019-02-13,20,APXMIDP ,500.75,45.51
2019-02-13,20,N2EXMIDP,0,0
2019-02-13,21,APXMIDP ,827.35,42.69
2019-02-13,21,N2EXMIDP,0,0
2019-02-13,22,APXMIDP ,912.25,43.7
2019-02-13,22,N2EXMIDP,0,0
2019-02-13,23,APXMIDP ,930.05,42.93
2019-02-13,23,N2EXMIDP,0,0
2019-02-13,24,APXMIDP ,1304.55,44.65
2019-02-13,24,N2EXMIDP,0,0
2019-02-13,25,APXMIDP ,1317.05,43.66
2019-02-13,25,N2EXMIDP,0,0
2019-02-13,26,APXMIDP ,1501,43.67
2019-02-13,26,N2EXMIDP,0,0
2019-02-13,27,APXMIDP ,1659.2,42.5
2019-02-13,27,N2EXMIDP,0,0
2019-02-13,28,APXMIDP ,1758.65,42.35
2019-02-13,28,N2EXMIDP,0,0
2019-02-13,29,APXMIDP ,1648.7,42.56
2019-02-13,29,N2EXMIDP,0,0
2019-02-13,30,APXMIDP ,1784.05,42.37
2019-02-13,30,N2EXMIDP,0,0
2019-02-13,31,APXMIDP ,871.5,49.06
2019-02-13,31,N2EXMIDP,0,0
2019-02-13,32,APXMIDP ,789.45,50.71
2019-02-13,32,N2EXMIDP,0,0
2019-02-13,33,APXMIDP ,1129.5,48.97
2019-02-13,33,N2EXMIDP,0,0
2019-02-13,34,APXMIDP ,1123.8,49.43
2019-02-13,34,N2EXMIDP,0,0
2019-02-13,35,APXMIDP ,861.4,57.39
2019-02-13,35,N2EXMIDP,0,0
2019-02-13,36,APXMIDP ,1156.95,59.82
2019-02-13,36,N2EXMIDP,0,0
2019-02-13,37,APXMIDP ,1468.5,62.18
2019-02-13,37,N2EXMIDP,0,0
2019-02-13,38,APXMIDP ,1435.3,62
2019-02-13,38,N2EXMIDP,0,0
2019-02-13,39,APXMIDP ,915.85,61.83
2019-02-13,39,N2EXMIDP,0,0
2019-02-13,40,APXMIDP ,795.55,56.84
2019-02-13,40,N2EXMIDP,0,0
2019-02-13,41,APXMIDP ,727.15,53.73
2019-02-13,41,N2EXMIDP,0,0
2019-02-13,42,APXMIDP ,914.25,50.14
2019-02-13,42,N2EXMIDP,0,0
2019-02-13,43,APXMIDP ,1217.25,43.2
2019-02-13,43,N2EXMIDP,0,0
2019-02-13,44,APXMIDP ,1269.9,42.75
2019-02-13,44,N2EXMIDP,0,0
2019-02-13,45,APXMIDP ,1592.85,42.3
2019-02-13,45,N2EXMIDP,0,0
2019-02-13,46,APXMIDP ,1850.75,41.31
2019-02-13,46,N2EXMIDP,0,0
2019-02-13,47,APXMIDP ,72.2,40
2019-02-13,47,N2EXMIDP,0,0
2019-02-13,48,APXMIDP ,290.7,39.14
2019-02-13,48,N2EXMIDP,0,0
2019-02-14,1,APXMIDP ,252.5,38.98
2019-02-14,1,N2EXMIDP,0,0
2019-02-14,2,APXMIDP ,205,39.36
2019-02-14,2,N2EXMIDP,0,0
2019-02-14,3,APXMIDP ,294.7,42.31
2019-02-14,3,N2EXMIDP,0,0
2019-02-14,4,APXMIDP ,356.5,40.81
2019-02-14,4,N2EXMIDP,0,0
2019-02-14,5,APXMIDP ,312.5,41.5
2019-02-14,5,N2EXMIDP,0,0
2019-02-14,6,APXMIDP ,365.9,41.59
2019-02-14,6,N2EXMIDP,0,0
2019-02-14,7,APXMIDP ,299,41.1
2019-02-14,7,N2EXMIDP,0,0
2019-02-14,8,APXMIDP ,414.2,40.58
2019-02-14,8,N2EXMIDP,0,0
2019-02-14,9,APXMIDP ,468.7,40.24
2019-02-14,9,N2EXMIDP,0,0
2019-02-14,10,APXMIDP ,397.05,40.46
2019-02-14,10,N2EXMIDP,0,0
2019-02-14,11,APXMIDP ,442.3,40.82
2019-02-14,11,N2EXMIDP,0,0
2019-02-14,12,APXMIDP ,590.55,41.15
2019-02-14,12,N2EXMIDP,0,0
2019-02-14,13,APXMIDP ,444.6,51.79
2019-02-14,13,N2EXMIDP,0,0
2019-02-14,14,APXMIDP ,798.2,46.96
2019-02-14,14,N2EXMIDP,0,0
2019-02-14,15,APXMIDP ,190.5,53.43
2019-02-14,15,N2EXMIDP,0,0
2019-02-14,16,APXMIDP ,421.5,57.75
2019-02-14,16,N2EXMIDP,0,0
2019-02-14,17,APXMIDP ,572.7,57.29
2019-02-14,17,N2EXMIDP,0,0
2019-02-14,18,APXMIDP ,472.25,57.63
2019-02-14,18,N2EXMIDP,0,0
2019-02-14,19,APXMIDP ,362.45,56.28
2019-02-14,19,N2EXMIDP,0,0
2019-02-14,20,APXMIDP ,608.2,60.34
2019-02-14,20,N2EXMIDP,0,0
2019-02-14,21,APXMIDP ,747.55,57.27
2019-02-14,21,N2EXMIDP,0,0
2019-02-14,22,APXMIDP ,788.5,56.34
2019-02-14,22,N2EXMIDP,0,0
2019-02-14,23,APXMIDP ,636.3,46.21
2019-02-14,23,N2EXMIDP,0,0
2019-02-14,24,APXMIDP ,1006.15,47.87
2019-02-14,24,N2EXMIDP,0,0
2019-02-14,25,APXMIDP ,936.85,47.75
2019-02-14,25,N2EXMIDP,0,0
2019-02-14,26,APXMIDP ,1141.1,45.92
2019-02-14,26,N2EXMIDP,0,0
2019-02-14,27,APXMIDP ,1224.35,45.93
2019-02-14,27,N2EXMIDP,0,0
2019-02-14,28,APXMIDP ,1413.35,45.5
2019-02-14,28,N2EXMIDP,0,0
2019-02-14,29,APXMIDP ,1427.3,45.82
2019-02-14,29,N2EXMIDP,0,0
2019-02-14,30,APXMIDP ,1389.45,46.11
2019-02-14,30,N2EXMIDP,0,0
2019-02-14,31,APXMIDP ,473,55.91
2019-02-14,31,N2EXMIDP,0,0
2019-02-14,32,APXMIDP ,574.75,56.03
2019-02-14,32,N2EXMIDP,0,0
2019-02-14,33,APXMIDP ,754.2,55.51
2019-02-14,33,N2EXMIDP,0,0
2019-02-14,34,APXMIDP ,999.35,58.92
2019-02-14,34,N2EXMIDP,0,0
2019-02-14,35,APXMIDP ,1296.85,68.84
2019-02-14,35,N2EXMIDP,0,0
2019-02-14,36,APXMIDP ,1378.1,69.99
2019-02-14,36,N2EXMIDP,0,0
2019-02-14,37,APXMIDP ,1678.85,72.24
2019-02-14,37,N2EXMIDP,0,0
2019-02-14,38,APXMIDP ,1543.95,70.26
2019-02-14,38,N2EXMIDP,0,0
2019-02-14,39,APXMIDP ,1463.85,63.5
2019-02-14,39,N2EXMIDP,0,0
2019-02-14,40,APXMIDP ,1261.4,60.25
2019-02-14,40,N2EXMIDP,0,0
2019-02-14,41,APXMIDP ,1440.75,60.19
2019-02-14,41,N2EXMIDP,0,0
2019-02-14,42,APXMIDP ,1647.4,55.15
2019-02-14,42,N2EXMIDP,0,0
2019-02-14,43,APXMIDP ,1398.8,49.87
2019-02-14,43,N2EXMIDP,0,0
2019-02-14,44,APXMIDP ,1676.5,50.12
2019-02-14,44,N2EXMIDP,0,0
2019-02-14,45,APXMIDP ,1672,49.98
2019-02-14,45,N2EXMIDP,0,0
2019-02-14,46,APXMIDP ,1912.4,48.48
2019-02-14,46,N2EXMIDP,0,0
2019-02-14,47,APXMIDP ,337.9,42.61
2019-02-14,47,N2EXMIDP,0,0
2019-02-14,48,APXMIDP ,187.75,45.23
2019-02-14,48,N2EXMIDP,0,0
2019-02-15,1,APXMIDP ,332.9,43.74
2019-02-15,1,N2EXMIDP,0,0
2019-02-15,2,APXMIDP ,284.85,45.49
2019-02-15,2,N2EXMIDP,0,0
2019-02-15,3,APXMIDP ,216.35,46.4
2019-02-15,3,N2EXMIDP,0,0
2019-02-15,4,APXMIDP ,388.9,44.02
2019-02-15,4,N2EXMIDP,0,0
2019-02-15,5,APXMIDP ,393.05,44.05
2019-02-15,5,N2EXMIDP,0,0
2019-02-15,6,APXMIDP ,513.5,44
2019-02-15,6,N2EXMIDP,0,0
2019-02-15,7,APXMIDP ,414.8,43.97
2019-02-15,7,N2EXMIDP,0,0
2019-02-15,8,APXMIDP ,497.15,44.39
2019-02-15,8,N2EXMIDP,0,0
2019-02-15,9,APXMIDP ,448.55,43.99
2019-02-15,9,N2EXMIDP,0,0
2019-02-15,10,APXMIDP ,570.25,43.97
2019-02-15,10,N2EXMIDP,0,0
2019-02-15,11,APXMIDP ,315.5,47.67
2019-02-15,11,N2EXMIDP,0,0
2019-02-15,12,APXMIDP ,288,50.19
2019-02-15,12,N2EXMIDP,0,0
2019-02-15,13,APXMIDP ,539.45,58.15
2019-02-15,13,N2EXMIDP,0,0
2019-02-15,14,APXMIDP ,798.15,50.53
2019-02-15,14,N2EXMIDP,0,0
2019-02-15,15,APXMIDP ,289.25,64.45
2019-02-15,15,N2EXMIDP,0,0
2019-02-15,16,APXMIDP ,491.95,66.15
2019-02-15,16,N2EXMIDP,0,0
2019-02-15,17,APXMIDP ,846.15,62.37
2019-02-15,17,N2EXMIDP,0,0
2019-02-15,18,APXMIDP ,516.15,61.16
2019-02-15,18,N2EXMIDP,0,0
2019-02-15,19,APXMIDP ,321.25,59.23
2019-02-15,19,N2EXMIDP,0,0
2019-02-15,20,APXMIDP ,396.25,56.48
2019-02-15,20,N2EXMIDP,0,0
2019-02-15,21,APXMIDP ,579.9,51.87
2019-02-15,21,N2EXMIDP,0,0
2019-02-15,22,APXMIDP ,1362.25,45.54
2019-02-15,22,N2EXMIDP,0,0
2019-02-15,23,APXMIDP ,1143.85,40.76
2019-02-15,23,N2EXMIDP,0,0
2019-02-15,24,APXMIDP ,1322.25,40.96
2019-02-15,24,N2EXMIDP,0,0
2019-02-15,25,APXMIDP ,1312.35,41.01
2019-02-15,25,N2EXMIDP,0,0
2019-02-15,26,APXMIDP ,1266.85,41
2019-02-15,26,N2EXMIDP,0,0
2019-02-15,27,APXMIDP ,1273.8,40.37
2019-02-15,27,N2EXMIDP,0,0
2019-02-15,28,APXMIDP ,1258.5,40.33
2019-02-15,28,N2EXMIDP,0,0
2019-02-15,29,APXMIDP ,1402.75,40.21
2019-02-15,29,N2EXMIDP,0,0
2019-02-15,30,APXMIDP ,1380.35,40.26
2019-02-15,30,N2EXMIDP,0,0
2019-02-15,31,APXMIDP ,1173.2,42.81
2019-02-15,31,N2EXMIDP,0,0
2019-02-15,32,APXMIDP ,1505.1,44.1
2019-02-15,32,N2EXMIDP,0,0
2019-02-15,33,APXMIDP ,1489.15,45.65
2019-02-15,33,N2EXMIDP,0,0
2019-02-15,34,APXMIDP ,1026.15,47.19
2019-02-15,34,N2EXMIDP,0,0
2019-02-15,35,APXMIDP ,1078.8,57.13
2019-02-15,35,N2EXMIDP,0,0
2019-02-15,36,APXMIDP ,1320.3,59.03
2019-02-15,36,N2EXMIDP,0,0
2019-02-15,37,APXMIDP ,1736.15,62.42
2019-02-15,37,N2EXMIDP,0,0
2019-02-15,38,APXMIDP ,1515.45,60.03
2019-02-15,38,N2EXMIDP,0,0
2019-02-15,39,APXMIDP ,964.7,51.35
2019-02-15,39,N2EXMIDP,0,0
2019-02-15,40,APXMIDP ,981.65,48.09
2019-02-15,40,N2EXMIDP,0,0
2019-02-15,41,APXMIDP ,940.65,47.58
2019-02-15,41,N2EXMIDP,0,0
2019-02-15,42,APXMIDP ,1362.05,47.75
2019-02-15,42,N2EXMIDP,0,0
2019-02-15,43,APXMIDP ,1645.1,45.11
2019-02-15,43,N2EXMIDP,0,0
2019-02-15,44,APXMIDP ,1757.05,44.62
2019-02-15,44,N2EXMIDP,0,0
2019-02-15,45,APXMIDP ,2482.6,44.22
2019-02-15,45,N2EXMIDP,0,0
2019-02-15,46,APXMIDP ,2706,43.92
2019-02-15,46,N2EXMIDP,0,0
2019-02-15,47,APXMIDP ,186.5,43.04
2019-02-15,47,N2EXMIDP,0,0
2019-02-15,48,APXMIDP ,225,42.5
2019-02-15,48,N2EXMIDP,0,0
2019-02-16,1,APXMIDP ,160,41.24
2019-02-16,1,N2EXMIDP,0,0
2019-02-16,2,APXMIDP ,352.3,39.23
2019-02-16,2,N2EXMIDP,0,0
2019-02-16,3,APXMIDP ,411,37.84
2019-02-16,3,N2EXMIDP,0,0
2019-02-16,4,APXMIDP ,447.5,38.47
2019-02-16,4,N2EXMIDP,0,0
2019-02-16,5,APXMIDP ,353,38.81
2019-02-16,5,N2EXMIDP,0,0
2019-02-16,6,APXMIDP ,320,38.32
2019-02-16,6,N2EXMIDP,0,0
2019-02-16,7,APXMIDP ,226,40.82
2019-02-16,7,N2EXMIDP,0,0
2019-02-16,8,APXMIDP ,236,41.21
2019-02-16,8,N2EXMIDP,0,0
2019-02-16,9,APXMIDP ,333,41.6
2019-02-16,9,N2EXMIDP,0,0
2019-02-16,10,APXMIDP ,339.6,41.16
2019-02-16,10,N2EXMIDP,0,0
2019-02-16,11,APXMIDP ,215.3,41.01
2019-02-16,11,N2EXMIDP,0,0
2019-02-16,12,APXMIDP ,181.5,41.46
2019-02-16,12,N2EXMIDP,0,0
2019-02-16,13,APXMIDP ,416.15,43.58
2019-02-16,13,N2EXMIDP,0,0
2019-02-16,14,APXMIDP ,734.2,42.24
2019-02-16,14,N2EXMIDP,0,0
2019-02-16,15,APXMIDP ,408.4,49.55
2019-02-16,15,N2EXMIDP,0,0
2019-02-16,16,APXMIDP ,409,46.35
2019-02-16,16,N2EXMIDP,0,0
2019-02-16,17,APXMIDP ,263.4,46.79
2019-02-16,17,N2EXMIDP,0,0
2019-02-16,18,APXMIDP ,327.75,48.33
2019-02-16,18,N2EXMIDP,0,0
2019-02-16,19,APXMIDP ,307.9,46.41
2019-02-16,19,N2EXMIDP,0,0
2019-02-16,20,APXMIDP ,438.05,47
2019-02-16,20,N2EXMIDP,0,0
2019-02-16,21,APXMIDP ,409.5,47.05
2019-02-16,21,N2EXMIDP,0,0
2019-02-16,22,APXMIDP ,563.85,46.16
2019-02-16,22,N2EXMIDP,0,0
2019-02-16,23,APXMIDP ,789.6,42.06
2019-02-16,23,N2EXMIDP,0,0
2019-02-16,24,APXMIDP ,1038.65,41.35
2019-02-16,24,N2EXMIDP,0,0
2019-02-16,25,APXMIDP ,1096,41.18
2019-02-16,25,N2EXMIDP,0,0
2019-02-16,26,APXMIDP ,1228.1,41.16
2019-02-16,26,N2EXMIDP,0,0
2019-02-16,27,APXMIDP ,1288.5,41.6
2019-02-16,27,N2EXMIDP,0,0
2019-02-16,28,APXMIDP ,1458.95,41.57
2019-02-16,28,N2EXMIDP,0,0
2019-02-16,29,APXMIDP ,1669.55,41.23
2019-02-16,29,N2EXMIDP,0,0
2019-02-16,30,APXMIDP ,1748.35,40.96
2019-02-16,30,N2EXMIDP,0,0
2019-02-16,31,APXMIDP ,1380.5,44.16
2019-02-16,31,N2EXMIDP,0,0
2019-02-16,32,APXMIDP ,1468.8,44.26
2019-02-16,32,N2EXMIDP,0,0
2019-02-16,33,APXMIDP ,1595.8,44.41
2019-02-16,33,N2EXMIDP,0,0
2019-02-16,34,APXMIDP ,1458.9,46.42
2019-02-16,34,N2EXMIDP,0,0
2019-02-16,35,APXMIDP ,1403,61.09
2019-02-16,35,N2EXMIDP,0,0
2019-02-16,36,APXMIDP ,1464,63.99
2019-02-16,36,N2EXMIDP,0,0
2019-02-16,37,APXMIDP ,1691.6,64.66
2019-02-16,37,N2EXMIDP,0,0
2019-02-16,38,APXMIDP ,1557.8,62.77
2019-02-16,38,N2EXMIDP,0,0
2019-02-16,39,APXMIDP ,853.25,53.1
2019-02-16,39,N2EXMIDP,0,0
2019-02-16,40,APXMIDP ,711.25,49.94
2019-02-16,40,N2EXMIDP,0,0
2019-02-16,41,APXMIDP ,887.9,48.59
2019-02-16,41,N2EXMIDP,0,0
2019-02-16,42,APXMIDP ,914.85,48.39
2019-02-16,42,N2EXMIDP,0,0
2019-02-16,43,APXMIDP ,1335.1,45.94
2019-02-16,43,N2EXMIDP,0,0
2019-02-16,44,APXMIDP ,1333.7,45.95
2019-02-16,44,N2EXMIDP,0,0
2019-02-16,45,APXMIDP ,1574.15,45.84
2019-02-16,45,N2EXMIDP,0,0
2019-02-16,46,APXMIDP ,1655.05,46.07
2019-02-16,46,N2EXMIDP,0,0
2019-02-16,47,APXMIDP ,392.85,52.06
2019-02-16,47,N2EXMIDP,0,0
2019-02-16,48,APXMIDP ,489.75,53.44
2019-02-16,48,N2EXMIDP,0,0
2019-02-17,1,APXMIDP ,388.55,53.24
2019-02-17,1,N2EXMIDP,0,0
2019-02-17,2,APXMIDP ,438.5,53.44
2019-02-17,2,N2EXMIDP,0,0
2019-02-17,3,APXMIDP ,468.3,48.79
2019-02-17,3,N2EXMIDP,0,0
2019-02-17,4,APXMIDP ,493.5,49.23
2019-02-17,4,N2EXMIDP,0,0
2019-02-17,5,APXMIDP ,396,48.5
2019-02-17,5,N2EXMIDP,0,0
2019-02-17,6,APXMIDP ,396,48.5
2019-02-17,6,N2EXMIDP,0,0
2019-02-17,7,APXMIDP ,321,41.95
2019-02-17,7,N2EXMIDP,0,0
2019-02-17,8,APXMIDP ,344,41.05
2019-02-17,8,N2EXMIDP,0,0
2019-02-17,9,APXMIDP ,346.5,41.04
2019-02-17,9,N2EXMIDP,0,0
2019-02-17,10,APXMIDP ,388.65,41.23
2019-02-17,10,N2EXMIDP,0,0
2019-02-17,11,APXMIDP ,254,42.61
2019-02-17,11,N2EXMIDP,0,0
2019-02-17,12,APXMIDP ,283.5,43.5
2019-02-17,12,N2EXMIDP,0,0
2019-02-17,13,APXMIDP ,435.65,47.19
2019-02-17,13,N2EXMIDP,0,0
2019-02-17,14,APXMIDP ,746.4,48.35
2019-02-17,14,N2EXMIDP,0,0
2019-02-17,15,APXMIDP ,42.35,48
2019-02-17,15,N2EXMIDP,0,0
2019-02-17,16,APXMIDP ,144.5,47.87
2019-02-17,16,N2EXMIDP,0,0
2019-02-17,17,APXMIDP ,283.2,48.73
2019-02-17,17,N2EXMIDP,0,0
2019-02-17,18,APXMIDP ,425,49.4
2019-02-17,18,N2EXMIDP,0,0
2019-02-17,19,APXMIDP ,303.55,49.53
2019-02-17,19,N2EXMIDP,0,0
2019-02-17,20,APXMIDP ,434.05,50.53
2019-02-17,20,N2EXMIDP,0,0
2019-02-17,21,APXMIDP ,439.8,49.12
2019-02-17,21,N2EXMIDP,0,0
2019-02-17,22,APXMIDP ,663.75,48.81
2019-02-17,22,N2EXMIDP,0,0
2019-02-17,23,APXMIDP ,215.2,41.96
2019-02-17,23,N2EXMIDP,0,0
2019-02-17,24,APXMIDP ,377.7,39.89
2019-02-17,24,N2EXMIDP,0,0
2019-02-17,25,APXMIDP ,424.45,41.78
2019-02-17,25,N2EXMIDP,0,0
2019-02-17,26,APXMIDP ,519.95,44.02
2019-02-17,26,N2EXMIDP,0,0
2019-02-17,27,APXMIDP ,677.6,42.78
2019-02-17,27,N2EXMIDP,0,0
2019-02-17,28,APXMIDP ,928.6,43
2019-02-17,28,N2EXMIDP,0,0
2019-02-17,29,APXMIDP ,996.85,42.46
2019-02-17,29,N2EXMIDP,0,0
2019-02-17,30,APXMIDP ,1020.55,42.39
2019-02-17,30,N2EXMIDP,0,0
2019-02-17,31,APXMIDP ,920.45,49.66
2019-02-17,31,N2EXMIDP,0,0
2019-02-17,32,APXMIDP ,947.3,52.37
2019-02-17,32,N2EXMIDP,0,0
2019-02-17,33,APXMIDP ,1374.1,48.48
2019-02-17,33,N2EXMIDP,0,0
2019-02-17,34,APXMIDP ,1249.5,51.94
2019-02-17,34,N2EXMIDP,0,0
2019-02-17,35,APXMIDP ,1048.25,60.29
2019-02-17,35,N2EXMIDP,0,0
2019-02-17,36,APXMIDP ,1201.6,63.94
2019-02-17,36,N2EXMIDP,0,0
2019-02-17,37,APXMIDP ,1202.55,64.25
2019-02-17,37,N2EXMIDP,0,0
2019-02-17,38,APXMIDP ,1145.35,62.6
2019-02-17,38,N2EXMIDP,0,0
2019-02-17,39,APXMIDP ,658.8,47.09
2019-02-17,39,N2EXMIDP,0,0
2019-02-17,40,APXMIDP ,905.65,46.98
2019-02-17,40,N2EXMIDP,0,0
2019-02-17,41,APXMIDP ,754.95,43.61
2019-02-17,41,N2EXMIDP,0,0
2019-02-17,42,APXMIDP ,766.55,43.12
2019-02-17,42,N2EXMIDP,0,0
2019-02-17,43,APXMIDP ,1082.9,44.7
2019-02-17,43,N2EXMIDP,0,0
2019-02-17,44,APXMIDP ,892.65,43.92
2019-02-17,44,N2EXMIDP,0,0
2019-02-17,45,APXMIDP ,1157.55,43.64
2019-02-17,45,N2EXMIDP,0,0
2019-02-17,46,APXMIDP ,1566.4,43.07
2019-02-17,46,N2EXMIDP,0,0
2019-02-17,47,APXMIDP ,91.45,41.55
2019-02-17,47,N2EXMIDP,0,0
2019-02-17,48,APXMIDP ,132.5,41.41
2019-02-17,48,N2EXMIDP,0,0
2019-02-18,1,APXMIDP ,231.25,38.52
2019-02-18,1,N2EXMIDP,0,0
2019-02-18,2,APXMIDP ,250.8,38.41
2019-02-18,2,N2EXMIDP,0,0
2019-02-18,3,APXMIDP ,392.4,38.16
2019-02-18,3,N2EXMIDP,0,0
2019-02-18,4,APXMIDP ,395,37.76
2019-02-18,4,N2EXMIDP,0,0
2019-02-18,5,APXMIDP ,343.8,37.86
2019-02-18,5,N2EXMIDP,0,0
2019-02-18,6,APXMIDP ,317.5,38.51
2019-02-18,6,N2EXMIDP,0,0
2019-02-18,7,APXMIDP ,311.5,36.96
2019-02-18,7,N2EXMIDP,0,0
2019-02-18,8,APXMIDP ,374.8,36.68
2019-02-18,8,N2EXMIDP,0,0
2019-02-18,9,APXMIDP ,416,36.63
2019-02-18,9,N2EXMIDP,0,0
2019-02-18,10,APXMIDP ,416,36.63
2019-02-18,10,N2EXMIDP,0,0
2019-02-18,11,APXMIDP ,243.8,44.53
2019-02-18,11,N2EXMIDP,0,0
2019-02-18,12,APXMIDP ,223.75,44.7
2019-02-18,12,N2EXMIDP,0,0
2019-02-18,13,APXMIDP ,504.5,47.44
2019-02-18,13,N2EXMIDP,0,0
2019-02-18,14,APXMIDP ,920.05,44.52
2019-02-18,14,N2EXMIDP,0,0
2019-02-18,15,APXMIDP ,349.2,47.02
2019-02-18,15,N2EXMIDP,0,0
2019-02-18,16,APXMIDP ,512.65,46.03
2019-02-18,16,N2EXMIDP,0,0
2019-02-18,17,APXMIDP ,538.15,43.28
2019-02-18,17,N2EXMIDP,0,0
2019-02-18,18,APXMIDP ,467.8,43.53
2019-02-18,18,N2EXMIDP,0,0
2019-02-18,19,APXMIDP ,848.35,42.51
2019-02-18,19,N2EXMIDP,0,0
2019-02-18,20,APXMIDP ,938.95,42.35
2019-02-18,20,N2EXMIDP,0,0
2019-02-18,21,APXMIDP ,1060.15,42.28
2019-02-18,21,N2EXMIDP,0,0
2019-02-18,22,APXMIDP ,1081.6,42
2019-02-18,22,N2EXMIDP,0,0
2019-02-18,23,APXMIDP ,1295.55,43.57
2019-02-18,23,N2EXMIDP,0,0
2019-02-18,24,APXMIDP ,1227.2,42.3
2019-02-18,24,N2EXMIDP,0,0
2019-02-18,25,APXMIDP ,1369,42.16
2019-02-18,25,N2EXMIDP,0,0
2019-02-18,26,APXMIDP ,1371.25,42.04
2019-02-18,26,N2EXMIDP,0,0
2019-02-18,27,APXMIDP ,1284.75,41.94
2019-02-18,27,N2EXMIDP,0,0
2019-02-18,28,APXMIDP ,1405.25,42.22
2019-02-18,28,N2EXMIDP,0,0
2019-02-18,29,APXMIDP ,1377.25,42.97
2019-02-18,29,N2EXMIDP,0,0
2019-02-18,30,APXMIDP ,1575.8,41.91
2019-02-18,30,N2EXMIDP,0,0
2019-02-18,31,APXMIDP ,1192.55,45.5
2019-02-18,31,N2EXMIDP,0,0
2019-02-18,32,APXMIDP ,1302.65,46.28
2019-02-18,32,N2EXMIDP,0,0
2019-02-18,33,APXMIDP ,1354.7,45.17
2019-02-18,33,N2EXMIDP,0,0
2019-02-18,34,APXMIDP ,1508.85,46.07
2019-02-18,34,N2EXMIDP,0,0
2019-02-18,35,APXMIDP ,1450,55.03
2019-02-18,35,N2EXMIDP,0,0
2019-02-18,36,APXMIDP ,1299,60.53
2019-02-18,36,N2EXMIDP,0,0
2019-02-18,37,APXMIDP ,1368.7,61.17
2019-02-18,37,N2EXMIDP,0,0
2019-02-18,38,APXMIDP ,1254.05,60.14
2019-02-18,38,N2EXMIDP,0,0
2019-02-18,39,APXMIDP ,1262.5,59.35
2019-02-18,39,N2EXMIDP,0,0
2019-02-18,40,APXMIDP ,1400.05,56.79
2019-02-18,40,N2EXMIDP,0,0
2019-02-18,41,APXMIDP ,1134.85,52.13
2019-02-18,41,N2EXMIDP,0,0
2019-02-18,42,APXMIDP ,1257.5,50.49
2019-02-18,42,N2EXMIDP,0,0
2019-02-18,43,APXMIDP ,1192.1,46.52
2019-02-18,43,N2EXMIDP,0,0
2019-02-18,44,APXMIDP ,1621.05,44.81
2019-02-18,44,N2EXMIDP,0,0
2019-02-18,45,APXMIDP ,1585.4,43.67
2019-02-18,45,N2EXMIDP,0,0
2019-02-18,46,APXMIDP ,1761.95,42.38
2019-02-18,46,N2EXMIDP,0,0
2019-02-18,47,APXMIDP ,26,39.78
2019-02-18,47,N2EXMIDP,0,0
2019-02-18,48,APXMIDP ,126,44.28
2019-02-18,48,N2EXMIDP,0,0
2019-02-19,1,APXMIDP ,162.4,44.49
2019-02-19,1,N2EXMIDP,0,0
2019-02-19,2,APXMIDP ,166.7,44.45
2019-02-19,2,N2EXMIDP,0,0
2019-02-19,3,APXMIDP ,187.25,41.86
2019-02-19,3,N2EXMIDP,0,0
2019-02-19,4,APXMIDP ,493.05,41.21
2019-02-19,4,N2EXMIDP,0,0
2019-02-19,5,APXMIDP ,398.5,40.44
2019-02-19,5,N2EXMIDP,0,0
2019-02-19,6,APXMIDP ,345.1,39.86
2019-02-19,6,N2EXMIDP,0,0
2019-02-19,7,APXMIDP ,350.6,39.65
2019-02-19,7,N2EXMIDP,0,0
2019-02-19,8,APXMIDP ,431.7,38.71
2019-02-19,8,N2EXMIDP,0,0
2019-02-19,9,APXMIDP ,403.4,38.08
2019-02-19,9,N2EXMIDP,0,0
2019-02-19,10,APXMIDP ,472.55,37.25
2019-02-19,10,N2EXMIDP,0,0
2019-02-19,11,APXMIDP ,531.9,38.4
2019-02-19,11,N2EXMIDP,0,0
2019-02-19,12,APXMIDP ,502.1,40.45
2019-02-19,12,N2EXMIDP,0,0
2019-02-19,13,APXMIDP ,666.1,45.8
2019-02-19,13,N2EXMIDP,0,0
2019-02-19,14,APXMIDP ,917.3,44.46
2019-02-19,14,N2EXMIDP,0,0
2019-02-19,15,APXMIDP ,431.5,47.6
2019-02-19,15,N2EXMIDP,0,0
2019-02-19,16,APXMIDP ,396.5,48.06
2019-02-19,16,N2EXMIDP,0,0
2019-02-19,17,APXMIDP ,831.65,47.55
2019-02-19,17,N2EXMIDP,0,0
2019-02-19,18,APXMIDP ,643.75,47.03
2019-02-19,18,N2EXMIDP,0,0
2019-02-19,19,APXMIDP ,759.45,46.74
2019-02-19,19,N2EXMIDP,0,0
2019-02-19,20,APXMIDP ,773.85,45.69
2019-02-19,20,N2EXMIDP,0,0
2019-02-19,21,APXMIDP ,625,47.02
2019-02-19,21,N2EXMIDP,0,0
2019-02-19,22,APXMIDP ,916.5,44.49
2019-02-19,22,N2EXMIDP,0,0
2019-02-19,23,APXMIDP ,1010.5,43.09
2019-02-19,23,N2EXMIDP,0,0
2019-02-19,24,APXMIDP ,1401.05,42.37
2019-02-19,24,N2EXMIDP,0,0
2019-02-19,25,APXMIDP ,1435.05,41.7
2019-02-19,25,N2EXMIDP,0,0
2019-02-19,26,APXMIDP ,1566.95,41.39
2019-02-19,26,N2EXMIDP,0,0
2019-02-19,27,APXMIDP ,1638.1,42.06
2019-02-19,27,N2EXMIDP,0,0
2019-02-19,28,APXMIDP ,1452.45,42.21
2019-02-19,28,N2EXMIDP,0,0
2019-02-19,29,APXMIDP ,1511.9,42.58
2019-02-19,29,N2EXMIDP,0,0
2019-02-19,30,APXMIDP ,1511.3,42.41
2019-02-19,30,N2EXMIDP,0,0
2019-02-19,31,APXMIDP ,806.95,45.46
2019-02-19,31,N2EXMIDP,0,0
2019-02-19,32,APXMIDP ,701.75,47.22
2019-02-19,32,N2EXMIDP,0,0
2019-02-19,33,APXMIDP ,834.45,47.23
2019-02-19,33,N2EXMIDP,0,0
2019-02-19,34,APXMIDP ,915.05,47.58
2019-02-19,34,N2EXMIDP,0,0
2019-02-19,35,APXMIDP ,1122,57.27
2019-02-19,35,N2EXMIDP,0,0
2019-02-19,36,APXMIDP ,1617.75,63.5
2019-02-19,36,N2EXMIDP,0,0
2019-02-19,37,APXMIDP ,1700.35,63.95
2019-02-19,37,N2EXMIDP,0,0
2019-02-19,38,APXMIDP ,1599.75,64.13
2019-02-19,38,N2EXMIDP,0,0
2019-02-19,39,APXMIDP ,908.45,59.57
2019-02-19,39,N2EXMIDP,0,0
2019-02-19,40,APXMIDP ,622,53.85
2019-02-19,40,N2EXMIDP,0,0
2019-02-19,41,APXMIDP ,781.65,47.56
2019-02-19,41,N2EXMIDP,0,0
2019-02-19,42,APXMIDP ,1035.9,46.66
2019-02-19,42,N2EXMIDP,0,0
2019-02-19,43,APXMIDP ,1662.45,45.83
2019-02-19,43,N2EXMIDP,0,0
2019-02-19,44,APXMIDP ,1933.8,46.29
2019-02-19,44,N2EXMIDP,0,0
2019-02-19,45,APXMIDP ,1897.85,45.72
2019-02-19,45,N2EXMIDP,0,0
2019-02-19,46,APXMIDP ,2098.45,45.01
2019-02-19,46,N2EXMIDP,0,0
2019-02-19,47,APXMIDP ,123.85,42.13
2019-02-19,47,N2EXMIDP,0,0
2019-02-19,48,APXMIDP ,266.45,42.09
2019-02-19,48,N2EXMIDP,0,0
2019-02-20,1,APXMIDP ,129.2,40.19
2019-02-20,1,N2EXMIDP,0,0
2019-02-20,2,APXMIDP ,163.15,39.66
2019-02-20,2,N2EXMIDP,0,0
2019-02-20,3,APXMIDP ,106.75,42.27
2019-02-20,3,N2EXMIDP,0,0
2019-02-20,4,APXMIDP ,173.05,40.33
2019-02-20,4,N2EXMIDP,0,0
2019-02-20,5,APXMIDP ,233.5,40.48
2019-02-20,5,N2EXMIDP,0,0
2019-02-20,6,APXMIDP ,233.5,40.48
2019-02-20,6,N2EXMIDP,0,0
2019-02-20,7,APXMIDP ,223.5,36.09
2019-02-20,7,N2EXMIDP,0,0
2019-02-20,8,APXMIDP ,286,37.86
2019-02-20,8,N2EXMIDP,0,0
2019-02-20,9,APXMIDP ,378.5,38.42
2019-02-20,9,N2EXMIDP,0,0
2019-02-20,10,APXMIDP ,445.25,37.6
2019-02-20,10,N2EXMIDP,0,0
2019-02-20,11,APXMIDP ,371.1,44.33
2019-02-20,11,N2EXMIDP,0,0
2019-02-20,12,APXMIDP ,538.2,43.45
2019-02-20,12,N2EXMIDP,0,0
2019-02-20,13,APXMIDP ,484.95,44.03
2019-02-20,13,N2EXMIDP,0,0
2019-02-20,14,APXMIDP ,926.15,41.4
2019-02-20,14,N2EXMIDP,0,0
2019-02-20,15,APXMIDP ,397.5,49.06
2019-02-20,15,N2EXMIDP,0,0
2019-02-20,16,APXMIDP ,519.65,51.49
2019-02-20,16,N2EXMIDP,0,0
2019-02-20,17,APXMIDP ,473.5,49.61
2019-02-20,17,N2EXMIDP,0,0
2019-02-20,18,APXMIDP ,505.1,48.9
2019-02-20,18,N2EXMIDP,0,0
2019-02-20,19,APXMIDP ,763.9,45.22
2019-02-20,19,N2EXMIDP,0,0
2019-02-20,20,APXMIDP ,854.5,45.33
2019-02-20,20,N2EXMIDP,0,0
2019-02-20,21,APXMIDP ,1033.5,45.67
2019-02-20,21,N2EXMIDP,0,0
2019-02-20,22,APXMIDP ,1182.1,45.26
2019-02-20,22,N2EXMIDP,0,0
2019-02-20,23,APXMIDP ,872.95,45.22
2019-02-20,23,N2EXMIDP,0,0
2019-02-20,24,APXMIDP ,1157.95,44.57
2019-02-20,24,N2EXMIDP,0,0
2019-02-20,25,APXMIDP ,1335.95,44.42
2019-02-20,25,N2EXMIDP,0,0
2019-02-20,26,APXMIDP ,1356.6,44.4
2019-02-20,26,N2EXMIDP,0,0
2019-02-20,27,APXMIDP ,1022.3,45.18
2019-02-20,27,N2EXMIDP,0,0
2019-02-20,28,APXMIDP ,1022.45,45.52
2019-02-20,28,N2EXMIDP,0,0
2019-02-20,29,APXMIDP ,1183.45,46.07
2019-02-20,29,N2EXMIDP,0,0
2019-02-20,30,APXMIDP ,1365.95,46.66
2019-02-20,30,N2EXMIDP,0,0
2019-02-20,31,APXMIDP ,384.45,46.87
2019-02-20,31,N2EXMIDP,0,0
2019-02-20,32,APXMIDP ,851.95,44.76
2019-02-20,32,N2EXMIDP,0,0
2019-02-20,33,APXMIDP ,1094.25,43.99
2019-02-20,33,N2EXMIDP,0,0
2019-02-20,34,APXMIDP ,1092.65,45.51
2019-02-20,34,N2EXMIDP,0,0
2019-02-20,35,APXMIDP ,1491.2,56.86
2019-02-20,35,N2EXMIDP,0,0
2019-02-20,36,APXMIDP ,1442.05,60.43
2019-02-20,36,N2EXMIDP,0,0
2019-02-20,37,APXMIDP ,1546.8,61.05
2019-02-20,37,N2EXMIDP,0,0
2019-02-20,38,APXMIDP ,1780.7,60.22
2019-02-20,38,N2EXMIDP,0,0
2019-02-20,39,APXMIDP ,1442.7,52.39
2019-02-20,39,N2EXMIDP,0,0
2019-02-20,40,APXMIDP ,1186.85,50.18
2019-02-20,40,N2EXMIDP,0,0
2019-02-20,41,APXMIDP ,1104.5,48.76
2019-02-20,41,N2EXMIDP,0,0
2019-02-20,42,APXMIDP ,1453,47.73
2019-02-20,42,N2EXMIDP,0,0
2019-02-20,43,APXMIDP ,1799,47.13
2019-02-20,43,N2EXMIDP,0,0
2019-02-20,44,APXMIDP ,1703.05,47.6
2019-02-20,44,N2EXMIDP,0,0
2019-02-20,45,APXMIDP ,2014.35,46.65
2019-02-20,45,N2EXMIDP,0,0
2019-02-20,46,APXMIDP ,2142.55,45.71
2019-02-20,46,N2EXMIDP,0,0
2019-02-20,47,APXMIDP ,328.5,42.55
2019-02-20,47,N2EXMIDP,0,0
2019-02-20,48,APXMIDP ,207.55,42.44
2019-02-20,48,N2EXMIDP,0,0
2019-02-21,1,APXMIDP ,159.85,42.44
2019-02-21,1,N2EXMIDP,0,0
2019-02-21,2,APXMIDP ,95.15,42.08
2019-02-21,2,N2EXMIDP,0,0
2019-02-21,3,APXMIDP ,137.1,42.17
2019-02-21,3,N2EXMIDP,0,0
2019-02-21,4,APXMIDP ,252.4,42.41
2019-02-21,4,N2EXMIDP,0,0
2019-02-21,5,APXMIDP ,312.2,42.75
2019-02-21,5,N2EXMIDP,0,0
2019-02-21,6,APXMIDP ,638.75,47.16
2019-02-21,6,N2EXMIDP,0,0
2019-02-21,7,APXMIDP ,230.4,44.58
2019-02-21,7,N2EXMIDP,0,0
2019-02-21,8,APXMIDP ,394.75,43.23
2019-02-21,8,N2EXMIDP,0,0
2019-02-21,9,APXMIDP ,347.75,43.64
2019-02-21,9,N2EXMIDP,0,0
2019-02-21,10,APXMIDP ,478.65,42.48
2019-02-21,10,N2EXMIDP,0,0
2019-02-21,11,APXMIDP ,226.05,45.01
2019-02-21,11,N2EXMIDP,0,0
2019-02-21,12,APXMIDP ,436.7,43.89
2019-02-21,12,N2EXMIDP,0,0
2019-02-21,13,APXMIDP ,483.25,44.05
2019-02-21,13,N2EXMIDP,0,0
2019-02-21,14,APXMIDP ,733.5,41.96
2019-02-21,14,N2EXMIDP,0,0
2019-02-21,15,APXMIDP ,335.15,48.99
2019-02-21,15,N2EXMIDP,0,0
2019-02-21,16,APXMIDP ,247.2,51.49
2019-02-21,16,N2EXMIDP,0,0
2019-02-21,17,APXMIDP ,294.8,48.55
2019-02-21,17,N2EXMIDP,0,0
2019-02-21,18,APXMIDP ,339.6,48.07
2019-02-21,18,N2EXMIDP,0,0
2019-02-21,19,APXMIDP ,513.55,47.68
2019-02-21,19,N2EXMIDP,0,0
2019-02-21,20,APXMIDP ,752.8,47.41
2019-02-21,20,N2EXMIDP,0,0
2019-02-21,21,APXMIDP ,686.9,47.37
2019-02-21,21,N2EXMIDP,0,0
2019-02-21,22,APXMIDP ,1117.75,48.99
2019-02-21,22,N2EXMIDP,0,0
2019-02-21,23,APXMIDP ,695.7,47.05
2019-02-21,23,N2EXMIDP,0,0
2019-02-21,24,APXMIDP ,751.25,46.98
2019-02-21,24,N2EXMIDP,0,0
2019-02-21,25,APXMIDP ,866.25,46.5
2019-02-21,25,N2EXMIDP,0,0
2019-02-21,26,APXMIDP ,1012.5,45.02
2019-02-21,26,N2EXMIDP,0,0
2019-02-21,27,APXMIDP ,1260.15,43.38
2019-02-21,27,N2EXMIDP,0,0
2019-02-21,28,APXMIDP ,1468.1,42.52
2019-02-21,28,N2EXMIDP,0,0
2019-02-21,29,APXMIDP ,1461.75,42.45
2019-02-21,29,N2EXMIDP,0,0
2019-02-21,30,APXMIDP ,1525.25,41.99
2019-02-21,30,N2EXMIDP,0,0
2019-02-21,31,APXMIDP ,1450.15,50.3
2019-02-21,31,N2EXMIDP,0,0
2019-02-21,32,APXMIDP ,1491.75,52.08
2019-02-21,32,N2EXMIDP,0,0
2019-02-21,33,APXMIDP ,1493.05,53.19
2019-02-21,33,N2EXMIDP,0,0
2019-02-21,34,APXMIDP ,1637.05,55.16
2019-02-21,34,N2EXMIDP,0,0
2019-02-21,35,APXMIDP ,1962.05,65.65
2019-02-21,35,N2EXMIDP,0,0
2019-02-21,36,APXMIDP ,2128.3,67.05
2019-02-21,36,N2EXMIDP,0,0
2019-02-21,37,APXMIDP ,1938.55,67.16
2019-02-21,37,N2EXMIDP,0,0
2019-02-21,38,APXMIDP ,2043.55,67.24
2019-02-21,38,N2EXMIDP,0,0
2019-02-21,39,APXMIDP ,1521.75,59.41
2019-02-21,39,N2EXMIDP,0,0
2019-02-21,40,APXMIDP ,1147.9,52.75
2019-02-21,40,N2EXMIDP,0,0
2019-02-21,41,APXMIDP ,1339.35,49.79
2019-02-21,41,N2EXMIDP,0,0
2019-02-21,42,APXMIDP ,1298.25,49.69
2019-02-21,42,N2EXMIDP,0,0
2019-02-21,43,APXMIDP ,1680.9,47.38
2019-02-21,43,N2EXMIDP,0,0
2019-02-21,44,APXMIDP ,2084,46.96
2019-02-21,44,N2EXMIDP,0,0
2019-02-21,45,APXMIDP ,2511.95,45.06
2019-02-21,45,N2EXMIDP,0,0
2019-02-21,46,APXMIDP ,2566.75,44.85
2019-02-21,46,N2EXMIDP,0,0
2019-02-21,47,APXMIDP ,245.15,43.27
2019-02-21,47,N2EXMIDP,0,0
2019-02-21,48,APXMIDP ,378.5,44.02
2019-02-21,48,N2EXMIDP,0,0
2019-02-22,1,APXMIDP ,654.35,42.85
2019-02-22,1,N2EXMIDP,0,0
2019-02-22,2,APXMIDP ,623.15,45.31
2019-02-22,2,N2EXMIDP,0,0
2019-02-22,3,APXMIDP ,364,45.97
2019-02-22,3,N2EXMIDP,0,0
2019-02-22,4,APXMIDP ,593.2,45.59
2019-02-22,4,N2EXMIDP,0,0
2019-02-22,5,APXMIDP ,463.9,45.77
2019-02-22,5,N2EXMIDP,0,0
2019-02-22,6,APXMIDP ,454.25,45.18
2019-02-22,6,N2EXMIDP,0,0
2019-02-22,7,APXMIDP ,330.1,39.85
2019-02-22,7,N2EXMIDP,0,0
2019-02-22,8,APXMIDP ,386.8,38.9
2019-02-22,8,N2EXMIDP,0,0
2019-02-22,9,APXMIDP ,405.45,38.72
2019-02-22,9,N2EXMIDP,0,0
2019-02-22,10,APXMIDP ,393.8,38.92
2019-02-22,10,N2EXMIDP,0,0
2019-02-22,11,APXMIDP ,575.25,39.88
2019-02-22,11,N2EXMIDP,0,0
2019-02-22,12,APXMIDP ,419.75,39.9
2019-02-22,12,N2EXMIDP,0,0
2019-02-22,13,APXMIDP ,620.25,42.98
2019-02-22,13,N2EXMIDP,0,0
2019-02-22,14,APXMIDP ,570,41.53
2019-02-22,14,N2EXMIDP,0,0
2019-02-22,15,APXMIDP ,271.85,42.41
2019-02-22,15,N2EXMIDP,0,0
2019-02-22,16,APXMIDP ,251,46.79
2019-02-22,16,N2EXMIDP,0,0
2019-02-22,17,APXMIDP ,608.2,47.2
2019-02-22,17,N2EXMIDP,0,0
2019-02-22,18,APXMIDP ,656.3,44.07
2019-02-22,18,N2EXMIDP,0,0
2019-02-22,19,APXMIDP ,670.7,47.97
2019-02-22,19,N2EXMIDP,0,0
2019-02-22,20,APXMIDP ,936,49.53
2019-02-22,20,N2EXMIDP,0,0
2019-02-22,21,APXMIDP ,861.45,48.14
2019-02-22,21,N2EXMIDP,0,0
2019-02-22,22,APXMIDP ,834.4,48.19
2019-02-22,22,N2EXMIDP,0,0
2019-02-22,23,APXMIDP ,205.7,41.28
2019-02-22,23,N2EXMIDP,0,0
2019-02-22,24,APXMIDP ,394.95,42.01
2019-02-22,24,N2EXMIDP,0,0
2019-02-22,25,APXMIDP ,478.45,42.54
2019-02-22,25,N2EXMIDP,0,0
2019-02-22,26,APXMIDP ,578.85,42.05
2019-02-22,26,N2EXMIDP,0,0
2019-02-22,27,APXMIDP ,568.2,40.59
2019-02-22,27,N2EXMIDP,0,0
2019-02-22,28,APXMIDP ,595.7,40.52
2019-02-22,28,N2EXMIDP,0,0
2019-02-22,29,APXMIDP ,942.15,39.89
2019-02-22,29,N2EXMIDP,0,0
2019-02-22,30,APXMIDP ,913.45,39.92
2019-02-22,30,N2EXMIDP,0,0
2019-02-22,31,APXMIDP ,574.9,43.8
2019-02-22,31,N2EXMIDP,0,0
2019-02-22,32,APXMIDP ,723,42.7
2019-02-22,32,N2EXMIDP,0,0
2019-02-22,33,APXMIDP ,780.8,43.16
2019-02-22,33,N2EXMIDP,0,0
2019-02-22,34,APXMIDP ,748.35,43.78
2019-02-22,34,N2EXMIDP,0,0
2019-02-22,35,APXMIDP ,898.65,54.39
2019-02-22,35,N2EXMIDP,0,0
2019-02-22,36,APXMIDP ,1016.2,55.63
2019-02-22,36,N2EXMIDP,0,0
2019-02-22,37,APXMIDP ,1295.5,56.68
2019-02-22,37,N2EXMIDP,0,0
2019-02-22,38,APXMIDP ,1378.8,55.88
2019-02-22,38,N2EXMIDP,0,0
2019-02-22,39,APXMIDP ,1285.2,52.13
2019-02-22,39,N2EXMIDP,0,0
2019-02-22,40,APXMIDP ,1163.35,48.68
2019-02-22,40,N2EXMIDP,0,0
2019-02-22,41,APXMIDP ,965.5,44.85
2019-02-22,41,N2EXMIDP,0,0
2019-02-22,42,APXMIDP ,1147.15,44.6
2019-02-22,42,N2EXMIDP,0,0
2019-02-22,43,APXMIDP ,2647.5,43.58
2019-02-22,43,N2EXMIDP,0,0
2019-02-22,44,APXMIDP ,2656.6,43.54
2019-02-22,44,N2EXMIDP,0,0
2019-02-22,45,APXMIDP ,2930.55,43.27
2019-02-22,45,N2EXMIDP,0,0
2019-02-22,46,APXMIDP ,2868.75,43.66
2019-02-22,46,N2EXMIDP,0,0
2019-02-22,47,APXMIDP ,445.7,52.37
2019-02-22,47,N2EXMIDP,0,0
2019-02-22,48,APXMIDP ,230.35,52.74
2019-02-22,48,N2EXMIDP,0,0
2019-02-23,1,APXMIDP ,224.75,55.79
2019-02-23,1,N2EXMIDP,0,0
2019-02-23,2,APXMIDP ,319.15,56.41
2019-02-23,2,N2EXMIDP,0,0
2019-02-23,3,APXMIDP ,263.3,47.11
2019-02-23,3,N2EXMIDP,0,0
2019-02-23,4,APXMIDP ,297.6,46.83
2019-02-23,4,N2EXMIDP,0,0
2019-02-23,5,APXMIDP ,257.15,46.45
2019-02-23,5,N2EXMIDP,0,0
2019-02-23,6,APXMIDP ,333.5,45.25
2019-02-23,6,N2EXMIDP,0,0
2019-02-23,7,APXMIDP ,207.5,41.25
2019-02-23,7,N2EXMIDP,0,0
2019-02-23,8,APXMIDP ,243.5,39.96
2019-02-23,8,N2EXMIDP,0,0
2019-02-23,9,APXMIDP ,213,39.91
2019-02-23,9,N2EXMIDP,0,0
2019-02-23,10,APXMIDP ,252,38.94
2019-02-23,10,N2EXMIDP,0,0
2019-02-23,11,APXMIDP ,213,40.59
2019-02-23,11,N2EXMIDP,0,0
2019-02-23,12,APXMIDP ,364.25,38.95
2019-02-23,12,N2EXMIDP,0,0
2019-02-23,13,APXMIDP ,429.1,42.01
2019-02-23,13,N2EXMIDP,0,0
2019-02-23,14,APXMIDP ,496.6,43.24
2019-02-23,14,N2EXMIDP,0,0
2019-02-23,15,APXMIDP ,395.2,42.35
2019-02-23,15,N2EXMIDP,0,0
2019-02-23,16,APXMIDP ,518.25,43.62
2019-02-23,16,N2EXMIDP,0,0
2019-02-23,17,APXMIDP ,258,46.19
2019-02-23,17,N2EXMIDP,0,0
2019-02-23,18,APXMIDP ,387.5,49.71
2019-02-23,18,N2EXMIDP,0,0
2019-02-23,19,APXMIDP ,194,50.09
2019-02-23,19,N2EXMIDP,0,0
2019-02-23,20,APXMIDP ,421.5,51.4
2019-02-23,20,N2EXMIDP,0,0
2019-02-23,21,APXMIDP ,631,51.05
2019-02-23,21,N2EXMIDP,0,0
2019-02-23,22,APXMIDP ,620.5,48.72
2019-02-23,22,N2EXMIDP,0,0
2019-02-23,23,APXMIDP ,428.95,38.91
2019-02-23,23,N2EXMIDP,0,0
2019-02-23,24,APXMIDP ,783.2,39.25
2019-02-23,24,N2EXMIDP,0,0
2019-02-23,25,APXMIDP ,900,38.52
2019-02-23,25,N2EXMIDP,0,0
2019-02-23,26,APXMIDP ,944.15,37.73
2019-02-23,26,N2EXMIDP,0,0
2019-02-23,27,APXMIDP ,1181,36.31
2019-02-23,27,N2EXMIDP,0,0
2019-02-23,28,APXMIDP ,1333.5,36.08
2019-02-23,28,N2EXMIDP,0,0
2019-02-23,29,APXMIDP ,1353.1,36.34
2019-02-23,29,N2EXMIDP,0,0
2019-02-23,30,APXMIDP ,1455.65,36.02
2019-02-23,30,N2EXMIDP,0,0
2019-02-23,31,APXMIDP ,1274.55,45.11
2019-02-23,31,N2EXMIDP,0,0
2019-02-23,32,APXMIDP ,1305.45,45.06
2019-02-23,32,N2EXMIDP,0,0
2019-02-23,33,APXMIDP ,1368.1,45.28
2019-02-23,33,N2EXMIDP,0,0
2019-02-23,34,APXMIDP ,1259.6,46.11
2019-02-23,34,N2EXMIDP,0,0
2019-02-23,35,APXMIDP ,1149.7,50.09
2019-02-23,35,N2EXMIDP,0,0
2019-02-23,36,APXMIDP ,1313.5,52.11
2019-02-23,36,N2EXMIDP,0,0
2019-02-23,37,APXMIDP ,1247.5,54.43
2019-02-23,37,N2EXMIDP,0,0
2019-02-23,38,APXMIDP ,1302.05,54.24
2019-02-23,38,N2EXMIDP,0,0
2019-02-23,39,APXMIDP ,1152.55,52.01
2019-02-23,39,N2EXMIDP,0,0
2019-02-23,40,APXMIDP ,1071.7,52.71
2019-02-23,40,N2EXMIDP,0,0
2019-02-23,41,APXMIDP ,1057.7,51.81
2019-02-23,41,N2EXMIDP,0,0
2019-02-23,42,APXMIDP ,1286.25,49.66
2019-02-23,42,N2EXMIDP,0,0
2019-02-23,43,APXMIDP ,1562.7,47.25
2019-02-23,43,N2EXMIDP,0,0
2019-02-23,44,APXMIDP ,1492.6,47.09
2019-02-23,44,N2EXMIDP,0,0
2019-02-23,45,APXMIDP ,1589.05,46.78
2019-02-23,45,N2EXMIDP,0,0
2019-02-23,46,APXMIDP ,1574.3,46.73
2019-02-23,46,N2EXMIDP,0,0
2019-02-23,47,APXMIDP ,200.2,44.74
2019-02-23,47,N2EXMIDP,0,0
2019-02-23,48,APXMIDP ,253.75,43.3
2019-02-23,48,N2EXMIDP,0,0
2019-02-24,1,APXMIDP ,172.4,42.6
2019-02-24,1,N2EXMIDP,0,0
2019-02-24,2,APXMIDP ,330.65,45.55
2019-02-24,2,N2EXMIDP,0,0
2019-02-24,3,APXMIDP ,145.5,43.83
2019-02-24,3,N2EXMIDP,0,0
2019-02-24,4,APXMIDP ,158.5,43.66
2019-02-24,4,N2EXMIDP,0,0
2019-02-24,5,APXMIDP ,224,43.03
2019-02-24,5,N2EXMIDP,0,0
2019-02-24,6,APXMIDP ,242,42.57
2019-02-24,6,N2EXMIDP,0,0
2019-02-24,7,APXMIDP ,209,38.35
2019-02-24,7,N2EXMIDP,0,0
2019-02-24,8,APXMIDP ,217.55,38.45
2019-02-24,8,N2EXMIDP,0,0
2019-02-24,9,APXMIDP ,348.8,39.5
2019-02-24,9,N2EXMIDP,0,0
2019-02-24,10,APXMIDP ,288.65,39.03
2019-02-24,10,N2EXMIDP,0,0
2019-02-24,11,APXMIDP ,264.35,39.24
2019-02-24,11,N2EXMIDP,0,0
2019-02-24,12,APXMIDP ,336.2,39.52
2019-02-24,12,N2EXMIDP,0,0
2019-02-24,13,APXMIDP ,318.75,40.56
2019-02-24,13,N2EXMIDP,0,0
2019-02-24,14,APXMIDP ,422.05,41.53
2019-02-24,14,N2EXMIDP,0,0
2019-02-24,15,APXMIDP ,281,43.24
2019-02-24,15,N2EXMIDP,0,0
2019-02-24,16,APXMIDP ,374,45.58
2019-02-24,16,N2EXMIDP,0,0
2019-02-24,17,APXMIDP ,491.55,49.57
2019-02-24,17,N2EXMIDP,0,0
2019-02-24,18,APXMIDP ,464.5,49.42
2019-02-24,18,N2EXMIDP,0,0
2019-02-24,19,APXMIDP ,386.5,51.34
2019-02-24,19,N2EXMIDP,0,0
2019-02-24,20,APXMIDP ,484,51.23
2019-02-24,20,N2EXMIDP,0,0
2019-02-24,21,APXMIDP ,560.15,51
2019-02-24,21,N2EXMIDP,0,0
2019-02-24,22,APXMIDP ,598.35,50.16
2019-02-24,22,N2EXMIDP,0,0
2019-02-24,23,APXMIDP ,675.85,41.74
2019-02-24,23,N2EXMIDP,0,0
2019-02-24,24,APXMIDP ,799.5,41.28
2019-02-24,24,N2EXMIDP,0,0
2019-02-24,25,APXMIDP ,835.5,41.28
2019-02-24,25,N2EXMIDP,0,0
2019-02-24,26,APXMIDP ,846.75,41.11
2019-02-24,26,N2EXMIDP,0,0
2019-02-24,27,APXMIDP ,1203.35,39.53
2019-02-24,27,N2EXMIDP,0,0
2019-02-24,28,APXMIDP ,1123.4,39.51
2019-02-24,28,N2EXMIDP,0,0
2019-02-24,29,APXMIDP ,1332.5,37.97
2019-02-24,29,N2EXMIDP,0,0
2019-02-24,30,APXMIDP ,1436.05,38.19
2019-02-24,30,N2EXMIDP,0,0
2019-02-24,31,APXMIDP ,971,41.64
2019-02-24,31,N2EXMIDP,0,0
2019-02-24,32,APXMIDP ,904.65,43.16
2019-02-24,32,N2EXMIDP,0,0
2019-02-24,33,APXMIDP ,1019.25,43.45
2019-02-24,33,N2EXMIDP,0,0
2019-02-24,34,APXMIDP ,1042.1,43.84
2019-02-24,34,N2EXMIDP,0,0
2019-02-24,35,APXMIDP ,965.6,55.84
2019-02-24,35,N2EXMIDP,0,0
2019-02-24,36,APXMIDP ,930.5,60.56
2019-02-24,36,N2EXMIDP,0,0
2019-02-24,37,APXMIDP ,1024.35,61.05
2019-02-24,37,N2EXMIDP,0,0
2019-02-24,38,APXMIDP ,1139.85,60.69
2019-02-24,38,N2EXMIDP,0,0
2019-02-24,39,APXMIDP ,500,54.59
2019-02-24,39,N2EXMIDP,0,0
2019-02-24,40,APXMIDP ,543.5,52.11
2019-02-24,40,N2EXMIDP,0,0
2019-02-24,41,APXMIDP ,384.75,48.44
2019-02-24,41,N2EXMIDP,0,0
2019-02-24,42,APXMIDP ,331.7,46.6
2019-02-24,42,N2EXMIDP,0,0
2019-02-24,43,APXMIDP ,679.65,40.66
2019-02-24,43,N2EXMIDP,0,0
2019-02-24,44,APXMIDP ,681.35,40.35
2019-02-24,44,N2EXMIDP,0,0
2019-02-24,45,APXMIDP ,622.7,39.74
2019-02-24,45,N2EXMIDP,0,0
2019-02-24,46,APXMIDP ,567.65,38.17
2019-02-24,46,N2EXMIDP,0,0
2019-02-24,47,APXMIDP ,88.75,34.4
2019-02-24,47,N2EXMIDP,0,0
2019-02-24,48,APXMIDP ,285.1,37.68
2019-02-24,48,N2EXMIDP,0,0
2019-02-25,1,APXMIDP ,273.45,37.43
2019-02-25,1,N2EXMIDP,0,0
2019-02-25,2,APXMIDP ,242.1,38.04
2019-02-25,2,N2EXMIDP,0,0
2019-02-25,3,APXMIDP ,208,38.26
2019-02-25,3,N2EXMIDP,0,0
2019-02-25,4,APXMIDP ,250.8,38.55
2019-02-25,4,N2EXMIDP,0,0
2019-02-25,5,APXMIDP ,280.4,38.81
2019-02-25,5,N2EXMIDP,0,0
2019-02-25,6,APXMIDP ,291.25,38.81
2019-02-25,6,N2EXMIDP,0,0
2019-02-25,7,APXMIDP ,167.2,39.15
2019-02-25,7,N2EXMIDP,0,0
2019-02-25,8,APXMIDP ,204.5,39.09
2019-02-25,8,N2EXMIDP,0,0
2019-02-25,9,APXMIDP ,262,38.72
2019-02-25,9,N2EXMIDP,0,0
2019-02-25,10,APXMIDP ,296.5,38.43
2019-02-25,10,N2EXMIDP,0,0
2019-02-25,11,APXMIDP ,604.45,45.04
2019-02-25,11,N2EXMIDP,0,0
2019-02-25,12,APXMIDP ,554,44.92
2019-02-25,12,N2EXMIDP,0,0
2019-02-25,13,APXMIDP ,647.75,47.16
2019-02-25,13,N2EXMIDP,0,0
2019-02-25,14,APXMIDP ,894.95,45.25
2019-02-25,14,N2EXMIDP,0,0
2019-02-25,15,APXMIDP ,215.4,52.27
2019-02-25,15,N2EXMIDP,0,0
2019-02-25,16,APXMIDP ,437.4,56.96
2019-02-25,16,N2EXMIDP,0,0
2019-02-25,17,APXMIDP ,602.05,60.74
2019-02-25,17,N2EXMIDP,0,0
2019-02-25,18,APXMIDP ,767.15,66.01
2019-02-25,18,N2EXMIDP,0,0
2019-02-25,19,APXMIDP ,411.35,54.47
2019-02-25,19,N2EXMIDP,0,0
2019-02-25,20,APXMIDP ,533,50.03
2019-02-25,20,N2EXMIDP,0,0
2019-02-25,21,APXMIDP ,480,47.44
2019-02-25,21,N2EXMIDP,0,0
2019-02-25,22,APXMIDP ,445.85,47.37
2019-02-25,22,N2EXMIDP,0,0
2019-02-25,23,APXMIDP ,908.5,39.63
2019-02-25,23,N2EXMIDP,0,0
2019-02-25,24,APXMIDP ,870.75,39.83
2019-02-25,24,N2EXMIDP,0,0
2019-02-25,25,APXMIDP ,932.15,39.86
2019-02-25,25,N2EXMIDP,0,0
2019-02-25,26,APXMIDP ,930,39.73
2019-02-25,26,N2EXMIDP,0,0
2019-02-25,27,APXMIDP ,894.1,39.84
2019-02-25,27,N2EXMIDP,0,0
2019-02-25,28,APXMIDP ,966.1,39.65
2019-02-25,28,N2EXMIDP,0,0
2019-02-25,29,APXMIDP ,969.25,39.66
2019-02-25,29,N2EXMIDP,0,0
2019-02-25,30,APXMIDP ,971.85,39.66
2019-02-25,30,N2EXMIDP,0,0
2019-02-25,31,APXMIDP ,465.6,42.07
2019-02-25,31,N2EXMIDP,0,0
2019-02-25,32,APXMIDP ,315.75,45.08
2019-02-25,32,N2EXMIDP,0,0
2019-02-25,33,APXMIDP ,374.85,52.65
2019-02-25,33,N2EXMIDP,0,0
2019-02-25,34,APXMIDP ,821.35,58.77
2019-02-25,34,N2EXMIDP,0,0
2019-02-25,35,APXMIDP ,487.3,59.91
2019-02-25,35,N2EXMIDP,0,0
2019-02-25,36,APXMIDP ,576.15,64.9
2019-02-25,36,N2EXMIDP,0,0
2019-02-25,37,APXMIDP ,758.8,66.24
2019-02-25,37,N2EXMIDP,0,0
2019-02-25,38,APXMIDP ,701.3,66.19
2019-02-25,38,N2EXMIDP,0,0
2019-02-25,39,APXMIDP ,642.2,58.5
2019-02-25,39,N2EXMIDP,0,0
2019-02-25,40,APXMIDP ,435.1,53.04
2019-02-25,40,N2EXMIDP,0,0
2019-02-25,41,APXMIDP ,661.9,51.64
2019-02-25,41,N2EXMIDP,0,0
2019-02-25,42,APXMIDP ,647.05,48.57
2019-02-25,42,N2EXMIDP,0,0
2019-02-25,43,APXMIDP ,787.55,45.04
2019-02-25,43,N2EXMIDP,0,0
2019-02-25,44,APXMIDP ,734.2,43.72
2019-02-25,44,N2EXMIDP,0,0
2019-02-25,45,APXMIDP ,1278.75,42.05
2019-02-25,45,N2EXMIDP,0,0
2019-02-25,46,APXMIDP ,1494,40.14
2019-02-25,46,N2EXMIDP,0,0
2019-02-25,47,APXMIDP ,304.45,38.61
2019-02-25,47,N2EXMIDP,0,0
2019-02-25,48,APXMIDP ,298.7,38.67
2019-02-25,48,N2EXMIDP,0,0
2019-02-26,1,APXMIDP ,336.5,39.06
2019-02-26,1,N2EXMIDP,0,0
2019-02-26,2,APXMIDP ,389.8,38.75
2019-02-26,2,N2EXMIDP,0,0
2019-02-26,3,APXMIDP ,307.35,39.13
2019-02-26,3,N2EXMIDP,0,0
2019-02-26,4,APXMIDP ,360.85,38.97
2019-02-26,4,N2EXMIDP,0,0
2019-02-26,5,APXMIDP ,520.1,38.91
2019-02-26,5,N2EXMIDP,0,0
2019-02-26,6,APXMIDP ,459.15,38.98
2019-02-26,6,N2EXMIDP,0,0
2019-02-26,7,APXMIDP ,464.1,40.24
2019-02-26,7,N2EXMIDP,0,0
2019-02-26,8,APXMIDP ,324.25,40.02
2019-02-26,8,N2EXMIDP,0,0
2019-02-26,9,APXMIDP ,654.85,38.23
2019-02-26,9,N2EXMIDP,0,0
2019-02-26,10,APXMIDP ,649.9,37.84
2019-02-26,10,N2EXMIDP,0,0
2019-02-26,11,APXMIDP ,286.5,40.28
2019-02-26,11,N2EXMIDP,0,0
2019-02-26,12,APXMIDP ,394.65,40.02
2019-02-26,12,N2EXMIDP,0,0
2019-02-26,13,APXMIDP ,629.5,41.94
2019-02-26,13,N2EXMIDP,0,0
2019-02-26,14,APXMIDP ,976.25,40.44
2019-02-26,14,N2EXMIDP,0,0
2019-02-26,15,APXMIDP ,451.6,47.41
2019-02-26,15,N2EXMIDP,0,0
2019-02-26,16,APXMIDP ,417.2,52.04
2019-02-26,16,N2EXMIDP,0,0
2019-02-26,17,APXMIDP ,427,51.74
2019-02-26,17,N2EXMIDP,0,0
2019-02-26,18,APXMIDP ,424.25,48.15
2019-02-26,18,N2EXMIDP,0,0
2019-02-26,19,APXMIDP ,158.25,43.35
2019-02-26,19,N2EXMIDP,0,0
2019-02-26,20,APXMIDP ,440.1,40.08
2019-02-26,20,N2EXMIDP,0,0
2019-02-26,21,APXMIDP ,448.85,39.28
2019-02-26,21,N2EXMIDP,0,0
2019-02-26,22,APXMIDP ,719.3,39.57
2019-02-26,22,N2EXMIDP,0,0
2019-02-26,23,APXMIDP ,1024.5,38.94
2019-02-26,23,N2EXMIDP,0,0
2019-02-26,24,APXMIDP ,1077.5,38.86
2019-02-26,24,N2EXMIDP,0,0
2019-02-26,25,APXMIDP ,1103.4,38.98
2019-02-26,25,N2EXMIDP,0,0
2019-02-26,26,APXMIDP ,1095.7,38.86
2019-02-26,26,N2EXMIDP,0,0
2019-02-26,27,APXMIDP ,1065.3,38.79
2019-02-26,27,N2EXMIDP,0,0
2019-02-26,28,APXMIDP ,1049.5,38.87
2019-02-26,28,N2EXMIDP,0,0
2019-02-26,29,APXMIDP ,1077,38.9
2019-02-26,29,N2EXMIDP,0,0
2019-02-26,30,APXMIDP ,1244.25,38.76
2019-02-26,30,N2EXMIDP,0,0
2019-02-26,31,APXMIDP ,825.7,40.57
2019-02-26,31,N2EXMIDP,0,0
2019-02-26,32,APXMIDP ,468.4,45.59
2019-02-26,32,N2EXMIDP,0,0
2019-02-26,33,APXMIDP ,716.45,46.08
2019-02-26,33,N2EXMIDP,0,0
2019-02-26,34,APXMIDP ,466.85,50.97
2019-02-26,34,N2EXMIDP,0,0
2019-02-26,35,APXMIDP ,345,65.45
2019-02-26,35,N2EXMIDP,0,0
2019-02-26,36,APXMIDP ,751.95,72.96
2019-02-26,36,N2EXMIDP,0,0
2019-02-26,37,APXMIDP ,630.35,74.91
2019-02-26,37,N2EXMIDP,0,0
2019-02-26,38,APXMIDP ,781.25,77.11
2019-02-26,38,N2EXMIDP,0,0
2019-02-26,39,APXMIDP ,603.35,64.61
2019-02-26,39,N2EXMIDP,0,0
2019-02-26,40,APXMIDP ,440.75,56.29
2019-02-26,40,N2EXMIDP,0,0
2019-02-26,41,APXMIDP ,516.25,52.4
2019-02-26,41,N2EXMIDP,0,0
2019-02-26,42,APXMIDP ,422.75,48.26
2019-02-26,42,N2EXMIDP,0,0
2019-02-26,43,APXMIDP ,851.3,43.29
2019-02-26,43,N2EXMIDP,0,0
2019-02-26,44,APXMIDP ,1045.9,43.19
2019-02-26,44,N2EXMIDP,0,0
2019-02-26,45,APXMIDP ,1450.7,41.39
2019-02-26,45,N2EXMIDP,0,0
2019-02-26,46,APXMIDP ,1840,41.14
2019-02-26,46,N2EXMIDP,0,0
2019-02-26,47,APXMIDP ,681.2,39.28
2019-02-26,47,N2EXMIDP,0,0
2019-02-26,48,APXMIDP ,448.65,39.18
2019-02-26,48,N2EXMIDP,0,0
2019-02-27,1,APXMIDP ,464.3,39.41
2019-02-27,1,N2EXMIDP,0,0
2019-02-27,2,APXMIDP ,453.1,39.04
2019-02-27,2,N2EXMIDP,0,0
2019-02-27,3,APXMIDP ,182.6,39.64
2019-02-27,3,N2EXMIDP,0,0
2019-02-27,4,APXMIDP ,244.1,41.19
2019-02-27,4,N2EXMIDP,0,0
2019-02-27,5,APXMIDP ,236.6,41.26
2019-02-27,5,N2EXMIDP,0,0
2019-02-27,6,APXMIDP ,245.4,41.22
2019-02-27,6,N2EXMIDP,0,0
2019-02-27,7,APXMIDP ,155.45,40.53
2019-02-27,7,N2EXMIDP,0,0
2019-02-27,8,APXMIDP ,346.35,38.49
2019-02-27,8,N2EXMIDP,0,0
2019-02-27,9,APXMIDP ,348.55,39.76
2019-02-27,9,N2EXMIDP,0,0
2019-02-27,10,APXMIDP ,338.9,40.05
2019-02-27,10,N2EXMIDP,0,0
2019-02-27,11,APXMIDP ,385.85,44.32
2019-02-27,11,N2EXMIDP,0,0
2019-02-27,12,APXMIDP ,442.45,43.68
2019-02-27,12,N2EXMIDP,0,0
2019-02-27,13,APXMIDP ,712.4,47.03
2019-02-27,13,N2EXMIDP,0,0
2019-02-27,14,APXMIDP ,1152.9,43.24
2019-02-27,14,N2EXMIDP,0,0
2019-02-27,15,APXMIDP ,456.1,50.43
2019-02-27,15,N2EXMIDP,0,0
2019-02-27,16,APXMIDP ,640.35,61.41
2019-02-27,16,N2EXMIDP,0,0
2019-02-27,17,APXMIDP ,760.6,62.06
2019-02-27,17,N2EXMIDP,0,0
2019-02-27,18,APXMIDP ,708.4,57.58
2019-02-27,18,N2EXMIDP,0,0
2019-02-27,19,APXMIDP ,584.5,51
2019-02-27,19,N2EXMIDP,0,0
2019-02-27,20,APXMIDP ,732.9,46.79
2019-02-27,20,N2EXMIDP,0,0
2019-02-27,21,APXMIDP ,837.9,44.32
2019-02-27,21,N2EXMIDP,0,0
2019-02-27,22,APXMIDP ,1165.75,43.14
2019-02-27,22,N2EXMIDP,0,0
2019-02-27,23,APXMIDP ,564.95,39.76
2019-02-27,23,N2EXMIDP,0,0
2019-02-27,24,APXMIDP ,717.9,40.26
2019-02-27,24,N2EXMIDP,0,0
2019-02-27,25,APXMIDP ,742.15,40.26
2019-02-27,25,N2EXMIDP,0,0
2019-02-27,26,APXMIDP ,867.6,40.14
2019-02-27,26,N2EXMIDP,0,0
2019-02-27,27,APXMIDP ,895.75,39.96
2019-02-27,27,N2EXMIDP,0,0
2019-02-27,28,APXMIDP ,873.15,39.83
2019-02-27,28,N2EXMIDP,0,0
2019-02-27,29,APXMIDP ,968.75,40
2019-02-27,29,N2EXMIDP,0,0
2019-02-27,30,APXMIDP ,941.6,39.76
2019-02-27,30,N2EXMIDP,0,0
2019-02-27,31,APXMIDP ,846.8,40.58
2019-02-27,31,N2EXMIDP,0,0
2019-02-27,32,APXMIDP ,558.85,42.23
2019-02-27,32,N2EXMIDP,0,0
2019-02-27,33,APXMIDP ,494.05,43.02
2019-02-27,33,N2EXMIDP,0,0
2019-02-27,34,APXMIDP ,346.7,48.36
2019-02-27,34,N2EXMIDP,0,0
2019-02-27,35,APXMIDP ,728.75,60.16
2019-02-27,35,N2EXMIDP,0,0
2019-02-27,36,APXMIDP ,694.6,67.01
2019-02-27,36,N2EXMIDP,0,0
2019-02-27,37,APXMIDP ,791.25,71.07
2019-02-27,37,N2EXMIDP,0,0
2019-02-27,38,APXMIDP ,870.45,71.9
2019-02-27,38,N2EXMIDP,0,0
2019-02-27,39,APXMIDP ,355.3,58.97
2019-02-27,39,N2EXMIDP,0,0
2019-02-27,40,APXMIDP ,544.5,57.97
2019-02-27,40,N2EXMIDP,0,0
2019-02-27,41,APXMIDP ,586.5,57.55
2019-02-27,41,N2EXMIDP,0,0
2019-02-27,42,APXMIDP ,578.75,53.49
2019-02-27,42,N2EXMIDP,0,0
2019-02-27,43,APXMIDP ,324.5,46.31
2019-02-27,43,N2EXMIDP,0,0
2019-02-27,44,APXMIDP ,503,47.43
2019-02-27,44,N2EXMIDP,0,0
2019-02-27,45,APXMIDP ,731.3,43.77
2019-02-27,45,N2EXMIDP,0,0
2019-02-27,46,APXMIDP ,1112.3,41.24
2019-02-27,46,N2EXMIDP,0,0
2019-02-27,47,APXMIDP ,153,41.13
2019-02-27,47,N2EXMIDP,0,0
2019-02-27,48,APXMIDP ,80.45,39.03
2019-02-27,48,N2EXMIDP,0,0
2019-02-28,1,APXMIDP ,120.65,41.13
2019-02-28,1,N2EXMIDP,0,0
2019-02-28,2,APXMIDP ,173.75,43.46
2019-02-28,2,N2EXMIDP,0,0
2019-02-28,3,APXMIDP ,218.9,42.61
2019-02-28,3,N2EXMIDP,0,0
2019-02-28,4,APXMIDP ,351.2,41.26
2019-02-28,4,N2EXMIDP,0,0
2019-02-28,5,APXMIDP ,421.75,42.04
2019-02-28,5,N2EXMIDP,0,0
2019-02-28,6,APXMIDP ,507.3,41.7
2019-02-28,6,N2EXMIDP,0,0
2019-02-28,7,APXMIDP ,500,40.29
2019-02-28,7,N2EXMIDP,0,0
2019-02-28,8,APXMIDP ,607.15,40.24
2019-02-28,8,N2EXMIDP,0,0
2019-02-28,9,APXMIDP ,709.8,40.2
2019-02-28,9,N2EXMIDP,0,0
2019-02-28,10,APXMIDP ,734.6,40.19
2019-02-28,10,N2EXMIDP,0,0
2019-02-28,11,APXMIDP ,505.95,40
2019-02-28,11,N2EXMIDP,0,0
2019-02-28,12,APXMIDP ,333.85,39.72
2019-02-28,12,N2EXMIDP,0,0
2019-02-28,13,APXMIDP ,376.65,41.56
2019-02-28,13,N2EXMIDP,0,0
2019-02-28,14,APXMIDP ,411.4,41.44
2019-02-28,14,N2EXMIDP,0,0
2019-02-28,15,APXMIDP ,668.05,48.17
2019-02-28,15,N2EXMIDP,0,0
2019-02-28,16,APXMIDP ,385.25,51.65
2019-02-28,16,N2EXMIDP,0,0
2019-02-28,17,APXMIDP ,474.45,50.47
2019-02-28,17,N2EXMIDP,0,0
2019-02-28,18,APXMIDP ,779.7,51.15
2019-02-28,18,N2EXMIDP,0,0
2019-02-28,19,APXMIDP ,580.55,45.59
2019-02-28,19,N2EXMIDP,0,0
2019-02-28,20,APXMIDP ,604.75,45.37
2019-02-28,20,N2EXMIDP,0,0
2019-02-28,21,APXMIDP ,715.1,44.86
2019-02-28,21,N2EXMIDP,0,0
2019-02-28,22,APXMIDP ,915.95,44.29
2019-02-28,22,N2EXMIDP,0,0
2019-02-28,23,APXMIDP ,1179.85,42.9
2019-02-28,23,N2EXMIDP,0,0
2019-02-28,24,APXMIDP ,1434.3,43.8
2019-02-28,24,N2EXMIDP,0,0
2019-02-28,25,APXMIDP ,1721.8,44.84
2019-02-28,25,N2EXMIDP,0,0
2019-02-28,26,APXMIDP ,1642.95,44.87
2019-02-28,26,N2EXMIDP,0,0
2019-02-28,27,APXMIDP ,1596.8,43.78
2019-02-28,27,N2EXMIDP,0,0
2019-02-28,28,APXMIDP ,1757.75,43.91
2019-02-28,28,N2EXMIDP,0,0
2019-02-28,29,APXMIDP ,1844.1,43.68
2019-02-28,29,N2EXMIDP,0,0
2019-02-28,30,APXMIDP ,1875.25,43.55
2019-02-28,30,N2EXMIDP,0,0
2019-02-28,31,APXMIDP ,734.3,47.59
2019-02-28,31,N2EXMIDP,0,0
2019-02-28,32,APXMIDP ,783.9,47.81
2019-02-28,32,N2EXMIDP,0,0
2019-02-28,33,APXMIDP ,890.9,46.82
2019-02-28,33,N2EXMIDP,0,0
2019-02-28,34,APXMIDP ,826.35,48.68
2019-02-28,34,N2EXMIDP,0,0
2019-02-28,35,APXMIDP ,1174.3,58.93
2019-02-28,35,N2EXMIDP,0,0
2019-02-28,36,APXMIDP ,1163.65,66.26
2019-02-28,36,N2EXMIDP,0,0
2019-02-28,37,APXMIDP ,1405.45,71.26
2019-02-28,37,N2EXMIDP,0,0
2019-02-28,38,APXMIDP ,1145.4,67.72
2019-02-28,38,N2EXMIDP,0,0
2019-02-28,39,APXMIDP ,738.15,59.12
2019-02-28,39,N2EXMIDP,0,0
2019-02-28,40,APXMIDP ,735.1,53.38
2019-02-28,40,N2EXMIDP,0,0
2019-02-28,41,APXMIDP ,825.8,50.62
2019-02-28,41,N2EXMIDP,0,0
2019-02-28,42,APXMIDP ,1127.3,48.53
2019-02-28,42,N2EXMIDP,0,0
2019-02-28,43,APXMIDP ,1040.8,46.42
2019-02-28,43,N2EXMIDP,0,0
2019-02-28,44,APXMIDP ,1225.6,45.15
2019-02-28,44,N2EXMIDP,0,0
2019-02-28,45,APXMIDP ,1505.95,43.91
2019-02-28,45,N2EXMIDP,0,0
2019-02-28,46,APXMIDP ,1834.6,44.07
2019-02-28,46,N2EXMIDP,0,0
2019-02-28,47,APXMIDP ,171.45,41.38
2019-02-28,47,N2EXMIDP,0,0
2019-02-28,48,APXMIDP ,215.5,41.37
2019-02-28,48,N2EXMIDP,0,0
2019-03-01,1,APXMIDP ,163.3,40.31
2019-03-01,1,N2EXMIDP,0,0
2019-03-01,2,APXMIDP ,182.15,39.72
2019-03-01,2,N2EXMIDP,0,0
2019-03-01,3,APXMIDP ,263.7,39.64
2019-03-01,3,N2EXMIDP,0,0
2019-03-01,4,APXMIDP ,314.05,39.53
2019-03-01,4,N2EXMIDP,0,0
2019-03-01,5,APXMIDP ,277.5,39.68
2019-03-01,5,N2EXMIDP,0,0
2019-03-01,6,APXMIDP ,345,39.72
2019-03-01,6,N2EXMIDP,0,0
2019-03-01,7,APXMIDP ,324.5,43.35
2019-03-01,7,N2EXMIDP,0,0
2019-03-01,8,APXMIDP ,349.25,43.13
2019-03-01,8,N2EXMIDP,0,0
2019-03-01,9,APXMIDP ,391.8,42.61
2019-03-01,9,N2EXMIDP,0,0
2019-03-01,10,APXMIDP ,394.45,42.79
2019-03-01,10,N2EXMIDP,0,0
2019-03-01,11,APXMIDP ,241.3,41.81
2019-03-01,11,N2EXMIDP,0,0
2019-03-01,12,APXMIDP ,168.9,42.78
2019-03-01,12,N2EXMIDP,0,0
2019-03-01,13,APXMIDP ,491,44.22
2019-03-01,13,N2EXMIDP,0,0
2019-03-01,14,APXMIDP ,510.95,41.43
2019-03-01,14,N2EXMIDP,0,0
2019-03-01,15,APXMIDP ,678.1,43.1
2019-03-01,15,N2EXMIDP,0,0
2019-03-01,16,APXMIDP ,345.5,46.71
2019-03-01,16,N2EXMIDP,0,0
2019-03-01,17,APXMIDP ,538.75,47.92
2019-03-01,17,N2EXMIDP,0,0
2019-03-01,18,APXMIDP ,387.5,48.03
2019-03-01,18,N2EXMIDP,0,0
2019-03-01,19,APXMIDP ,648.65,61.06
2019-03-01,19,N2EXMIDP,0,0
2019-03-01,20,APXMIDP ,1046.2,64.5
2019-03-01,20,N2EXMIDP,0,0
2019-03-01,21,APXMIDP ,1046.2,61.38
2019-03-01,21,N2EXMIDP,0,0
2019-03-01,22,APXMIDP ,1036.7,60.98
2019-03-01,22,N2EXMIDP,0,0
2019-03-01,23,APXMIDP ,526.8,51.56
2019-03-01,23,N2EXMIDP,0,0
2019-03-01,24,APXMIDP ,780.2,52.08
2019-03-01,24,N2EXMIDP,0,0
2019-03-01,25,APXMIDP ,963.85,53.13
2019-03-01,25,N2EXMIDP,0,0
2019-03-01,26,APXMIDP ,892.75,52.58
2019-03-01,26,N2EXMIDP,0,0
2019-03-01,27,APXMIDP ,1071.05,48.84
2019-03-01,27,N2EXMIDP,0,0
2019-03-01,28,APXMIDP ,1129.05,48.79
2019-03-01,28,N2EXMIDP,0,0
2019-03-01,29,APXMIDP ,1343.1,48.98
2019-03-01,29,N2EXMIDP,0,0
2019-03-01,30,APXMIDP ,1288.55,48.13
2019-03-01,30,N2EXMIDP,0,0
2019-03-01,31,APXMIDP ,503.55,53.45
2019-03-01,31,N2EXMIDP,0,0
2019-03-01,32,APXMIDP ,614.65,54.17
2019-03-01,32,N2EXMIDP,0,0
2019-03-01,33,APXMIDP ,661.05,53.74
2019-03-01,33,N2EXMIDP,0,0
2019-03-01,34,APXMIDP ,630.8,56.38
2019-03-01,34,N2EXMIDP,0,0
2019-03-01,35,APXMIDP ,913.4,62.99
2019-03-01,35,N2EXMIDP,0,0
2019-03-01,36,APXMIDP ,984.85,63.84
2019-03-01,36,N2EXMIDP,0,0
2019-03-01,37,APXMIDP ,926.8,66.15
2019-03-01,37,N2EXMIDP,0,0
2019-03-01,38,APXMIDP ,1021.05,66.13
2019-03-01,38,N2EXMIDP,0,0
2019-03-01,39,APXMIDP ,531.5,63.35
2019-03-01,39,N2EXMIDP,0,0
2019-03-01,40,APXMIDP ,599.6,58.71
2019-03-01,40,N2EXMIDP,0,0
2019-03-01,41,APXMIDP ,410.35,50.29
2019-03-01,41,N2EXMIDP,0,0
2019-03-01,42,APXMIDP ,647.85,46.82
2019-03-01,42,N2EXMIDP,0,0
2019-03-01,43,APXMIDP ,636.15,45.89
2019-03-01,43,N2EXMIDP,0,0
2019-03-01,44,APXMIDP ,743.9,45.55
2019-03-01,44,N2EXMIDP,0,0
2019-03-01,45,APXMIDP ,1220.85,44.12
2019-03-01,45,N2EXMIDP,0,0
2019-03-01,46,APXMIDP ,1637.25,43.68
2019-03-01,46,N2EXMIDP,0,0
2019-03-01,47,APXMIDP ,207.4,51.64
2019-03-01,47,N2EXMIDP,0,0
2019-03-01,48,APXMIDP ,125.4,53.12
2019-03-01,48,N2EXMIDP,0,0
2019-03-02,1,APXMIDP ,157.9,53.52
2019-03-02,1,N2EXMIDP,0,0
2019-03-02,2,APXMIDP ,246.65,54.04
2019-03-02,2,N2EXMIDP,0,0
2019-03-02,3,APXMIDP ,175,45.82
2019-03-02,3,N2EXMIDP,0,0
2019-03-02,4,APXMIDP ,202.5,45.18
2019-03-02,4,N2EXMIDP,0,0
2019-03-02,5,APXMIDP ,236,44.39
2019-03-02,5,N2EXMIDP,0,0
2019-03-02,6,APXMIDP ,264.5,43.92
2019-03-02,6,N2EXMIDP,0,0
2019-03-02,7,APXMIDP ,255.5,38.69
2019-03-02,7,N2EXMIDP,0,0
2019-03-02,8,APXMIDP ,278.5,38.84
2019-03-02,8,N2EXMIDP,0,0
2019-03-02,9,APXMIDP ,291.5,38.83
2019-03-02,9,N2EXMIDP,0,0
2019-03-02,10,APXMIDP ,333.3,38.55
2019-03-02,10,N2EXMIDP,0,0
2019-03-02,11,APXMIDP ,203.5,39.76
2019-03-02,11,N2EXMIDP,0,0
2019-03-02,12,APXMIDP ,428.35,38.51
2019-03-02,12,N2EXMIDP,0,0
2019-03-02,13,APXMIDP ,400.4,39.14
2019-03-02,13,N2EXMIDP,0,0
2019-03-02,14,APXMIDP ,390.15,40.45
2019-03-02,14,N2EXMIDP,0,0
2019-03-02,15,APXMIDP ,422.15,56.41
2019-03-02,15,N2EXMIDP,0,0
2019-03-02,16,APXMIDP ,273.1,60.56
2019-03-02,16,N2EXMIDP,0,0
2019-03-02,17,APXMIDP ,386,65.59
2019-03-02,17,N2EXMIDP,0,0
2019-03-02,18,APXMIDP ,580,68.98
2019-03-02,18,N2EXMIDP,0,0
2019-03-02,19,APXMIDP ,818.25,72.24
2019-03-02,19,N2EXMIDP,0,0
2019-03-02,20,APXMIDP ,1058.4,70.29
2019-03-02,20,N2EXMIDP,0,0
2019-03-02,21,APXMIDP ,791.5,68.37
2019-03-02,21,N2EXMIDP,0,0
2019-03-02,22,APXMIDP ,1169.5,64.47
2019-03-02,22,N2EXMIDP,0,0
2019-03-02,23,APXMIDP ,842,45.49
2019-03-02,23,N2EXMIDP,0,0
2019-03-02,24,APXMIDP ,815.05,44.3
2019-03-02,24,N2EXMIDP,0,0
2019-03-02,25,APXMIDP ,1004.35,45.09
2019-03-02,25,N2EXMIDP,0,0
2019-03-02,26,APXMIDP ,852.35,44.52
2019-03-02,26,N2EXMIDP,0,0
2019-03-02,27,APXMIDP ,1052.15,42.67
2019-03-02,27,N2EXMIDP,0,0
2019-03-02,28,APXMIDP ,1455.25,41.59
2019-03-02,28,N2EXMIDP,0,0
2019-03-02,29,APXMIDP ,1549,41.24
2019-03-02,29,N2EXMIDP,0,0
2019-03-02,30,APXMIDP ,1704.1,40.95
2019-03-02,30,N2EXMIDP,0,0
2019-03-02,31,APXMIDP ,1004.05,39.64
2019-03-02,31,N2EXMIDP,0,0
2019-03-02,32,APXMIDP ,1007.05,40.01
2019-03-02,32,N2EXMIDP,0,0
2019-03-02,33,APXMIDP ,1094.95,40.5
2019-03-02,33,N2EXMIDP,0,0
2019-03-02,34,APXMIDP ,1040.65,41.31
2019-03-02,34,N2EXMIDP,0,0
2019-03-02,35,APXMIDP ,448.25,50.65
2019-03-02,35,N2EXMIDP,0,0
2019-03-02,36,APXMIDP ,564.3,55.91
2019-03-02,36,N2EXMIDP,0,0
2019-03-02,37,APXMIDP ,766.2,59.29
2019-03-02,37,N2EXMIDP,0,0
2019-03-02,38,APXMIDP ,877.25,59.8
2019-03-02,38,N2EXMIDP,0,0
2019-03-02,39,APXMIDP ,568.4,46.36
2019-03-02,39,N2EXMIDP,0,0
2019-03-02,40,APXMIDP ,729.55,46.41
2019-03-02,40,N2EXMIDP,0,0
2019-03-02,41,APXMIDP ,852.05,45.29
2019-03-02,41,N2EXMIDP,0,0
2019-03-02,42,APXMIDP ,880.85,44.51
2019-03-02,42,N2EXMIDP,0,0
2019-03-02,43,APXMIDP ,1069.3,42.32
2019-03-02,43,N2EXMIDP,0,0
2019-03-02,44,APXMIDP ,1013.05,42.24
2019-03-02,44,N2EXMIDP,0,0
2019-03-02,45,APXMIDP ,1205.55,41.67
2019-03-02,45,N2EXMIDP,0,0
2019-03-02,46,APXMIDP ,1302.75,40.74
2019-03-02,46,N2EXMIDP,0,0
2019-03-02,47,APXMIDP ,61.5,37.96
2019-03-02,47,N2EXMIDP,0,0
2019-03-02,48,APXMIDP ,177.6,33.88
2019-03-02,48,N2EXMIDP,0,0
2019-03-03,1,APXMIDP ,198.5,28.47
2019-03-03,1,N2EXMIDP,0,0
2019-03-03,2,APXMIDP ,297.85,23.63
2019-03-03,2,N2EXMIDP,0,0
2019-03-03,3,APXMIDP ,416.15,29.34
2019-03-03,3,N2EXMIDP,0,0
2019-03-03,4,APXMIDP ,426.6,28.92
2019-03-03,4,N2EXMIDP,0,0
2019-03-03,5,APXMIDP ,516.1,27.18
2019-03-03,5,N2EXMIDP,0,0
2019-03-03,6,APXMIDP ,544.6,26.3
2019-03-03,6,N2EXMIDP,0,0
2019-03-03,7,APXMIDP ,513,22.61
2019-03-03,7,N2EXMIDP,0,0
2019-03-03,8,APXMIDP ,572.9,22.21
2019-03-03,8,N2EXMIDP,0,0
2019-03-03,9,APXMIDP ,676.5,22.94
2019-03-03,9,N2EXMIDP,0,0
2019-03-03,10,APXMIDP ,614,21.77
2019-03-03,10,N2EXMIDP,0,0
2019-03-03,11,APXMIDP ,576.7,15.91
2019-03-03,11,N2EXMIDP,0,0
2019-03-03,12,APXMIDP ,529.4,20.97
2019-03-03,12,N2EXMIDP,0,0
2019-03-03,13,APXMIDP ,636.15,23.26
2019-03-03,13,N2EXMIDP,0,0
2019-03-03,14,APXMIDP ,705.25,22.89
2019-03-03,14,N2EXMIDP,0,0
2019-03-03,15,APXMIDP ,1032,37.18
2019-03-03,15,N2EXMIDP,0,0
2019-03-03,16,APXMIDP ,1036.65,33.98
2019-03-03,16,N2EXMIDP,0,0
2019-03-03,17,APXMIDP ,776.95,35.11
2019-03-03,17,N2EXMIDP,0,0
2019-03-03,18,APXMIDP ,762.45,34.3
2019-03-03,18,N2EXMIDP,0,0
2019-03-03,19,APXMIDP ,705.15,36.64
2019-03-03,19,N2EXMIDP,0,0
2019-03-03,20,APXMIDP ,527.9,36.83
2019-03-03,20,N2EXMIDP,0,0
2019-03-03,21,APXMIDP ,732.9,38.53
2019-03-03,21,N2EXMIDP,0,0
2019-03-03,22,APXMIDP ,733.6,37.01
2019-03-03,22,N2EXMIDP,0,0
2019-03-03,23,APXMIDP ,812.95,41.05
2019-03-03,23,N2EXMIDP,0,0
2019-03-03,24,APXMIDP ,666.95,43.05
2019-03-03,24,N2EXMIDP,0,0
2019-03-03,25,APXMIDP ,822.55,44.25
2019-03-03,25,N2EXMIDP,0,0
2019-03-03,26,APXMIDP ,891.35,44.93
2019-03-03,26,N2EXMIDP,0,0
2019-03-03,27,APXMIDP ,836.05,49.76
2019-03-03,27,N2EXMIDP,0,0
2019-03-03,28,APXMIDP ,751.3,49.35
2019-03-03,28,N2EXMIDP,0,0
2019-03-03,29,APXMIDP ,779,48.9
2019-03-03,29,N2EXMIDP,0,0
2019-03-03,30,APXMIDP ,817.6,48.49
2019-03-03,30,N2EXMIDP,0,0
2019-03-03,31,APXMIDP ,506.3,57.08
2019-03-03,31,N2EXMIDP,0,0
2019-03-03,32,APXMIDP ,438.95,58.94
2019-03-03,32,N2EXMIDP,0,0
2019-03-03,33,APXMIDP ,579.35,59.32
2019-03-03,33,N2EXMIDP,0,0
2019-03-03,34,APXMIDP ,635.95,59.36
2019-03-03,34,N2EXMIDP,0,0
2019-03-03,35,APXMIDP ,1209.1,67.55
2019-03-03,35,N2EXMIDP,0,0
2019-03-03,36,APXMIDP ,1280.6,68.01
2019-03-03,36,N2EXMIDP,0,0
2019-03-03,37,APXMIDP ,1210.05,67.87
2019-03-03,37,N2EXMIDP,0,0
2019-03-03,38,APXMIDP ,1267,67.81
2019-03-03,38,N2EXMIDP,0,0
2019-03-03,39,APXMIDP ,901.7,60.86
2019-03-03,39,N2EXMIDP,0,0
2019-03-03,40,APXMIDP ,782.05,57.22
2019-03-03,40,N2EXMIDP,0,0
2019-03-03,41,APXMIDP ,925.85,55.49
2019-03-03,41,N2EXMIDP,0,0
2019-03-03,42,APXMIDP ,826,54.61
2019-03-03,42,N2EXMIDP,0,0
2019-03-03,43,APXMIDP ,1068.25,48.37
2019-03-03,43,N2EXMIDP,0,0
2019-03-03,44,APXMIDP ,804.45,49.27
2019-03-03,44,N2EXMIDP,0,0
2019-03-03,45,APXMIDP ,856.75,48.91
2019-03-03,45,N2EXMIDP,0,0
2019-03-03,46,APXMIDP ,1169.3,48.94
2019-03-03,46,N2EXMIDP,0,0
2019-03-03,47,APXMIDP ,267.75,46.98
2019-03-03,47,N2EXMIDP,0,0
2019-03-03,48,APXMIDP ,215,45.32
2019-03-03,48,N2EXMIDP,0,0
2019-03-04,1,APXMIDP ,253.3,45.59
2019-03-04,1,N2EXMIDP,0,0
2019-03-04,2,APXMIDP ,284.7,46.1
2019-03-04,2,N2EXMIDP,0,0
2019-03-04,3,APXMIDP ,387.1,43.13
2019-03-04,3,N2EXMIDP,0,0
2019-03-04,4,APXMIDP ,402.05,41.84
2019-03-04,4,N2EXMIDP,0,0
2019-03-04,5,APXMIDP ,403.5,41.67
2019-03-04,5,N2EXMIDP,0,0
2019-03-04,6,APXMIDP ,426.2,41.17
2019-03-04,6,N2EXMIDP,0,0
2019-03-04,7,APXMIDP ,216.5,37.96
2019-03-04,7,N2EXMIDP,0,0
2019-03-04,8,APXMIDP ,396.25,35.21
2019-03-04,8,N2EXMIDP,0,0
2019-03-04,9,APXMIDP ,553.55,34.46
2019-03-04,9,N2EXMIDP,0,0
2019-03-04,10,APXMIDP ,467.35,35.19
2019-03-04,10,N2EXMIDP,0,0
2019-03-04,11,APXMIDP ,331.05,36.29
2019-03-04,11,N2EXMIDP,0,0
2019-03-04,12,APXMIDP ,490.45,37.21
2019-03-04,12,N2EXMIDP,0,0
2019-03-04,13,APXMIDP ,439.1,37.95
2019-03-04,13,N2EXMIDP,0,0
2019-03-04,14,APXMIDP ,896.5,39.36
2019-03-04,14,N2EXMIDP,0,0
2019-03-04,15,APXMIDP ,648.4,46.32
2019-03-04,15,N2EXMIDP,0,0
2019-03-04,16,APXMIDP ,505.75,49.07
2019-03-04,16,N2EXMIDP,0,0
2019-03-04,17,APXMIDP ,550.5,58.56
2019-03-04,17,N2EXMIDP,0,0
2019-03-04,18,APXMIDP ,503,53.85
2019-03-04,18,N2EXMIDP,0,0
2019-03-04,19,APXMIDP ,650,48.92
2019-03-04,19,N2EXMIDP,0,0
2019-03-04,20,APXMIDP ,744.5,48.22
2019-03-04,20,N2EXMIDP,0,0
2019-03-04,21,APXMIDP ,885.9,47.79
2019-03-04,21,N2EXMIDP,0,0
2019-03-04,22,APXMIDP ,825,47.85
2019-03-04,22,N2EXMIDP,0,0
2019-03-04,23,APXMIDP ,708.55,43.79
2019-03-04,23,N2EXMIDP,0,0
2019-03-04,24,APXMIDP ,862.85,44.27
2019-03-04,24,N2EXMIDP,0,0
2019-03-04,25,APXMIDP ,945.15,44.26
2019-03-04,25,N2EXMIDP,0,0
2019-03-04,26,APXMIDP ,1073.65,44.59
2019-03-04,26,N2EXMIDP,0,0
2019-03-04,27,APXMIDP ,1173.05,44.26
2019-03-04,27,N2EXMIDP,0,0
2019-03-04,28,APXMIDP ,1244.15,44.17
2019-03-04,28,N2EXMIDP,0,0
2019-03-04,29,APXMIDP ,1279.35,44.11
2019-03-04,29,N2EXMIDP,0,0
2019-03-04,30,APXMIDP ,1319.9,43.93
2019-03-04,30,N2EXMIDP,0,0
2019-03-04,31,APXMIDP ,1140.2,47.71
2019-03-04,31,N2EXMIDP,0,0
2019-03-04,32,APXMIDP ,1163.65,47.71
2019-03-04,32,N2EXMIDP,0,0
2019-03-04,33,APXMIDP ,1123.5,48.41
2019-03-04,33,N2EXMIDP,0,0
2019-03-04,34,APXMIDP ,1015.55,49.19
2019-03-04,34,N2EXMIDP,0,0
2019-03-04,35,APXMIDP ,1141.2,62.69
2019-03-04,35,N2EXMIDP,0,0
2019-03-04,36,APXMIDP ,1172.8,63.88
2019-03-04,36,N2EXMIDP,0,0
2019-03-04,37,APXMIDP ,1680.5,70.28
2019-03-04,37,N2EXMIDP,0,0
2019-03-04,38,APXMIDP ,1528.25,69.53
2019-03-04,38,N2EXMIDP,0,0
2019-03-04,39,APXMIDP ,837.15,61.82
2019-03-04,39,N2EXMIDP,0,0
2019-03-04,40,APXMIDP ,668.7,55.46
2019-03-04,40,N2EXMIDP,0,0
2019-03-04,41,APXMIDP ,660.8,50.67
2019-03-04,41,N2EXMIDP,0,0
2019-03-04,42,APXMIDP ,710.3,46.89
2019-03-04,42,N2EXMIDP,0,0
2019-03-04,43,APXMIDP ,1087.8,49.74
2019-03-04,43,N2EXMIDP,0,0
2019-03-04,44,APXMIDP ,1152.55,49.43
2019-03-04,44,N2EXMIDP,0,0
2019-03-04,45,APXMIDP ,1323.15,47.46
2019-03-04,45,N2EXMIDP,0,0
2019-03-04,46,APXMIDP ,1856.7,46.64
2019-03-04,46,N2EXMIDP,0,0
2019-03-04,47,APXMIDP ,80,39.39
2019-03-04,47,N2EXMIDP,0,0
2019-03-04,48,APXMIDP ,148.4,39.23
2019-03-04,48,N2EXMIDP,0,0
2019-03-05,1,APXMIDP ,143.8,38.77
2019-03-05,1,N2EXMIDP,0,0
2019-03-05,2,APXMIDP ,239.55,39.11
2019-03-05,2,N2EXMIDP,0,0
2019-03-05,3,APXMIDP ,259.15,40.05
2019-03-05,3,N2EXMIDP,0,0
2019-03-05,4,APXMIDP ,414.1,40.64
2019-03-05,4,N2EXMIDP,0,0
2019-03-05,5,APXMIDP ,390.5,41.92
2019-03-05,5,N2EXMIDP,0,0
2019-03-05,6,APXMIDP ,417.1,41.44
2019-03-05,6,N2EXMIDP,0,0
2019-03-05,7,APXMIDP ,267.5,42.07
2019-03-05,7,N2EXMIDP,0,0
2019-03-05,8,APXMIDP ,353.5,43.81
2019-03-05,8,N2EXMIDP,0,0
2019-03-05,9,APXMIDP ,287.5,44.28
2019-03-05,9,N2EXMIDP,0,0
2019-03-05,10,APXMIDP ,369.65,42.62
2019-03-05,10,N2EXMIDP,0,0
2019-03-05,11,APXMIDP ,458.65,42.5
2019-03-05,11,N2EXMIDP,0,0
2019-03-05,12,APXMIDP ,302.4,45.85
2019-03-05,12,N2EXMIDP,0,0
2019-03-05,13,APXMIDP ,517.45,48.62
2019-03-05,13,N2EXMIDP,0,0
2019-03-05,14,APXMIDP ,843.7,43.31
2019-03-05,14,N2EXMIDP,0,0
2019-03-05,15,APXMIDP ,429,56.32
2019-03-05,15,N2EXMIDP,0,0
2019-03-05,16,APXMIDP ,423.2,58.43
2019-03-05,16,N2EXMIDP,0,0
2019-03-05,17,APXMIDP ,477.65,58.79
2019-03-05,17,N2EXMIDP,0,0
2019-03-05,18,APXMIDP ,534.35,57.22
2019-03-05,18,N2EXMIDP,0,0
2019-03-05,19,APXMIDP ,645.9,51.04
2019-03-05,19,N2EXMIDP,0,0
2019-03-05,20,APXMIDP ,757.55,49.77
2019-03-05,20,N2EXMIDP,0,0
2019-03-05,21,APXMIDP ,883.7,49.29
2019-03-05,21,N2EXMIDP,0,0
2019-03-05,22,APXMIDP ,1090.6,46.55
2019-03-05,22,N2EXMIDP,0,0
2019-03-05,23,APXMIDP ,629.05,43.66
2019-03-05,23,N2EXMIDP,0,0
2019-03-05,24,APXMIDP ,650.15,43.63
2019-03-05,24,N2EXMIDP,0,0
2019-03-05,25,APXMIDP ,862.45,43.68
2019-03-05,25,N2EXMIDP,0,0
2019-03-05,26,APXMIDP ,888.7,44.05
2019-03-05,26,N2EXMIDP,0,0
2019-03-05,27,APXMIDP ,778.4,45.57
2019-03-05,27,N2EXMIDP,0,0
2019-03-05,28,APXMIDP ,812.65,46.11
2019-03-05,28,N2EXMIDP,0,0
2019-03-05,29,APXMIDP ,978.3,46.62
2019-03-05,29,N2EXMIDP,0,0
2019-03-05,30,APXMIDP ,1172.85,46.28
2019-03-05,30,N2EXMIDP,0,0
2019-03-05,31,APXMIDP ,651.25,51.43
2019-03-05,31,N2EXMIDP,0,0
2019-03-05,32,APXMIDP ,889,52.64
2019-03-05,32,N2EXMIDP,0,0
2019-03-05,33,APXMIDP ,871.15,52.89
2019-03-05,33,N2EXMIDP,0,0
2019-03-05,34,APXMIDP ,969.85,55.64
2019-03-05,34,N2EXMIDP,0,0
2019-03-05,35,APXMIDP ,994.25,66.95
2019-03-05,35,N2EXMIDP,0,0
2019-03-05,36,APXMIDP ,1182.9,68.67
2019-03-05,36,N2EXMIDP,0,0
2019-03-05,37,APXMIDP ,1204.7,70.97
2019-03-05,37,N2EXMIDP,0,0
2019-03-05,38,APXMIDP ,1283.55,70.98
2019-03-05,38,N2EXMIDP,0,0
2019-03-05,39,APXMIDP ,817.9,59.17
2019-03-05,39,N2EXMIDP,0,0
2019-03-05,40,APXMIDP ,835.05,56.52
2019-03-05,40,N2EXMIDP,0,0
2019-03-05,41,APXMIDP ,815.7,54.01
2019-03-05,41,N2EXMIDP,0,0
2019-03-05,42,APXMIDP ,1203.9,51.28
2019-03-05,42,N2EXMIDP,0,0
2019-03-05,43,APXMIDP ,1461.2,49.01
2019-03-05,43,N2EXMIDP,0,0
2019-03-05,44,APXMIDP ,1286.6,49.38
2019-03-05,44,N2EXMIDP,0,0
2019-03-05,45,APXMIDP ,1676.55,47.91
2019-03-05,45,N2EXMIDP,0,0
2019-03-05,46,APXMIDP ,1959.95,48.14
2019-03-05,46,N2EXMIDP,0,0
2019-03-05,47,APXMIDP ,499.25,49.35
2019-03-05,47,N2EXMIDP,0,0
2019-03-05,48,APXMIDP ,193,52.38
2019-03-05,48,N2EXMIDP,0,0
2019-03-06,1,APXMIDP ,246.5,50.01
2019-03-06,1,N2EXMIDP,0,0
2019-03-06,2,APXMIDP ,237.95,55.03
2019-03-06,2,N2EXMIDP,0,0
2019-03-06,3,APXMIDP ,304.75,50.62
2019-03-06,3,N2EXMIDP,0,0
2019-03-06,4,APXMIDP ,370.1,49.77
2019-03-06,4,N2EXMIDP,0,0
2019-03-06,5,APXMIDP ,452.3,48.71
2019-03-06,5,N2EXMIDP,0,0
2019-03-06,6,APXMIDP ,744,44.85
2019-03-06,6,N2EXMIDP,0,0
2019-03-06,7,APXMIDP ,276.35,41.79
2019-03-06,7,N2EXMIDP,0,0
2019-03-06,8,APXMIDP ,545.55,34.26
2019-03-06,8,N2EXMIDP,0,0
2019-03-06,9,APXMIDP ,611.3,32.72
2019-03-06,9,N2EXMIDP,0,0
2019-03-06,10,APXMIDP ,639.05,31.32
2019-03-06,10,N2EXMIDP,0,0
2019-03-06,11,APXMIDP ,878.35,29.81
2019-03-06,11,N2EXMIDP,0,0
2019-03-06,12,APXMIDP ,626.8,32.73
2019-03-06,12,N2EXMIDP,0,0
2019-03-06,13,APXMIDP ,825.5,41.06
2019-03-06,13,N2EXMIDP,0,0
2019-03-06,14,APXMIDP ,961,38.1
2019-03-06,14,N2EXMIDP,0,0
2019-03-06,15,APXMIDP ,569.5,45.72
2019-03-06,15,N2EXMIDP,0,0
2019-03-06,16,APXMIDP ,397.65,47.3
2019-03-06,16,N2EXMIDP,0,0
2019-03-06,17,APXMIDP ,474.1,45.32
2019-03-06,17,N2EXMIDP,0,0
2019-03-06,18,APXMIDP ,459.85,45.78
2019-03-06,18,N2EXMIDP,0,0
2019-03-06,19,APXMIDP ,328.45,46.24
2019-03-06,19,N2EXMIDP,0,0
2019-03-06,20,APXMIDP ,649.55,46.41
2019-03-06,20,N2EXMIDP,0,0
2019-03-06,21,APXMIDP ,691.55,46.6
2019-03-06,21,N2EXMIDP,0,0
2019-03-06,22,APXMIDP ,802.2,47.26
2019-03-06,22,N2EXMIDP,0,0
2019-03-06,23,APXMIDP ,813.85,46.79
2019-03-06,23,N2EXMIDP,0,0
2019-03-06,24,APXMIDP ,1127.55,47.49
2019-03-06,24,N2EXMIDP,0,0
2019-03-06,25,APXMIDP ,1070.4,47.31
2019-03-06,25,N2EXMIDP,0,0
2019-03-06,26,APXMIDP ,1277.05,48.46
2019-03-06,26,N2EXMIDP,0,0
2019-03-06,27,APXMIDP ,1385.65,47.38
2019-03-06,27,N2EXMIDP,0,0
2019-03-06,28,APXMIDP ,1332.5,46.69
2019-03-06,28,N2EXMIDP,0,0
2019-03-06,29,APXMIDP ,1596,46.17
2019-03-06,29,N2EXMIDP,0,0
2019-03-06,30,APXMIDP ,1650,45.3
2019-03-06,30,N2EXMIDP,0,0
2019-03-06,31,APXMIDP ,548,47.4
2019-03-06,31,N2EXMIDP,0,0
2019-03-06,32,APXMIDP ,734.65,45.81
2019-03-06,32,N2EXMIDP,0,0
2019-03-06,33,APXMIDP ,744.45,47.66
2019-03-06,33,N2EXMIDP,0,0
2019-03-06,34,APXMIDP ,843.3,49.94
2019-03-06,34,N2EXMIDP,0,0
2019-03-06,35,APXMIDP ,663.3,55.22
2019-03-06,35,N2EXMIDP,0,0
2019-03-06,36,APXMIDP ,623.5,56.7
2019-03-06,36,N2EXMIDP,0,0
2019-03-06,37,APXMIDP ,1045.45,64.52
2019-03-06,37,N2EXMIDP,0,0
2019-03-06,38,APXMIDP ,1195.6,64.17
2019-03-06,38,N2EXMIDP,0,0
2019-03-06,39,APXMIDP ,559.2,57.76
2019-03-06,39,N2EXMIDP,0,0
2019-03-06,40,APXMIDP ,752.55,53.32
2019-03-06,40,N2EXMIDP,0,0
2019-03-06,41,APXMIDP ,729.15,48.44
2019-03-06,41,N2EXMIDP,0,0
2019-03-06,42,APXMIDP ,718.4,47.99
2019-03-06,42,N2EXMIDP,0,0
2019-03-06,43,APXMIDP ,1237.95,45.1
2019-03-06,43,N2EXMIDP,0,0
2019-03-06,44,APXMIDP ,1156.9,46.55
2019-03-06,44,N2EXMIDP,0,0
2019-03-06,45,APXMIDP ,1591.25,43.5
2019-03-06,45,N2EXMIDP,0,0
2019-03-06,46,APXMIDP ,1634,43.82
2019-03-06,46,N2EXMIDP,0,0
2019-03-06,47,APXMIDP ,68.05,43.4
2019-03-06,47,N2EXMIDP,0,0
2019-03-06,48,APXMIDP ,57.9,33.36
2019-03-06,48,N2EXMIDP,0,0
2019-03-07,1,APXMIDP ,448.5,34.31
2019-03-07,1,N2EXMIDP,0,0
2019-03-07,2,APXMIDP ,674.3,36.83
2019-03-07,2,N2EXMIDP,0,0
2019-03-07,3,APXMIDP ,664.45,37.98
2019-03-07,3,N2EXMIDP,0,0
2019-03-07,4,APXMIDP ,747.65,37.24
2019-03-07,4,N2EXMIDP,0,0
2019-03-07,5,APXMIDP ,693.45,37.77
2019-03-07,5,N2EXMIDP,0,0
2019-03-07,6,APXMIDP ,686.1,37.78
2019-03-07,6,N2EXMIDP,0,0
2019-03-07,7,APXMIDP ,410.25,35.48
2019-03-07,7,N2EXMIDP,0,0
2019-03-07,8,APXMIDP ,510.45,36.17
2019-03-07,8,N2EXMIDP,0,0
2019-03-07,9,APXMIDP ,438.25,36.25
2019-03-07,9,N2EXMIDP,0,0
2019-03-07,10,APXMIDP ,560.7,37.09
2019-03-07,10,N2EXMIDP,0,0
2019-03-07,11,APXMIDP ,491.2,37.28
2019-03-07,11,N2EXMIDP,0,0
2019-03-07,12,APXMIDP ,640.45,37.49
2019-03-07,12,N2EXMIDP,0,0
2019-03-07,13,APXMIDP ,801.05,40
2019-03-07,13,N2EXMIDP,0,0
2019-03-07,14,APXMIDP ,850.9,40.19
2019-03-07,14,N2EXMIDP,0,0
2019-03-07,15,APXMIDP ,293,49.05
2019-03-07,15,N2EXMIDP,0,0
2019-03-07,16,APXMIDP ,479.25,49.67
2019-03-07,16,N2EXMIDP,0,0
2019-03-07,17,APXMIDP ,774.25,49.78
2019-03-07,17,N2EXMIDP,0,0
2019-03-07,18,APXMIDP ,759.35,47.95
2019-03-07,18,N2EXMIDP,0,0
2019-03-07,19,APXMIDP ,242,47.66
2019-03-07,19,N2EXMIDP,0,0
2019-03-07,20,APXMIDP ,383.5,44.37
2019-03-07,20,N2EXMIDP,0,0
2019-03-07,21,APXMIDP ,665.3,38.57
2019-03-07,21,N2EXMIDP,0,0
2019-03-07,22,APXMIDP ,1019.1,37
2019-03-07,22,N2EXMIDP,0,0
2019-03-07,23,APXMIDP ,1158,38.24
2019-03-07,23,N2EXMIDP,0,0
2019-03-07,24,APXMIDP ,1251.5,38.36
2019-03-07,24,N2EXMIDP,0,0
2019-03-07,25,APXMIDP ,1367.05,38.42
2019-03-07,25,N2EXMIDP,0,0
2019-03-07,26,APXMIDP ,1445.45,38.43
2019-03-07,26,N2EXMIDP,0,0
2019-03-07,27,APXMIDP ,1417.15,38.58
2019-03-07,27,N2EXMIDP,0,0
2019-03-07,28,APXMIDP ,1592.15,39.02
2019-03-07,28,N2EXMIDP,0,0
2019-03-07,29,APXMIDP ,1753.45,39.45
2019-03-07,29,N2EXMIDP,0,0
2019-03-07,30,APXMIDP ,1706.85,39.38
2019-03-07,30,N2EXMIDP,0,0
2019-03-07,31,APXMIDP ,693.5,41.02
2019-03-07,31,N2EXMIDP,0,0
2019-03-07,32,APXMIDP ,683.25,42.02
2019-03-07,32,N2EXMIDP,0,0
2019-03-07,33,APXMIDP ,925.75,42.84
2019-03-07,33,N2EXMIDP,0,0
2019-03-07,34,APXMIDP ,1096.95,42.63
2019-03-07,34,N2EXMIDP,0,0
2019-03-07,35,APXMIDP ,1013.75,50.3
2019-03-07,35,N2EXMIDP,0,0
2019-03-07,36,APXMIDP ,750.75,54.98
2019-03-07,36,N2EXMIDP,0,0
2019-03-07,37,APXMIDP ,1341.7,61.86
2019-03-07,37,N2EXMIDP,0,0
2019-03-07,38,APXMIDP ,1222.65,60.97
2019-03-07,38,N2EXMIDP,0,0
2019-03-07,39,APXMIDP ,767.95,58.28
2019-03-07,39,N2EXMIDP,0,0
2019-03-07,40,APXMIDP ,744.05,56.36
2019-03-07,40,N2EXMIDP,0,0
2019-03-07,41,APXMIDP ,795.75,55.3
2019-03-07,41,N2EXMIDP,0,0
2019-03-07,42,APXMIDP ,981.55,50.88
2019-03-07,42,N2EXMIDP,0,0
2019-03-07,43,APXMIDP ,824.9,45.87
2019-03-07,43,N2EXMIDP,0,0
2019-03-07,44,APXMIDP ,855.4,45.04
2019-03-07,44,N2EXMIDP,0,0
2019-03-07,45,APXMIDP ,1259.2,44.42
2019-03-07,45,N2EXMIDP,0,0
2019-03-07,46,APXMIDP ,1381.9,43.89
2019-03-07,46,N2EXMIDP,0,0
2019-03-07,47,APXMIDP ,556.6,40.77
2019-03-07,47,N2EXMIDP,0,0
2019-03-07,48,APXMIDP ,697.1,40.66
2019-03-07,48,N2EXMIDP,0,0
2019-03-08,1,APXMIDP ,606.75,41.5
2019-03-08,1,N2EXMIDP,0,0
2019-03-08,2,APXMIDP ,451,42.01
2019-03-08,2,N2EXMIDP,0,0
2019-03-08,3,APXMIDP ,336,41.92
2019-03-08,3,N2EXMIDP,0,0
2019-03-08,4,APXMIDP ,325.6,42.3
2019-03-08,4,N2EXMIDP,0,0
2019-03-08,5,APXMIDP ,381.45,43.94
2019-03-08,5,N2EXMIDP,0,0
2019-03-08,6,APXMIDP ,385,44.16
2019-03-08,6,N2EXMIDP,0,0
2019-03-08,7,APXMIDP ,176.9,49.46
2019-03-08,7,N2EXMIDP,0,0
2019-03-08,8,APXMIDP ,236.7,50.43
2019-03-08,8,N2EXMIDP,0,0
2019-03-08,9,APXMIDP ,578.25,46.57
2019-03-08,9,N2EXMIDP,0,0
2019-03-08,10,APXMIDP ,522.5,46.67
2019-03-08,10,N2EXMIDP,0,0
2019-03-08,11,APXMIDP ,209.4,45.82
2019-03-08,11,N2EXMIDP,0,0
2019-03-08,12,APXMIDP ,272,45.35
2019-03-08,12,N2EXMIDP,0,0
2019-03-08,13,APXMIDP ,369,54.37
2019-03-08,13,N2EXMIDP,0,0
2019-03-08,14,APXMIDP ,698.1,47.25
2019-03-08,14,N2EXMIDP,0,0
2019-03-08,15,APXMIDP ,433.75,63.54
2019-03-08,15,N2EXMIDP,0,0
2019-03-08,16,APXMIDP ,274.5,68.95
2019-03-08,16,N2EXMIDP,0,0
2019-03-08,17,APXMIDP ,626,70.76
2019-03-08,17,N2EXMIDP,0,0
2019-03-08,18,APXMIDP ,580,73.45
2019-03-08,18,N2EXMIDP,0,0
2019-03-08,19,APXMIDP ,602.2,62.84
2019-03-08,19,N2EXMIDP,0,0
2019-03-08,20,APXMIDP ,553.2,55.9
2019-03-08,20,N2EXMIDP,0,0
2019-03-08,21,APXMIDP ,542.2,52.68
2019-03-08,21,N2EXMIDP,0,0
2019-03-08,22,APXMIDP ,765.75,48.39
2019-03-08,22,N2EXMIDP,0,0
2019-03-08,23,APXMIDP ,930.4,40.11
2019-03-08,23,N2EXMIDP,0,0
2019-03-08,24,APXMIDP ,1237.25,41.72
2019-03-08,24,N2EXMIDP,0,0
2019-03-08,25,APXMIDP ,1328.75,42.17
2019-03-08,25,N2EXMIDP,0,0
2019-03-08,26,APXMIDP ,1287.2,42.08
2019-03-08,26,N2EXMIDP,0,0
2019-03-08,27,APXMIDP ,1503,41.76
2019-03-08,27,N2EXMIDP,0,0
2019-03-08,28,APXMIDP ,1730.6,42.34
2019-03-08,28,N2EXMIDP,0,0
2019-03-08,29,APXMIDP ,1940.75,42.26
2019-03-08,29,N2EXMIDP,0,0
2019-03-08,30,APXMIDP ,2040.1,42.12
2019-03-08,30,N2EXMIDP,0,0
2019-03-08,31,APXMIDP ,1434.3,44.32
2019-03-08,31,N2EXMIDP,0,0
2019-03-08,32,APXMIDP ,1364,44.89
2019-03-08,32,N2EXMIDP,0,0
2019-03-08,33,APXMIDP ,1507.65,44.19
2019-03-08,33,N2EXMIDP,0,0
2019-03-08,34,APXMIDP ,1670.95,43.73
2019-03-08,34,N2EXMIDP,0,0
2019-03-08,35,APXMIDP ,1507.6,45.9
2019-03-08,35,N2EXMIDP,0,0
2019-03-08,36,APXMIDP ,1505.25,46.96
2019-03-08,36,N2EXMIDP,0,0
2019-03-08,37,APXMIDP ,1637.1,47.48
2019-03-08,37,N2EXMIDP,0,0
2019-03-08,38,APXMIDP ,1846.65,47.86
2019-03-08,38,N2EXMIDP,0,0
2019-03-08,39,APXMIDP ,871.9,44.38
2019-03-08,39,N2EXMIDP,0,0
2019-03-08,40,APXMIDP ,1176.15,44.05
2019-03-08,40,N2EXMIDP,0,0
2019-03-08,41,APXMIDP ,1200.55,44.12
2019-03-08,41,N2EXMIDP,0,0
2019-03-08,42,APXMIDP ,1513.55,43.19
2019-03-08,42,N2EXMIDP,0,0
2019-03-08,43,APXMIDP ,1593.6,42.73
2019-03-08,43,N2EXMIDP,0,0
2019-03-08,44,APXMIDP ,1839.6,41.9
2019-03-08,44,N2EXMIDP,0,0
2019-03-08,45,APXMIDP ,2276.2,40.91
2019-03-08,45,N2EXMIDP,0,0
2019-03-08,46,APXMIDP ,2584.95,40.84
2019-03-08,46,N2EXMIDP,0,0
2019-03-08,47,APXMIDP ,247.5,37.66
2019-03-08,47,N2EXMIDP,0,0
2019-03-08,48,APXMIDP ,184,32.76
2019-03-08,48,N2EXMIDP,0,0
2019-03-09,1,APXMIDP ,57.5,27.62
2019-03-09,1,N2EXMIDP,0,0
2019-03-09,2,APXMIDP ,125.5,23.55
2019-03-09,2,N2EXMIDP,0,0
2019-03-09,3,APXMIDP ,204.5,21.72
2019-03-09,3,N2EXMIDP,0,0
2019-03-09,4,APXMIDP ,230.5,20.38
2019-03-09,4,N2EXMIDP,0,0
2019-03-09,5,APXMIDP ,282.5,22.14
2019-03-09,5,N2EXMIDP,0,0
2019-03-09,6,APXMIDP ,269,22.57
2019-03-09,6,N2EXMIDP,0,0
2019-03-09,7,APXMIDP ,225.5,21.61
2019-03-09,7,N2EXMIDP,0,0
2019-03-09,8,APXMIDP ,219,21.36
2019-03-09,8,N2EXMIDP,0,0
2019-03-09,9,APXMIDP ,252,21.52
2019-03-09,9,N2EXMIDP,0,0
2019-03-09,10,APXMIDP ,252,21.52
2019-03-09,10,N2EXMIDP,0,0
2019-03-09,11,APXMIDP ,231.9,28.59
2019-03-09,11,N2EXMIDP,0,0
2019-03-09,12,APXMIDP ,353.9,34.94
2019-03-09,12,N2EXMIDP,0,0
2019-03-09,13,APXMIDP ,406.6,36.54
2019-03-09,13,N2EXMIDP,0,0
2019-03-09,14,APXMIDP ,433.2,36.18
2019-03-09,14,N2EXMIDP,0,0
2019-03-09,15,APXMIDP ,192.25,48.9
2019-03-09,15,N2EXMIDP,0,0
2019-03-09,16,APXMIDP ,333.5,44.23
2019-03-09,16,N2EXMIDP,0,0
2019-03-09,17,APXMIDP ,585.95,41.93
2019-03-09,17,N2EXMIDP,0,0
2019-03-09,18,APXMIDP ,458.9,43.08
2019-03-09,18,N2EXMIDP,0,0
2019-03-09,19,APXMIDP ,281,44.01
2019-03-09,19,N2EXMIDP,0,0
2019-03-09,20,APXMIDP ,381.75,44.29
2019-03-09,20,N2EXMIDP,0,0
2019-03-09,21,APXMIDP ,568.5,43.86
2019-03-09,21,N2EXMIDP,0,0
2019-03-09,22,APXMIDP ,661.8,41.93
2019-03-09,22,N2EXMIDP,0,0
2019-03-09,23,APXMIDP ,993.7,37.73
2019-03-09,23,N2EXMIDP,0,0
2019-03-09,24,APXMIDP ,1303.3,35.23
2019-03-09,24,N2EXMIDP,0,0
2019-03-09,25,APXMIDP ,1525.15,34.87
2019-03-09,25,N2EXMIDP,0,0
2019-03-09,26,APXMIDP ,1510.35,33.98
2019-03-09,26,N2EXMIDP,0,0
2019-03-09,27,APXMIDP ,1622.85,33.11
2019-03-09,27,N2EXMIDP,0,0
2019-03-09,28,APXMIDP ,1745.5,33.82
2019-03-09,28,N2EXMIDP,0,0
2019-03-09,29,APXMIDP ,1789.55,33.64
2019-03-09,29,N2EXMIDP,0,0
2019-03-09,30,APXMIDP ,1826.05,33.97
2019-03-09,30,N2EXMIDP,0,0
2019-03-09,31,APXMIDP ,1243.9,40.07
2019-03-09,31,N2EXMIDP,0,0
2019-03-09,32,APXMIDP ,951.95,39.92
2019-03-09,32,N2EXMIDP,0,0
2019-03-09,33,APXMIDP ,908.25,38.58
2019-03-09,33,N2EXMIDP,0,0
2019-03-09,34,APXMIDP ,1027,38.08
2019-03-09,34,N2EXMIDP,0,0
2019-03-09,35,APXMIDP ,591.15,40.21
2019-03-09,35,N2EXMIDP,0,0
2019-03-09,36,APXMIDP ,805.7,41.77
2019-03-09,36,N2EXMIDP,0,0
2019-03-09,37,APXMIDP ,1003.4,51.65
2019-03-09,37,N2EXMIDP,0,0
2019-03-09,38,APXMIDP ,888.8,52.83
2019-03-09,38,N2EXMIDP,0,0
2019-03-09,39,APXMIDP ,952.75,54.82
2019-03-09,39,N2EXMIDP,0,0
2019-03-09,40,APXMIDP ,905.4,54.36
2019-03-09,40,N2EXMIDP,0,0
2019-03-09,41,APXMIDP ,946.95,54.29
2019-03-09,41,N2EXMIDP,0,0
2019-03-09,42,APXMIDP ,958.5,53.35
2019-03-09,42,N2EXMIDP,0,0
2019-03-09,43,APXMIDP ,981.7,54.1
2019-03-09,43,N2EXMIDP,0,0
2019-03-09,44,APXMIDP ,1142.95,53.37
2019-03-09,44,N2EXMIDP,0,0
2019-03-09,45,APXMIDP ,1715.25,53.68
2019-03-09,45,N2EXMIDP,0,0
2019-03-09,46,APXMIDP ,1797.7,52.65
2019-03-09,46,N2EXMIDP,0,0
2019-03-09,47,APXMIDP ,1070.15,56.05
2019-03-09,47,N2EXMIDP,0,0
2019-03-09,48,APXMIDP ,972.9,56.22
2019-03-09,48,N2EXMIDP,0,0
2019-03-10,1,APXMIDP ,874.9,56.1
2019-03-10,1,N2EXMIDP,0,0
2019-03-10,2,APXMIDP ,960.15,55.98
2019-03-10,2,N2EXMIDP,0,0
2019-03-10,3,APXMIDP ,1217,56.34
2019-03-10,3,N2EXMIDP,0,0
2019-03-10,4,APXMIDP ,1007.8,55.47
2019-03-10,4,N2EXMIDP,0,0
2019-03-10,5,APXMIDP ,1032.15,54.3
2019-03-10,5,N2EXMIDP,0,0
2019-03-10,6,APXMIDP ,926.65,55.36
2019-03-10,6,N2EXMIDP,0,0
2019-03-10,7,APXMIDP ,465,48.84
2019-03-10,7,N2EXMIDP,0,0
2019-03-10,8,APXMIDP ,316.5,48.23
2019-03-10,8,N2EXMIDP,0,0
2019-03-10,9,APXMIDP ,323.7,48.29
2019-03-10,9,N2EXMIDP,0,0
2019-03-10,10,APXMIDP ,313.15,48.27
2019-03-10,10,N2EXMIDP,0,0
2019-03-10,11,APXMIDP ,190.5,47.65
2019-03-10,11,N2EXMIDP,0,0
2019-03-10,12,APXMIDP ,184.9,47.58
2019-03-10,12,N2EXMIDP,0,0
2019-03-10,13,APXMIDP ,243.4,48.06
2019-03-10,13,N2EXMIDP,0,0
2019-03-10,14,APXMIDP ,354.05,48.07
2019-03-10,14,N2EXMIDP,0,0
2019-03-10,15,APXMIDP ,529.75,49.48
2019-03-10,15,N2EXMIDP,0,0
2019-03-10,16,APXMIDP ,822,51.38
2019-03-10,16,N2EXMIDP,0,0
2019-03-10,17,APXMIDP ,740.35,53.98
2019-03-10,17,N2EXMIDP,0,0
2019-03-10,18,APXMIDP ,707.95,54.83
2019-03-10,18,N2EXMIDP,0,0
2019-03-10,19,APXMIDP ,530.5,53.32
2019-03-10,19,N2EXMIDP,0,0
2019-03-10,20,APXMIDP ,793.05,52.45
2019-03-10,20,N2EXMIDP,0,0
2019-03-10,21,APXMIDP ,847.65,48.94
2019-03-10,21,N2EXMIDP,0,0
2019-03-10,22,APXMIDP ,1019.55,49.98
2019-03-10,22,N2EXMIDP,0,0
2019-03-10,23,APXMIDP ,1141.7,42.32
2019-03-10,23,N2EXMIDP,0,0
2019-03-10,24,APXMIDP ,919.35,41.44
2019-03-10,24,N2EXMIDP,0,0
2019-03-10,25,APXMIDP ,1054.35,43.62
2019-03-10,25,N2EXMIDP,0,0
2019-03-10,26,APXMIDP ,1129.9,43.77
2019-03-10,26,N2EXMIDP,0,0
2019-03-10,27,APXMIDP ,1007.5,37.66
2019-03-10,27,N2EXMIDP,0,0
2019-03-10,28,APXMIDP ,1154.7,37.72
2019-03-10,28,N2EXMIDP,0,0
2019-03-10,29,APXMIDP ,1439.2,35.29
2019-03-10,29,N2EXMIDP,0,0
2019-03-10,30,APXMIDP ,1529,34.96
2019-03-10,30,N2EXMIDP,0,0
2019-03-10,31,APXMIDP ,1701.6,39.64
2019-03-10,31,N2EXMIDP,0,0
2019-03-10,32,APXMIDP ,1500.45,42.54
2019-03-10,32,N2EXMIDP,0,0
2019-03-10,33,APXMIDP ,1513.15,42.97
2019-03-10,33,N2EXMIDP,0,0
2019-03-10,34,APXMIDP ,1588.1,44
2019-03-10,34,N2EXMIDP,0,0
2019-03-10,35,APXMIDP ,1255.15,49.45
2019-03-10,35,N2EXMIDP,0,0
2019-03-10,36,APXMIDP ,1830.05,53.44
2019-03-10,36,N2EXMIDP,0,0
2019-03-10,37,APXMIDP ,1650.8,54.16
2019-03-10,37,N2EXMIDP,0,0
2019-03-10,38,APXMIDP ,1587.8,53.76
2019-03-10,38,N2EXMIDP,0,0
2019-03-10,39,APXMIDP ,1145.25,57.27
2019-03-10,39,N2EXMIDP,0,0
2019-03-10,40,APXMIDP ,1139.65,55.07
2019-03-10,40,N2EXMIDP,0,0
2019-03-10,41,APXMIDP ,735.5,49.48
2019-03-10,41,N2EXMIDP,0,0
2019-03-10,42,APXMIDP ,817.55,49.07
2019-03-10,42,N2EXMIDP,0,0
2019-03-10,43,APXMIDP ,1166.25,43.2
2019-03-10,43,N2EXMIDP,0,0
2019-03-10,44,APXMIDP ,1200.3,44.43
2019-03-10,44,N2EXMIDP,0,0
2019-03-10,45,APXMIDP ,1391.9,45.74
2019-03-10,45,N2EXMIDP,0,0
2019-03-10,46,APXMIDP ,1972.35,45.48
2019-03-10,46,N2EXMIDP,0,0
2019-03-10,47,APXMIDP ,516,42.06
2019-03-10,47,N2EXMIDP,0,0
2019-03-10,48,APXMIDP ,174.5,42.38
2019-03-10,48,N2EXMIDP,0,0
2019-03-11,1,APXMIDP ,158,42.56
2019-03-11,1,N2EXMIDP,0,0
2019-03-11,2,APXMIDP ,326.5,40.26
2019-03-11,2,N2EXMIDP,0,0
2019-03-11,3,APXMIDP ,258.3,43.28
2019-03-11,3,N2EXMIDP,0,0
2019-03-11,4,APXMIDP ,303.8,43.93
2019-03-11,4,N2EXMIDP,0,0
2019-03-11,5,APXMIDP ,386.25,45.21
2019-03-11,5,N2EXMIDP,0,0
2019-03-11,6,APXMIDP ,522.3,47
2019-03-11,6,N2EXMIDP,0,0
2019-03-11,7,APXMIDP ,332.9,45.52
2019-03-11,7,N2EXMIDP,0,0
2019-03-11,8,APXMIDP ,242.9,42.41
2019-03-11,8,N2EXMIDP,0,0
2019-03-11,9,APXMIDP ,686.65,49.87
2019-03-11,9,N2EXMIDP,0,0
2019-03-11,10,APXMIDP ,366.6,46.01
2019-03-11,10,N2EXMIDP,0,0
2019-03-11,11,APXMIDP ,347.45,51.77
2019-03-11,11,N2EXMIDP,0,0
2019-03-11,12,APXMIDP ,476.45,50.64
2019-03-11,12,N2EXMIDP,0,0
2019-03-11,13,APXMIDP ,291.05,53.62
2019-03-11,13,N2EXMIDP,0,0
2019-03-11,14,APXMIDP ,1324.1,51.16
2019-03-11,14,N2EXMIDP,0,0
2019-03-11,15,APXMIDP ,295.5,44.76
2019-03-11,15,N2EXMIDP,0,0
2019-03-11,16,APXMIDP ,424.35,47.65
2019-03-11,16,N2EXMIDP,0,0
2019-03-11,17,APXMIDP ,482.45,45.08
2019-03-11,17,N2EXMIDP,0,0
2019-03-11,18,APXMIDP ,430.1,45.29
2019-03-11,18,N2EXMIDP,0,0
2019-03-11,19,APXMIDP ,703.6,41.72
2019-03-11,19,N2EXMIDP,0,0
2019-03-11,20,APXMIDP ,870.5,41.13
2019-03-11,20,N2EXMIDP,0,0
2019-03-11,21,APXMIDP ,870.1,40.91
2019-03-11,21,N2EXMIDP,0,0
2019-03-11,22,APXMIDP ,1021.8,40.59
2019-03-11,22,N2EXMIDP,0,0
2019-03-11,23,APXMIDP ,644.25,40.52
2019-03-11,23,N2EXMIDP,0,0
2019-03-11,24,APXMIDP ,739.3,40.57
2019-03-11,24,N2EXMIDP,0,0
2019-03-11,25,APXMIDP ,1035.7,40.02
2019-03-11,25,N2EXMIDP,0,0
2019-03-11,26,APXMIDP ,918.15,40.14
2019-03-11,26,N2EXMIDP,0,0
2019-03-11,27,APXMIDP ,929.65,40.54
2019-03-11,27,N2EXMIDP,0,0
2019-03-11,28,APXMIDP ,1041.1,40.32
2019-03-11,28,N2EXMIDP,0,0
2019-03-11,29,APXMIDP ,1088.15,40.26
2019-03-11,29,N2EXMIDP,0,0
2019-03-11,30,APXMIDP ,1103.65,40.28
2019-03-11,30,N2EXMIDP,0,0
2019-03-11,31,APXMIDP ,966.45,46.28
2019-03-11,31,N2EXMIDP,0,0
2019-03-11,32,APXMIDP ,980.65,47.38
2019-03-11,32,N2EXMIDP,0,0
2019-03-11,33,APXMIDP ,897.8,48.72
2019-03-11,33,N2EXMIDP,0,0
2019-03-11,34,APXMIDP ,1012.95,53.02
2019-03-11,34,N2EXMIDP,0,0
2019-03-11,35,APXMIDP ,1020.15,59.81
2019-03-11,35,N2EXMIDP,0,0
2019-03-11,36,APXMIDP ,1532.6,63.29
2019-03-11,36,N2EXMIDP,0,0
2019-03-11,37,APXMIDP ,1405.35,64.78
2019-03-11,37,N2EXMIDP,0,0
2019-03-11,38,APXMIDP ,1478.7,65.16
2019-03-11,38,N2EXMIDP,0,0
2019-03-11,39,APXMIDP ,959.25,60.03
2019-03-11,39,N2EXMIDP,0,0
2019-03-11,40,APXMIDP ,818.95,52.86
2019-03-11,40,N2EXMIDP,0,0
2019-03-11,41,APXMIDP ,809.15,49.41
2019-03-11,41,N2EXMIDP,0,0
2019-03-11,42,APXMIDP ,1170.6,47.57
2019-03-11,42,N2EXMIDP,0,0
2019-03-11,43,APXMIDP ,1428.4,46
2019-03-11,43,N2EXMIDP,0,0
2019-03-11,44,APXMIDP ,1237.95,43.87
2019-03-11,44,N2EXMIDP,0,0
2019-03-11,45,APXMIDP ,1857.7,42.76
2019-03-11,45,N2EXMIDP,0,0
2019-03-11,46,APXMIDP ,1881.1,41.73
2019-03-11,46,N2EXMIDP,0,0
2019-03-11,47,APXMIDP ,148,37.91
2019-03-11,47,N2EXMIDP,0,0
2019-03-11,48,APXMIDP ,87.55,29.45
2019-03-11,48,N2EXMIDP,0,0
2019-03-12,1,APXMIDP ,308.9,28.74
2019-03-12,1,N2EXMIDP,0,0
2019-03-12,2,APXMIDP ,360.95,29.94
2019-03-12,2,N2EXMIDP,0,0
2019-03-12,3,APXMIDP ,160,32.39
2019-03-12,3,N2EXMIDP,0,0
2019-03-12,4,APXMIDP ,353.5,24.89
2019-03-12,4,N2EXMIDP,0,0
2019-03-12,5,APXMIDP ,223.5,26.47
2019-03-12,5,N2EXMIDP,0,0
2019-03-12,6,APXMIDP ,228,26.02
2019-03-12,6,N2EXMIDP,0,0
2019-03-12,7,APXMIDP ,263.75,25.72
2019-03-12,7,N2EXMIDP,0,0
2019-03-12,8,APXMIDP ,295.6,22.63
2019-03-12,8,N2EXMIDP,0,0
2019-03-12,9,APXMIDP ,403.95,21.37
2019-03-12,9,N2EXMIDP,0,0
2019-03-12,10,APXMIDP ,291.75,22.13
2019-03-12,10,N2EXMIDP,0,0
2019-03-12,11,APXMIDP ,474.75,34.42
2019-03-12,11,N2EXMIDP,0,0
2019-03-12,12,APXMIDP ,309.4,38.85
2019-03-12,12,N2EXMIDP,0,0
2019-03-12,13,APXMIDP ,531.45,43.68
2019-03-12,13,N2EXMIDP,0,0
2019-03-12,14,APXMIDP ,969.95,39.59
2019-03-12,14,N2EXMIDP,0,0
2019-03-12,15,APXMIDP ,601.65,43.91
2019-03-12,15,N2EXMIDP,0,0
2019-03-12,16,APXMIDP ,423.35,43.4
2019-03-12,16,N2EXMIDP,0,0
2019-03-12,17,APXMIDP ,629.05,40.28
2019-03-12,17,N2EXMIDP,0,0
2019-03-12,18,APXMIDP ,530.4,40.2
2019-03-12,18,N2EXMIDP,0,0
2019-03-12,19,APXMIDP ,343.85,43.24
2019-03-12,19,N2EXMIDP,0,0
2019-03-12,20,APXMIDP ,561.8,42.91
2019-03-12,20,N2EXMIDP,0,0
2019-03-12,21,APXMIDP ,722.85,44.37
2019-03-12,21,N2EXMIDP,0,0
2019-03-12,22,APXMIDP ,785.4,45.85
2019-03-12,22,N2EXMIDP,0,0
2019-03-12,23,APXMIDP ,726.85,45.64
2019-03-12,23,N2EXMIDP,0,0
2019-03-12,24,APXMIDP ,786.35,44.49
2019-03-12,24,N2EXMIDP,0,0
2019-03-12,25,APXMIDP ,924.95,44.88
2019-03-12,25,N2EXMIDP,0,0
2019-03-12,26,APXMIDP ,879.7,44.47
2019-03-12,26,N2EXMIDP,0,0
2019-03-12,27,APXMIDP ,1009.05,41.91
2019-03-12,27,N2EXMIDP,0,0
2019-03-12,28,APXMIDP ,1264.75,42.05
2019-03-12,28,N2EXMIDP,0,0
2019-03-12,29,APXMIDP ,1344,42.16
2019-03-12,29,N2EXMIDP,0,0
2019-03-12,30,APXMIDP ,1474.55,41.93
2019-03-12,30,N2EXMIDP,0,0
2019-03-12,31,APXMIDP ,693.5,46.17
2019-03-12,31,N2EXMIDP,0,0
2019-03-12,32,APXMIDP ,904.5,45.53
2019-03-12,32,N2EXMIDP,0,0
2019-03-12,33,APXMIDP ,1022.3,45.38
2019-03-12,33,N2EXMIDP,0,0
2019-03-12,34,APXMIDP ,1371.85,43.11
2019-03-12,34,N2EXMIDP,0,0
2019-03-12,35,APXMIDP ,1132.35,51.53
2019-03-12,35,N2EXMIDP,0,0
2019-03-12,36,APXMIDP ,1374.9,53.31
2019-03-12,36,N2EXMIDP,0,0
2019-03-12,37,APXMIDP ,1679.9,56.62
2019-03-12,37,N2EXMIDP,0,0
2019-03-12,38,APXMIDP ,1793.75,57.96
2019-03-12,38,N2EXMIDP,0,0
2019-03-12,39,APXMIDP ,1084.1,50.86
2019-03-12,39,N2EXMIDP,0,0
2019-03-12,40,APXMIDP ,1189.45,49.6
2019-03-12,40,N2EXMIDP,0,0
2019-03-12,41,APXMIDP ,1292.35,48.08
2019-03-12,41,N2EXMIDP,0,0
2019-03-12,42,APXMIDP ,1291.8,47.04
2019-03-12,42,N2EXMIDP,0,0
2019-03-12,43,APXMIDP ,1518.7,47.09
2019-03-12,43,N2EXMIDP,0,0
2019-03-12,44,APXMIDP ,1193.95,46.23
2019-03-12,44,N2EXMIDP,0,0
2019-03-12,45,APXMIDP ,1197,45.96
2019-03-12,45,N2EXMIDP,0,0
2019-03-12,46,APXMIDP ,1368.2,44.28
2019-03-12,46,N2EXMIDP,0,0
2019-03-12,47,APXMIDP ,154,48.27
2019-03-12,47,N2EXMIDP,25,39
2019-03-12,48,APXMIDP ,204,52.98
2019-03-12,48,N2EXMIDP,25,39
2019-03-13,1,APXMIDP ,185.15,54.38
2019-03-13,1,N2EXMIDP,0,0
2019-03-13,2,APXMIDP ,248,55.67
2019-03-13,2,N2EXMIDP,0,0
2019-03-13,3,APXMIDP ,249.5,55.17
2019-03-13,3,N2EXMIDP,0,0
2019-03-13,4,APXMIDP ,202,49.53
2019-03-13,4,N2EXMIDP,0,0
2019-03-13,5,APXMIDP ,236.75,45.28
2019-03-13,5,N2EXMIDP,0,0
2019-03-13,6,APXMIDP ,437.8,37.18
2019-03-13,6,N2EXMIDP,0,0
2019-03-13,7,APXMIDP ,520.9,29.38
2019-03-13,7,N2EXMIDP,0,0
2019-03-13,8,APXMIDP ,557.6,29.27
2019-03-13,8,N2EXMIDP,0,0
2019-03-13,9,APXMIDP ,654.2,27.86
2019-03-13,9,N2EXMIDP,0,0
2019-03-13,10,APXMIDP ,761.95,27.91
2019-03-13,10,N2EXMIDP,0,0
2019-03-13,11,APXMIDP ,240.7,32.18
2019-03-13,11,N2EXMIDP,0,0
2019-03-13,12,APXMIDP ,302.85,33.59
2019-03-13,12,N2EXMIDP,0,0
2019-03-13,13,APXMIDP ,538.2,49.39
2019-03-13,13,N2EXMIDP,0,0
2019-03-13,14,APXMIDP ,689.7,35.16
2019-03-13,14,N2EXMIDP,0,0
2019-03-13,15,APXMIDP ,530.25,46.48
2019-03-13,15,N2EXMIDP,0,0
2019-03-13,16,APXMIDP ,591.6,46.53
2019-03-13,16,N2EXMIDP,0,0
2019-03-13,17,APXMIDP ,775.15,45.99
2019-03-13,17,N2EXMIDP,0,0
2019-03-13,18,APXMIDP ,638.8,44.63
2019-03-13,18,N2EXMIDP,0,0
2019-03-13,19,APXMIDP ,521.4,44.78
2019-03-13,19,N2EXMIDP,0,0
2019-03-13,20,APXMIDP ,426.95,43.91
2019-03-13,20,N2EXMIDP,0,0
2019-03-13,21,APXMIDP ,537.1,42.59
2019-03-13,21,N2EXMIDP,0,0
2019-03-13,22,APXMIDP ,736.5,41.1
2019-03-13,22,N2EXMIDP,0,0
2019-03-13,23,APXMIDP ,647.25,39.2
2019-03-13,23,N2EXMIDP,0,0
2019-03-13,24,APXMIDP ,665,39.2
2019-03-13,24,N2EXMIDP,0,0
2019-03-13,25,APXMIDP ,1022.15,38.79
2019-03-13,25,N2EXMIDP,0,0
2019-03-13,26,APXMIDP ,1148.25,39.24
2019-03-13,26,N2EXMIDP,0,0
2019-03-13,27,APXMIDP ,994.15,40.03
2019-03-13,27,N2EXMIDP,0,0
2019-03-13,28,APXMIDP ,1093.5,40.3
2019-03-13,28,N2EXMIDP,0,0
2019-03-13,29,APXMIDP ,1223.5,40.59
2019-03-13,29,N2EXMIDP,0,0
2019-03-13,30,APXMIDP ,1331.95,41.08
2019-03-13,30,N2EXMIDP,0,0
2019-03-13,31,APXMIDP ,430.6,44.6
2019-03-13,31,N2EXMIDP,0,0
2019-03-13,32,APXMIDP ,759.7,45.83
2019-03-13,32,N2EXMIDP,0,0
2019-03-13,33,APXMIDP ,769.05,45.84
2019-03-13,33,N2EXMIDP,0,0
2019-03-13,34,APXMIDP ,1065.15,45.09
2019-03-13,34,N2EXMIDP,0,0
2019-03-13,35,APXMIDP ,726.05,55.47
2019-03-13,35,N2EXMIDP,0,0
2019-03-13,36,APXMIDP ,914.25,59.43
2019-03-13,36,N2EXMIDP,0,0
2019-03-13,37,APXMIDP ,1214,61.9
2019-03-13,37,N2EXMIDP,0,0
2019-03-13,38,APXMIDP ,1565.15,64.74
2019-03-13,38,N2EXMIDP,0,0
2019-03-13,39,APXMIDP ,461.05,65.24
2019-03-13,39,N2EXMIDP,0,0
2019-03-13,40,APXMIDP ,714.5,59.98
2019-03-13,40,N2EXMIDP,0,0
2019-03-13,41,APXMIDP ,598.15,50.87
2019-03-13,41,N2EXMIDP,0,0
2019-03-13,42,APXMIDP ,676.85,46.51
2019-03-13,42,N2EXMIDP,0,0
2019-03-13,43,APXMIDP ,685.7,42.4
2019-03-13,43,N2EXMIDP,0,0
2019-03-13,44,APXMIDP ,1237.1,42.9
2019-03-13,44,N2EXMIDP,0,0
2019-03-13,45,APXMIDP ,998,42.47
2019-03-13,45,N2EXMIDP,0,0
2019-03-13,46,APXMIDP ,1064.7,41.64
2019-03-13,46,N2EXMIDP,0,0
2019-03-13,47,APXMIDP ,170.75,29.81
2019-03-13,47,N2EXMIDP,0,0
2019-03-13,48,APXMIDP ,271,23.93
2019-03-13,48,N2EXMIDP,0,0
2019-03-14,1,APXMIDP ,194.55,28.27
2019-03-14,1,N2EXMIDP,0,0
2019-03-14,2,APXMIDP ,347.5,31.31
2019-03-14,2,N2EXMIDP,0,0
2019-03-14,3,APXMIDP ,177.6,38.56
2019-03-14,3,N2EXMIDP,0,0
2019-03-14,4,APXMIDP ,273.75,43.51
2019-03-14,4,N2EXMIDP,0,0
2019-03-14,5,APXMIDP ,250.2,43.46
2019-03-14,5,N2EXMIDP,0,0
2019-03-14,6,APXMIDP ,329.65,43.77
2019-03-14,6,N2EXMIDP,0,0
2019-03-14,7,APXMIDP ,262.5,46.03
2019-03-14,7,N2EXMIDP,0,0
2019-03-14,8,APXMIDP ,246.8,45.24
2019-03-14,8,N2EXMIDP,0,0
2019-03-14,9,APXMIDP ,392.85,47.02
2019-03-14,9,N2EXMIDP,0,0
2019-03-14,10,APXMIDP ,426.6,47.92
2019-03-14,10,N2EXMIDP,0,0
2019-03-14,11,APXMIDP ,284,53.29
2019-03-14,11,N2EXMIDP,0,0
2019-03-14,12,APXMIDP ,400.55,51.85
2019-03-14,12,N2EXMIDP,0,0
2019-03-14,13,APXMIDP ,440.8,59.77
2019-03-14,13,N2EXMIDP,0,0
2019-03-14,14,APXMIDP ,570.35,54.48
2019-03-14,14,N2EXMIDP,0,0
2019-03-14,15,APXMIDP ,468.85,53.22
2019-03-14,15,N2EXMIDP,0,0
2019-03-14,16,APXMIDP ,385.5,49.92
2019-03-14,16,N2EXMIDP,0,0
2019-03-14,17,APXMIDP ,615.45,48.3
2019-03-14,17,N2EXMIDP,0,0
2019-03-14,18,APXMIDP ,465.95,48.84
2019-03-14,18,N2EXMIDP,0,0
2019-03-14,19,APXMIDP ,542.9,47.47
2019-03-14,19,N2EXMIDP,0,0
2019-03-14,20,APXMIDP ,716.4,47.63
2019-03-14,20,N2EXMIDP,0,0
2019-03-14,21,APXMIDP ,977.9,46.1
2019-03-14,21,N2EXMIDP,0,0
2019-03-14,22,APXMIDP ,1003.75,45.82
2019-03-14,22,N2EXMIDP,0,0
2019-03-14,23,APXMIDP ,709.5,40.44
2019-03-14,23,N2EXMIDP,0,0
2019-03-14,24,APXMIDP ,809.1,41.13
2019-03-14,24,N2EXMIDP,0,0
2019-03-14,25,APXMIDP ,849.5,41.49
2019-03-14,25,N2EXMIDP,0,0
2019-03-14,26,APXMIDP ,992,40.38
2019-03-14,26,N2EXMIDP,0,0
2019-03-14,27,APXMIDP ,1211.85,39.74
2019-03-14,27,N2EXMIDP,0,0
2019-03-14,28,APXMIDP ,1303.55,39.52
2019-03-14,28,N2EXMIDP,0,0
2019-03-14,29,APXMIDP ,1233.5,39.47
2019-03-14,29,N2EXMIDP,0,0
2019-03-14,30,APXMIDP ,1294.8,39.32
2019-03-14,30,N2EXMIDP,0,0
2019-03-14,31,APXMIDP ,497.7,47.25
2019-03-14,31,N2EXMIDP,0,0
2019-03-14,32,APXMIDP ,478.4,48.64
2019-03-14,32,N2EXMIDP,0,0
2019-03-14,33,APXMIDP ,647.45,47.05
2019-03-14,33,N2EXMIDP,0,0
2019-03-14,34,APXMIDP ,827.6,45.66
2019-03-14,34,N2EXMIDP,0,0
2019-03-14,35,APXMIDP ,756.35,53.69
2019-03-14,35,N2EXMIDP,0,0
2019-03-14,36,APXMIDP ,876.3,57.42
2019-03-14,36,N2EXMIDP,0,0
2019-03-14,37,APXMIDP ,1098.35,62.69
2019-03-14,37,N2EXMIDP,0,0
2019-03-14,38,APXMIDP ,1232.6,64.51
2019-03-14,38,N2EXMIDP,0,0
2019-03-14,39,APXMIDP ,917.05,62.05
2019-03-14,39,N2EXMIDP,0,0
2019-03-14,40,APXMIDP ,898.15,57.01
2019-03-14,40,N2EXMIDP,0,0
2019-03-14,41,APXMIDP ,837.15,54.14
2019-03-14,41,N2EXMIDP,0,0
2019-03-14,42,APXMIDP ,1021.05,50.89
2019-03-14,42,N2EXMIDP,0,0
2019-03-14,43,APXMIDP ,1047.15,46.43
2019-03-14,43,N2EXMIDP,0,0
2019-03-14,44,APXMIDP ,1146.95,46.53
2019-03-14,44,N2EXMIDP,0,0
2019-03-14,45,APXMIDP ,1465.2,44.8
2019-03-14,45,N2EXMIDP,0,0
2019-03-14,46,APXMIDP ,1520.7,44.35
2019-03-14,46,N2EXMIDP,0,0
2019-03-14,47,APXMIDP ,356.2,47.24
2019-03-14,47,N2EXMIDP,0,0
2019-03-14,48,APXMIDP ,406.9,47.93
2019-03-14,48,N2EXMIDP,0,0
2019-03-15,1,APXMIDP ,640.95,40.13
2019-03-15,1,N2EXMIDP,0,0
2019-03-15,2,APXMIDP ,836.8,39.51
2019-03-15,2,N2EXMIDP,0,0
2019-03-15,3,APXMIDP ,908.9,38.77
2019-03-15,3,N2EXMIDP,0,0
2019-03-15,4,APXMIDP ,1021.75,37.22
2019-03-15,4,N2EXMIDP,0,0
2019-03-15,5,APXMIDP ,643.7,36.98
2019-03-15,5,N2EXMIDP,0,0
2019-03-15,6,APXMIDP ,808.6,32.44
2019-03-15,6,N2EXMIDP,0,0
2019-03-15,7,APXMIDP ,642.5,21.25
2019-03-15,7,N2EXMIDP,0,0
2019-03-15,8,APXMIDP ,704.6,18.43
2019-03-15,8,N2EXMIDP,0,0
2019-03-15,9,APXMIDP ,666.55,18.22
2019-03-15,9,N2EXMIDP,0,0
2019-03-15,10,APXMIDP ,655.55,18.22
2019-03-15,10,N2EXMIDP,0,0
2019-03-15,11,APXMIDP ,515.3,17.04
2019-03-15,11,N2EXMIDP,0,0
2019-03-15,12,APXMIDP ,620.4,14.96
2019-03-15,12,N2EXMIDP,0,0
2019-03-15,13,APXMIDP ,1099.7,30.23
2019-03-15,13,N2EXMIDP,0,0
2019-03-15,14,APXMIDP ,1357.05,22.77
2019-03-15,14,N2EXMIDP,0,0
2019-03-15,15,APXMIDP ,845.65,36.55
2019-03-15,15,N2EXMIDP,0,0
2019-03-15,16,APXMIDP ,412.3,37.8
2019-03-15,16,N2EXMIDP,0,0
2019-03-15,17,APXMIDP ,948.45,38.31
2019-03-15,17,N2EXMIDP,0,0
2019-03-15,18,APXMIDP ,663.2,37.28
2019-03-15,18,N2EXMIDP,0,0
2019-03-15,19,APXMIDP ,421.5,38.48
2019-03-15,19,N2EXMIDP,0,0
2019-03-15,20,APXMIDP ,589.5,38.26
2019-03-15,20,N2EXMIDP,0,0
2019-03-15,21,APXMIDP ,925.45,36.87
2019-03-15,21,N2EXMIDP,0,0
2019-03-15,22,APXMIDP ,1042.5,37.73
2019-03-15,22,N2EXMIDP,0,0
2019-03-15,23,APXMIDP ,1018.95,38.15
2019-03-15,23,N2EXMIDP,0,0
2019-03-15,24,APXMIDP ,1073.95,39
2019-03-15,24,N2EXMIDP,0,0
2019-03-15,25,APXMIDP ,1235.1,39.64
2019-03-15,25,N2EXMIDP,0,0
2019-03-15,26,APXMIDP ,1256.2,39.65
2019-03-15,26,N2EXMIDP,0,0
2019-03-15,27,APXMIDP ,975.45,38.61
2019-03-15,27,N2EXMIDP,0,0
2019-03-15,28,APXMIDP ,1172.7,38.33
2019-03-15,28,N2EXMIDP,0,0
2019-03-15,29,APXMIDP ,1101.95,38.11
2019-03-15,29,N2EXMIDP,0,0
2019-03-15,30,APXMIDP ,1172.2,38.1
2019-03-15,30,N2EXMIDP,0,0
2019-03-15,31,APXMIDP ,597.05,39.62
2019-03-15,31,N2EXMIDP,0,0
2019-03-15,32,APXMIDP ,819.45,39.25
2019-03-15,32,N2EXMIDP,0,0
2019-03-15,33,APXMIDP ,814,39.18
2019-03-15,33,N2EXMIDP,0,0
2019-03-15,34,APXMIDP ,958.7,40.49
2019-03-15,34,N2EXMIDP,0,0
2019-03-15,35,APXMIDP ,995.3,52.02
2019-03-15,35,N2EXMIDP,0,0
2019-03-15,36,APXMIDP ,1299.3,57.49
2019-03-15,36,N2EXMIDP,0,0
2019-03-15,37,APXMIDP ,1331.9,60.26
2019-03-15,37,N2EXMIDP,0,0
2019-03-15,38,APXMIDP ,1620.6,63.45
2019-03-15,38,N2EXMIDP,0,0
2019-03-15,39,APXMIDP ,1163,62.28
2019-03-15,39,N2EXMIDP,0,0
2019-03-15,40,APXMIDP ,1233,59.21
2019-03-15,40,N2EXMIDP,0,0
2019-03-15,41,APXMIDP ,1157.2,58.12
2019-03-15,41,N2EXMIDP,0,0
2019-03-15,42,APXMIDP ,1160.8,57.13
2019-03-15,42,N2EXMIDP,0,0
2019-03-15,43,APXMIDP ,1290.15,50.42
2019-03-15,43,N2EXMIDP,0,0
2019-03-15,44,APXMIDP ,1154.45,47.79
2019-03-15,44,N2EXMIDP,0,0
2019-03-15,45,APXMIDP ,1262.95,46.14
2019-03-15,45,N2EXMIDP,0,0
2019-03-15,46,APXMIDP ,1605.1,44.41
2019-03-15,46,N2EXMIDP,0,0
2019-03-15,47,APXMIDP ,122.45,36.23
2019-03-15,47,N2EXMIDP,0,0
2019-03-15,48,APXMIDP ,384.5,31.27
2019-03-15,48,N2EXMIDP,0,0
2019-03-16,1,APXMIDP ,720.45,33.73
2019-03-16,1,N2EXMIDP,0,0
2019-03-16,2,APXMIDP ,647.5,33.28
2019-03-16,2,N2EXMIDP,0,0
2019-03-16,3,APXMIDP ,384.6,39.86
2019-03-16,3,N2EXMIDP,0,0
2019-03-16,4,APXMIDP ,789.75,39.43
2019-03-16,4,N2EXMIDP,0,0
2019-03-16,5,APXMIDP ,596.7,41.2
2019-03-16,5,N2EXMIDP,0,0
2019-03-16,6,APXMIDP ,626.65,41.39
2019-03-16,6,N2EXMIDP,0,0
2019-03-16,7,APXMIDP ,560.85,40.57
2019-03-16,7,N2EXMIDP,0,0
2019-03-16,8,APXMIDP ,544.85,40.54
2019-03-16,8,N2EXMIDP,0,0
2019-03-16,9,APXMIDP ,542.75,39.57
2019-03-16,9,N2EXMIDP,0,0
2019-03-16,10,APXMIDP ,657.25,39.33
2019-03-16,10,N2EXMIDP,0,0
2019-03-16,11,APXMIDP ,219.65,36.42
2019-03-16,11,N2EXMIDP,0,0
2019-03-16,12,APXMIDP ,321.45,36.43
2019-03-16,12,N2EXMIDP,0,0
2019-03-16,13,APXMIDP ,873.1,39.38
2019-03-16,13,N2EXMIDP,0,0
2019-03-16,14,APXMIDP ,682.1,38.06
2019-03-16,14,N2EXMIDP,0,0
2019-03-16,15,APXMIDP ,473.7,37.32
2019-03-16,15,N2EXMIDP,0,0
2019-03-16,16,APXMIDP ,523.7,37.23
2019-03-16,16,N2EXMIDP,0,0
2019-03-16,17,APXMIDP ,607,36.62
2019-03-16,17,N2EXMIDP,0,0
2019-03-16,18,APXMIDP ,692.85,38.51
2019-03-16,18,N2EXMIDP,0,0
2019-03-16,19,APXMIDP ,534.85,39.92
2019-03-16,19,N2EXMIDP,0,0
2019-03-16,20,APXMIDP ,721.25,39.12
2019-03-16,20,N2EXMIDP,0,0
2019-03-16,21,APXMIDP ,750.5,39.4
2019-03-16,21,N2EXMIDP,0,0
2019-03-16,22,APXMIDP ,537.2,40.2
2019-03-16,22,N2EXMIDP,0,0
2019-03-16,23,APXMIDP ,552.8,39.98
2019-03-16,23,N2EXMIDP,0,0
2019-03-16,24,APXMIDP ,617.3,40.73
2019-03-16,24,N2EXMIDP,0,0
2019-03-16,25,APXMIDP ,796.8,42.32
2019-03-16,25,N2EXMIDP,0,0
2019-03-16,26,APXMIDP ,719.55,41.5
2019-03-16,26,N2EXMIDP,0,0
2019-03-16,27,APXMIDP ,831.85,40.86
2019-03-16,27,N2EXMIDP,0,0
2019-03-16,28,APXMIDP ,1020.85,41.28
2019-03-16,28,N2EXMIDP,0,0
2019-03-16,29,APXMIDP ,1269.1,40.46
2019-03-16,29,N2EXMIDP,0,0
2019-03-16,30,APXMIDP ,1541,39.65
2019-03-16,30,N2EXMIDP,0,0
2019-03-16,31,APXMIDP ,544.55,42.55
2019-03-16,31,N2EXMIDP,0,0
2019-03-16,32,APXMIDP ,1080,41.65
2019-03-16,32,N2EXMIDP,0,0
2019-03-16,33,APXMIDP ,1026.55,42.65
2019-03-16,33,N2EXMIDP,0,0
2019-03-16,34,APXMIDP ,878.75,42.97
2019-03-16,34,N2EXMIDP,0,0
2019-03-16,35,APXMIDP ,726.8,54.6
2019-03-16,35,N2EXMIDP,0,0
2019-03-16,36,APXMIDP ,920.7,58.06
2019-03-16,36,N2EXMIDP,0,0
2019-03-16,37,APXMIDP ,906.25,59.32
2019-03-16,37,N2EXMIDP,0,0
2019-03-16,38,APXMIDP ,928.95,59.8
2019-03-16,38,N2EXMIDP,0,0
2019-03-16,39,APXMIDP ,581.4,57.92
2019-03-16,39,N2EXMIDP,0,0
2019-03-16,40,APXMIDP ,648.5,54.53
2019-03-16,40,N2EXMIDP,0,0
2019-03-16,41,APXMIDP ,600.7,50.75
2019-03-16,41,N2EXMIDP,0,0
2019-03-16,42,APXMIDP ,644.85,51.9
2019-03-16,42,N2EXMIDP,0,0
2019-03-16,43,APXMIDP ,784.45,48.88
2019-03-16,43,N2EXMIDP,0,0
2019-03-16,44,APXMIDP ,799.1,47.33
2019-03-16,44,N2EXMIDP,0,0
2019-03-16,45,APXMIDP ,1081.4,43.47
2019-03-16,45,N2EXMIDP,0,0
2019-03-16,46,APXMIDP ,1069.6,42.38
2019-03-16,46,N2EXMIDP,0,0
2019-03-16,47,APXMIDP ,97.5,49.98
2019-03-16,47,N2EXMIDP,0,0
2019-03-16,48,APXMIDP ,480.85,54.58
2019-03-16,48,N2EXMIDP,0,0
2019-03-17,1,APXMIDP ,451.55,53.05
2019-03-17,1,N2EXMIDP,0,0
2019-03-17,2,APXMIDP ,508.25,52.73
2019-03-17,2,N2EXMIDP,0,0
2019-03-17,3,APXMIDP ,393,45.4
2019-03-17,3,N2EXMIDP,0,0
2019-03-17,4,APXMIDP ,448.8,44.05
2019-03-17,4,N2EXMIDP,0,0
2019-03-17,5,APXMIDP ,669.85,39.44
2019-03-17,5,N2EXMIDP,0,0
2019-03-17,6,APXMIDP ,749.5,38.62
2019-03-17,6,N2EXMIDP,0,0
2019-03-17,7,APXMIDP ,380,33.6
2019-03-17,7,N2EXMIDP,0,0
2019-03-17,8,APXMIDP ,423,32.7
2019-03-17,8,N2EXMIDP,0,0
2019-03-17,9,APXMIDP ,260,34.1
2019-03-17,9,N2EXMIDP,0,0
2019-03-17,10,APXMIDP ,254.5,34.19
2019-03-17,10,N2EXMIDP,0,0
2019-03-17,11,APXMIDP ,237,34.54
2019-03-17,11,N2EXMIDP,0,0
2019-03-17,12,APXMIDP ,286.5,33.36
2019-03-17,12,N2EXMIDP,0,0
2019-03-17,13,APXMIDP ,480.5,31.42
2019-03-17,13,N2EXMIDP,0,0
2019-03-17,14,APXMIDP ,487.5,31.07
2019-03-17,14,N2EXMIDP,0,0
2019-03-17,15,APXMIDP ,627.5,31.36
2019-03-17,15,N2EXMIDP,0,0
2019-03-17,16,APXMIDP ,652,33.71
2019-03-17,16,N2EXMIDP,0,0
2019-03-17,17,APXMIDP ,738.65,36.36
2019-03-17,17,N2EXMIDP,0,0
2019-03-17,18,APXMIDP ,721.4,36.91
2019-03-17,18,N2EXMIDP,0,0
2019-03-17,19,APXMIDP ,596.65,39.53
2019-03-17,19,N2EXMIDP,0,0
2019-03-17,20,APXMIDP ,644.05,35.93
2019-03-17,20,N2EXMIDP,0,0
2019-03-17,21,APXMIDP ,736.6,35.79
2019-03-17,21,N2EXMIDP,0,0
2019-03-17,22,APXMIDP ,838.9,35.31
2019-03-17,22,N2EXMIDP,0,0
2019-03-17,23,APXMIDP ,1055.15,36.43
2019-03-17,23,N2EXMIDP,0,0
2019-03-17,24,APXMIDP ,1103.8,36.63
2019-03-17,24,N2EXMIDP,0,0
2019-03-17,25,APXMIDP ,1102.55,36.75
2019-03-17,25,N2EXMIDP,0,0
2019-03-17,26,APXMIDP ,1072.3,36.89
2019-03-17,26,N2EXMIDP,0,0
2019-03-17,27,APXMIDP ,800.3,38.8
2019-03-17,27,N2EXMIDP,0,0
2019-03-17,28,APXMIDP ,876.75,39.28
2019-03-17,28,N2EXMIDP,0,0
2019-03-17,29,APXMIDP ,971.35,40.24
2019-03-17,29,N2EXMIDP,0,0
2019-03-17,30,APXMIDP ,1013.15,41.4
2019-03-17,30,N2EXMIDP,0,0
2019-03-17,31,APXMIDP ,551.2,49.37
2019-03-17,31,N2EXMIDP,0,0
2019-03-17,32,APXMIDP ,662.8,50.53
2019-03-17,32,N2EXMIDP,0,0
2019-03-17,33,APXMIDP ,1024.2,49.84
2019-03-17,33,N2EXMIDP,0,0
2019-03-17,34,APXMIDP ,1549.95,47.09
2019-03-17,34,N2EXMIDP,0,0
2019-03-17,35,APXMIDP ,1038.9,47.22
2019-03-17,35,N2EXMIDP,0,0
2019-03-17,36,APXMIDP ,973.9,49.44
2019-03-17,36,N2EXMIDP,0,0
2019-03-17,37,APXMIDP ,1221.9,51.01
2019-03-17,37,N2EXMIDP,0,0
2019-03-17,38,APXMIDP ,1165.25,51.68
2019-03-17,38,N2EXMIDP,0,0
2019-03-17,39,APXMIDP ,747.7,60.07
2019-03-17,39,N2EXMIDP,0,0
2019-03-17,40,APXMIDP ,744.9,59.79
2019-03-17,40,N2EXMIDP,0,0
2019-03-17,41,APXMIDP ,631,58.01
2019-03-17,41,N2EXMIDP,0,0
2019-03-17,42,APXMIDP ,578.4,56.84
2019-03-17,42,N2EXMIDP,0,0
2019-03-17,43,APXMIDP ,1084.55,52.62
2019-03-17,43,N2EXMIDP,0,0
2019-03-17,44,APXMIDP ,910.1,50.21
2019-03-17,44,N2EXMIDP,0,0
2019-03-17,45,APXMIDP ,1147.25,48.32
2019-03-17,45,N2EXMIDP,0,0
2019-03-17,46,APXMIDP ,1013.95,47.78
2019-03-17,46,N2EXMIDP,0,0
2019-03-17,47,APXMIDP ,228.5,39.49
2019-03-17,47,N2EXMIDP,0,0
2019-03-17,48,APXMIDP ,539.15,36.64
2019-03-17,48,N2EXMIDP,0,0
2019-03-18,1,APXMIDP ,698.7,44.02
2019-03-18,1,N2EXMIDP,0,0
2019-03-18,2,APXMIDP ,541.9,37.79
2019-03-18,2,N2EXMIDP,0,0
2019-03-18,3,APXMIDP ,400.4,40.78
2019-03-18,3,N2EXMIDP,0,0
2019-03-18,4,APXMIDP ,379.6,39.86
2019-03-18,4,N2EXMIDP,0,0
2019-03-18,5,APXMIDP ,515.5,40.79
2019-03-18,5,N2EXMIDP,0,0
2019-03-18,6,APXMIDP ,642.5,40.84
2019-03-18,6,N2EXMIDP,0,0
2019-03-18,7,APXMIDP ,550,41.68
2019-03-18,7,N2EXMIDP,0,0
2019-03-18,8,APXMIDP ,600.25,41.97
2019-03-18,8,N2EXMIDP,0,0
2019-03-18,9,APXMIDP ,570,41.9
2019-03-18,9,N2EXMIDP,0,0
2019-03-18,10,APXMIDP ,638.5,42.68
2019-03-18,10,N2EXMIDP,0,0
2019-03-18,11,APXMIDP ,392.5,47.07
2019-03-18,11,N2EXMIDP,0,0
2019-03-18,12,APXMIDP ,484.2,47.11
2019-03-18,12,N2EXMIDP,0,0
2019-03-18,13,APXMIDP ,514.9,49.55
2019-03-18,13,N2EXMIDP,0,0
2019-03-18,14,APXMIDP ,1104,50.55
2019-03-18,14,N2EXMIDP,0,0
2019-03-18,15,APXMIDP ,382.2,53.61
2019-03-18,15,N2EXMIDP,0,0
2019-03-18,16,APXMIDP ,461,53.56
2019-03-18,16,N2EXMIDP,0,0
2019-03-18,17,APXMIDP ,448.5,53.84
2019-03-18,17,N2EXMIDP,0,0
2019-03-18,18,APXMIDP ,854.2,50.47
2019-03-18,18,N2EXMIDP,0,0
2019-03-18,19,APXMIDP ,516,50.65
2019-03-18,19,N2EXMIDP,0,0
2019-03-18,20,APXMIDP ,492.5,49.31
2019-03-18,20,N2EXMIDP,0,0
2019-03-18,21,APXMIDP ,630.6,48.18
2019-03-18,21,N2EXMIDP,0,0
2019-03-18,22,APXMIDP ,749.7,48.07
2019-03-18,22,N2EXMIDP,0,0
2019-03-18,23,APXMIDP ,668.25,46.06
2019-03-18,23,N2EXMIDP,0,0
2019-03-18,24,APXMIDP ,927.75,48.7
2019-03-18,24,N2EXMIDP,0,0
2019-03-18,25,APXMIDP ,903,47.81
2019-03-18,25,N2EXMIDP,0,0
2019-03-18,26,APXMIDP ,1155.2,49.72
2019-03-18,26,N2EXMIDP,0,0
2019-03-18,27,APXMIDP ,943.15,48.36
2019-03-18,27,N2EXMIDP,0,0
2019-03-18,28,APXMIDP ,979,48.42
2019-03-18,28,N2EXMIDP,0,0
2019-03-18,29,APXMIDP ,1283,47.73
2019-03-18,29,N2EXMIDP,0,0
2019-03-18,30,APXMIDP ,1495.15,47.43
2019-03-18,30,N2EXMIDP,0,0
2019-03-18,31,APXMIDP ,463.15,59.04
2019-03-18,31,N2EXMIDP,0,0
2019-03-18,32,APXMIDP ,659.15,58.04
2019-03-18,32,N2EXMIDP,0,0
2019-03-18,33,APXMIDP ,839.4,55.41
2019-03-18,33,N2EXMIDP,0,0
2019-03-18,34,APXMIDP ,1163.9,59.5
2019-03-18,34,N2EXMIDP,0,0
2019-03-18,35,APXMIDP ,1332.4,63.02
2019-03-18,35,N2EXMIDP,0,0
2019-03-18,36,APXMIDP ,1423.1,65.65
2019-03-18,36,N2EXMIDP,0,0
2019-03-18,37,APXMIDP ,1386.7,70.54
2019-03-18,37,N2EXMIDP,0,0
2019-03-18,38,APXMIDP ,1588.9,77.56
2019-03-18,38,N2EXMIDP,0,0
2019-03-18,39,APXMIDP ,1274.5,84.54
2019-03-18,39,N2EXMIDP,0,0
2019-03-18,40,APXMIDP ,1111,74.19
2019-03-18,40,N2EXMIDP,0,0
2019-03-18,41,APXMIDP ,967.6,68.38
2019-03-18,41,N2EXMIDP,0,0
2019-03-18,42,APXMIDP ,848.1,63.43
2019-03-18,42,N2EXMIDP,0,0
2019-03-18,43,APXMIDP ,985.95,52.6
2019-03-18,43,N2EXMIDP,0,0
2019-03-18,44,APXMIDP ,909.3,50.99
2019-03-18,44,N2EXMIDP,0,0
2019-03-18,45,APXMIDP ,1336.55,46.98
2019-03-18,45,N2EXMIDP,0,0
2019-03-18,46,APXMIDP ,1770.75,44.18
2019-03-18,46,N2EXMIDP,0,0
2019-03-18,47,APXMIDP ,219.3,37.78
2019-03-18,47,N2EXMIDP,0,0
2019-03-18,48,APXMIDP ,198.25,40.3
2019-03-18,48,N2EXMIDP,0,0
2019-03-19,1,APXMIDP ,350,37.03
2019-03-19,1,N2EXMIDP,0,0
2019-03-19,2,APXMIDP ,335.65,38.16
2019-03-19,2,N2EXMIDP,0,0
2019-03-19,3,APXMIDP ,352.3,37.96
2019-03-19,3,N2EXMIDP,0,0
2019-03-19,4,APXMIDP ,465,38.2
2019-03-19,4,N2EXMIDP,0,0
2019-03-19,5,APXMIDP ,450,37.8
2019-03-19,5,N2EXMIDP,0,0
2019-03-19,6,APXMIDP ,430.1,37.55
2019-03-19,6,N2EXMIDP,0,0
2019-03-19,7,APXMIDP ,437.5,37.47
2019-03-19,7,N2EXMIDP,0,0
2019-03-19,8,APXMIDP ,633.5,38.55
2019-03-19,8,N2EXMIDP,0,0
2019-03-19,9,APXMIDP ,528.25,37.82
2019-03-19,9,N2EXMIDP,0,0
2019-03-19,10,APXMIDP ,561.75,37.78
2019-03-19,10,N2EXMIDP,0,0
2019-03-19,11,APXMIDP ,368.1,40.61
2019-03-19,11,N2EXMIDP,0,0
2019-03-19,12,APXMIDP ,293.35,42.07
2019-03-19,12,N2EXMIDP,0,0
2019-03-19,13,APXMIDP ,397.75,43.76
2019-03-19,13,N2EXMIDP,0,0
2019-03-19,14,APXMIDP ,805.5,40.94
2019-03-19,14,N2EXMIDP,0,0
2019-03-19,15,APXMIDP ,136.6,42.11
2019-03-19,15,N2EXMIDP,0,0
2019-03-19,16,APXMIDP ,471.5,42.05
2019-03-19,16,N2EXMIDP,0,0
2019-03-19,17,APXMIDP ,534.45,43.13
2019-03-19,17,N2EXMIDP,0,0
2019-03-19,18,APXMIDP ,654.4,40.94
2019-03-19,18,N2EXMIDP,0,0
2019-03-19,19,APXMIDP ,595,41.26
2019-03-19,19,N2EXMIDP,0,0
2019-03-19,20,APXMIDP ,855,39.04
2019-03-19,20,N2EXMIDP,0,0
2019-03-19,21,APXMIDP ,951.8,38.83
2019-03-19,21,N2EXMIDP,0,0
2019-03-19,22,APXMIDP ,1430.75,37.3
2019-03-19,22,N2EXMIDP,0,0
2019-03-19,23,APXMIDP ,802.75,37.12
2019-03-19,23,N2EXMIDP,0,0
2019-03-19,24,APXMIDP ,1469.4,36.23
2019-03-19,24,N2EXMIDP,0,0
2019-03-19,25,APXMIDP ,1644.25,36.37
2019-03-19,25,N2EXMIDP,0,0
2019-03-19,26,APXMIDP ,1501.75,36.85
2019-03-19,26,N2EXMIDP,0,0
2019-03-19,27,APXMIDP ,1527.6,37.14
2019-03-19,27,N2EXMIDP,0,0
2019-03-19,28,APXMIDP ,1599.3,37.13
2019-03-19,28,N2EXMIDP,0,0
2019-03-19,29,APXMIDP ,1633.5,37.2
2019-03-19,29,N2EXMIDP,0,0
2019-03-19,30,APXMIDP ,1829.65,36.78
2019-03-19,30,N2EXMIDP,0,0
2019-03-19,31,APXMIDP ,1129.3,39.63
2019-03-19,31,N2EXMIDP,0,0
2019-03-19,32,APXMIDP ,1169.35,39.78
2019-03-19,32,N2EXMIDP,0,0
2019-03-19,33,APXMIDP ,1001.7,39.82
2019-03-19,33,N2EXMIDP,0,0
2019-03-19,34,APXMIDP ,970.85,40.01
2019-03-19,34,N2EXMIDP,0,0
2019-03-19,35,APXMIDP ,860.5,44.48
2019-03-19,35,N2EXMIDP,0,0
2019-03-19,36,APXMIDP ,855.3,45.25
2019-03-19,36,N2EXMIDP,0,0
2019-03-19,37,APXMIDP ,1113.85,49.21
2019-03-19,37,N2EXMIDP,0,0
2019-03-19,38,APXMIDP ,1633.1,55.96
2019-03-19,38,N2EXMIDP,0,0
2019-03-19,39,APXMIDP ,1176.05,51.66
2019-03-19,39,N2EXMIDP,0,0
2019-03-19,40,APXMIDP ,1059.3,46.66
2019-03-19,40,N2EXMIDP,0,0
2019-03-19,41,APXMIDP ,1097.9,43.56
2019-03-19,41,N2EXMIDP,0,0
2019-03-19,42,APXMIDP ,1116.65,43.51
2019-03-19,42,N2EXMIDP,0,0
2019-03-19,43,APXMIDP ,1137.25,40.6
2019-03-19,43,N2EXMIDP,0,0
2019-03-19,44,APXMIDP ,1308,39.68
2019-03-19,44,N2EXMIDP,0,0
2019-03-19,45,APXMIDP ,1455.5,38.6
2019-03-19,45,N2EXMIDP,0,0
2019-03-19,46,APXMIDP ,2108.2,37.36
2019-03-19,46,N2EXMIDP,0,0
2019-03-19,47,APXMIDP ,339.5,37.05
2019-03-19,47,N2EXMIDP,0,0
2019-03-19,48,APXMIDP ,101.65,35.82
2019-03-19,48,N2EXMIDP,0,0
2019-03-20,1,APXMIDP ,124.5,37.51
2019-03-20,1,N2EXMIDP,0,0
2019-03-20,2,APXMIDP ,300.2,44.6
2019-03-20,2,N2EXMIDP,0,0
2019-03-20,3,APXMIDP ,330.3,46.69
2019-03-20,3,N2EXMIDP,0,0
2019-03-20,4,APXMIDP ,202.3,40.25
2019-03-20,4,N2EXMIDP,0,0
2019-03-20,5,APXMIDP ,188.3,40.11
2019-03-20,5,N2EXMIDP,0,0
2019-03-20,6,APXMIDP ,177.75,40
2019-03-20,6,N2EXMIDP,0,0
2019-03-20,7,APXMIDP ,162.05,39.25
2019-03-20,7,N2EXMIDP,0,0
2019-03-20,8,APXMIDP ,104,37.44
2019-03-20,8,N2EXMIDP,0,0
2019-03-20,9,APXMIDP ,175.5,35.57
2019-03-20,9,N2EXMIDP,0,0
2019-03-20,10,APXMIDP ,141.25,36.67
2019-03-20,10,N2EXMIDP,0,0
2019-03-20,11,APXMIDP ,268,42.24
2019-03-20,11,N2EXMIDP,0,0
2019-03-20,12,APXMIDP ,252,44.71
2019-03-20,12,N2EXMIDP,0,0
2019-03-20,13,APXMIDP ,137.35,45.88
2019-03-20,13,N2EXMIDP,0,0
2019-03-20,14,APXMIDP ,479.05,38.15
2019-03-20,14,N2EXMIDP,0,0
2019-03-20,15,APXMIDP ,858.75,56.94
2019-03-20,15,N2EXMIDP,0,0
2019-03-20,16,APXMIDP ,648,58.89
2019-03-20,16,N2EXMIDP,0,0
2019-03-20,17,APXMIDP ,835,59.65
2019-03-20,17,N2EXMIDP,0,0
2019-03-20,18,APXMIDP ,894.6,59.2
2019-03-20,18,N2EXMIDP,0,0
2019-03-20,19,APXMIDP ,717.5,56.97
2019-03-20,19,N2EXMIDP,0,0
2019-03-20,20,APXMIDP ,708.35,54.63
2019-03-20,20,N2EXMIDP,0,0
2019-03-20,21,APXMIDP ,661.75,54.32
2019-03-20,21,N2EXMIDP,0,0
2019-03-20,22,APXMIDP ,813.45,52.17
2019-03-20,22,N2EXMIDP,0,0
2019-03-20,23,APXMIDP ,779.9,41.46
2019-03-20,23,N2EXMIDP,0,0
2019-03-20,24,APXMIDP ,981.15,41.28
2019-03-20,24,N2EXMIDP,0,0
2019-03-20,25,APXMIDP ,1245.9,40.94
2019-03-20,25,N2EXMIDP,0,0
2019-03-20,26,APXMIDP ,1150,40.9
2019-03-20,26,N2EXMIDP,0,0
2019-03-20,27,APXMIDP ,1180.4,39.96
2019-03-20,27,N2EXMIDP,0,0
2019-03-20,28,APXMIDP ,1187.6,39.58
2019-03-20,28,N2EXMIDP,0,0
2019-03-20,29,APXMIDP ,1290.55,39.75
2019-03-20,29,N2EXMIDP,0,0
2019-03-20,30,APXMIDP ,1222.2,39.45
2019-03-20,30,N2EXMIDP,0,0
2019-03-20,31,APXMIDP ,833.4,41.43
2019-03-20,31,N2EXMIDP,0,0
2019-03-20,32,APXMIDP ,784.65,42.05
2019-03-20,32,N2EXMIDP,0,0
2019-03-20,33,APXMIDP ,1014.9,40.43
2019-03-20,33,N2EXMIDP,0,0
2019-03-20,34,APXMIDP ,1110.2,41.44
2019-03-20,34,N2EXMIDP,0,0
2019-03-20,35,APXMIDP ,1101.75,46.86
2019-03-20,35,N2EXMIDP,0,0
2019-03-20,36,APXMIDP ,1278.1,47.98
2019-03-20,36,N2EXMIDP,0,0
2019-03-20,37,APXMIDP ,1218.65,48.32
2019-03-20,37,N2EXMIDP,0,0
2019-03-20,38,APXMIDP ,1337.5,50.32
2019-03-20,38,N2EXMIDP,0,0
2019-03-20,39,APXMIDP ,753.95,50.93
2019-03-20,39,N2EXMIDP,0,0
2019-03-20,40,APXMIDP ,917.05,44.68
2019-03-20,40,N2EXMIDP,0,0
2019-03-20,41,APXMIDP ,819.95,43.31
2019-03-20,41,N2EXMIDP,0,0
2019-03-20,42,APXMIDP ,799.25,43.11
2019-03-20,42,N2EXMIDP,0,0
2019-03-20,43,APXMIDP ,1098.1,37.22
2019-03-20,43,N2EXMIDP,0,0
2019-03-20,44,APXMIDP ,1144.45,39.15
2019-03-20,44,N2EXMIDP,0,0
2019-03-20,45,APXMIDP ,1406.35,37.12
2019-03-20,45,N2EXMIDP,0,0
2019-03-20,46,APXMIDP ,1363.95,34.3
2019-03-20,46,N2EXMIDP,0,0
2019-03-20,47,APXMIDP ,290.95,27.8
2019-03-20,47,N2EXMIDP,0,0
2019-03-20,48,APXMIDP ,162.4,37.04
2019-03-20,48,N2EXMIDP,0,0
2019-03-21,1,APXMIDP ,123.4,35.92
2019-03-21,1,N2EXMIDP,0,0
2019-03-21,2,APXMIDP ,301.95,37.77
2019-03-21,2,N2EXMIDP,0,0
2019-03-21,3,APXMIDP ,252.2,36.91
2019-03-21,3,N2EXMIDP,0,0
2019-03-21,4,APXMIDP ,313.65,35.44
2019-03-21,4,N2EXMIDP,0,0
2019-03-21,5,APXMIDP ,339.75,35.21
2019-03-21,5,N2EXMIDP,0,0
2019-03-21,6,APXMIDP ,393.1,34.73
2019-03-21,6,N2EXMIDP,0,0
2019-03-21,7,APXMIDP ,467.5,36.17
2019-03-21,7,N2EXMIDP,0,0
2019-03-21,8,APXMIDP ,574.2,36.16
2019-03-21,8,N2EXMIDP,0,0
2019-03-21,9,APXMIDP ,539.5,36.24
2019-03-21,9,N2EXMIDP,0,0
2019-03-21,10,APXMIDP ,556,36.92
2019-03-21,10,N2EXMIDP,0,0
2019-03-21,11,APXMIDP ,315,40.41
2019-03-21,11,N2EXMIDP,0,0
2019-03-21,12,APXMIDP ,423.35,41.59
2019-03-21,12,N2EXMIDP,0,0
2019-03-21,13,APXMIDP ,558.6,44.02
2019-03-21,13,N2EXMIDP,0,0
2019-03-21,14,APXMIDP ,1222,37.84
2019-03-21,14,N2EXMIDP,0,0
2019-03-21,15,APXMIDP ,462.35,43.5
2019-03-21,15,N2EXMIDP,0,0
2019-03-21,16,APXMIDP ,759.6,47.96
2019-03-21,16,N2EXMIDP,0,0
2019-03-21,17,APXMIDP ,973.75,49.76
2019-03-21,17,N2EXMIDP,0,0
2019-03-21,18,APXMIDP ,1093.9,49.21
2019-03-21,18,N2EXMIDP,0,0
2019-03-21,19,APXMIDP ,946.4,48.79
2019-03-21,19,N2EXMIDP,0,0
2019-03-21,20,APXMIDP ,967.3,47.66
2019-03-21,20,N2EXMIDP,0,0
2019-03-21,21,APXMIDP ,1461.7,45.67
2019-03-21,21,N2EXMIDP,0,0
2019-03-21,22,APXMIDP ,1437.05,46.48
2019-03-21,22,N2EXMIDP,0,0
2019-03-21,23,APXMIDP ,1380.15,47.68
2019-03-21,23,N2EXMIDP,0,0
2019-03-21,24,APXMIDP ,1436.4,48
2019-03-21,24,N2EXMIDP,0,0
2019-03-21,25,APXMIDP ,1528.05,48.36
2019-03-21,25,N2EXMIDP,0,0
2019-03-21,26,APXMIDP ,1614.15,48.41
2019-03-21,26,N2EXMIDP,0,0
2019-03-21,27,APXMIDP ,1406.4,48.04
2019-03-21,27,N2EXMIDP,0,0
2019-03-21,28,APXMIDP ,1582.2,48.08
2019-03-21,28,N2EXMIDP,0,0
2019-03-21,29,APXMIDP ,1540.6,47.96
2019-03-21,29,N2EXMIDP,0,0
2019-03-21,30,APXMIDP ,1586.85,47.75
2019-03-21,30,N2EXMIDP,0,0
2019-03-21,31,APXMIDP ,1083.95,56.27
2019-03-21,31,N2EXMIDP,0,0
2019-03-21,32,APXMIDP ,1035.25,57.21
2019-03-21,32,N2EXMIDP,0,0
2019-03-21,33,APXMIDP ,1147.85,59.36
2019-03-21,33,N2EXMIDP,0,0
2019-03-21,34,APXMIDP ,1247.85,61.83
2019-03-21,34,N2EXMIDP,0,0
2019-03-21,35,APXMIDP ,1246.75,65.38
2019-03-21,35,N2EXMIDP,0,0
2019-03-21,36,APXMIDP ,1448.05,68.44
2019-03-21,36,N2EXMIDP,0,0
2019-03-21,37,APXMIDP ,1463.7,70.28
2019-03-21,37,N2EXMIDP,0,0
2019-03-21,38,APXMIDP ,1469,71.13
2019-03-21,38,N2EXMIDP,0,0
2019-03-21,39,APXMIDP ,1170.7,60.95
2019-03-21,39,N2EXMIDP,0,0
2019-03-21,40,APXMIDP ,994.85,56.61
2019-03-21,40,N2EXMIDP,0,0
2019-03-21,41,APXMIDP ,1149.35,55.48
2019-03-21,41,N2EXMIDP,0,0
2019-03-21,42,APXMIDP ,1368.25,51.57
2019-03-21,42,N2EXMIDP,0,0
2019-03-21,43,APXMIDP ,1587.25,44.6
2019-03-21,43,N2EXMIDP,0,0
2019-03-21,44,APXMIDP ,1647.6,43.67
2019-03-21,44,N2EXMIDP,0,0
2019-03-21,45,APXMIDP ,1642.65,42.77
2019-03-21,45,N2EXMIDP,0,0
2019-03-21,46,APXMIDP ,1909.7,41.33
2019-03-21,46,N2EXMIDP,0,0
2019-03-21,47,APXMIDP ,357.2,42.6
2019-03-21,47,N2EXMIDP,0,0
2019-03-21,48,APXMIDP ,447.65,44.27
2019-03-21,48,N2EXMIDP,0,0
2019-03-22,1,APXMIDP ,506.5,45.59
2019-03-22,1,N2EXMIDP,0,0
2019-03-22,2,APXMIDP ,500.2,46.17
2019-03-22,2,N2EXMIDP,0,0
2019-03-22,3,APXMIDP ,470,41.47
2019-03-22,3,N2EXMIDP,0,0
2019-03-22,4,APXMIDP ,421.55,40.07
2019-03-22,4,N2EXMIDP,0,0
2019-03-22,5,APXMIDP ,534.2,38.53
2019-03-22,5,N2EXMIDP,0,0
2019-03-22,6,APXMIDP ,627.7,37.27
2019-03-22,6,N2EXMIDP,0,0
2019-03-22,7,APXMIDP ,379,33.6
2019-03-22,7,N2EXMIDP,0,0
2019-03-22,8,APXMIDP ,467.1,33.37
2019-03-22,8,N2EXMIDP,0,0
2019-03-22,9,APXMIDP ,516.7,33.58
2019-03-22,9,N2EXMIDP,0,0
2019-03-22,10,APXMIDP ,583.4,33.31
2019-03-22,10,N2EXMIDP,0,0
2019-03-22,11,APXMIDP ,400.2,35.38
2019-03-22,11,N2EXMIDP,0,0
2019-03-22,12,APXMIDP ,383.65,35.1
2019-03-22,12,N2EXMIDP,0,0
2019-03-22,13,APXMIDP ,771.7,39.73
2019-03-22,13,N2EXMIDP,0,0
2019-03-22,14,APXMIDP ,1013.9,39.52
2019-03-22,14,N2EXMIDP,0,0
2019-03-22,15,APXMIDP ,391.2,37.46
2019-03-22,15,N2EXMIDP,0,0
2019-03-22,16,APXMIDP ,619.05,40.28
2019-03-22,16,N2EXMIDP,0,0
2019-03-22,17,APXMIDP ,478.45,39.01
2019-03-22,17,N2EXMIDP,0,0
2019-03-22,18,APXMIDP ,812.95,39.33
2019-03-22,18,N2EXMIDP,0,0
2019-03-22,19,APXMIDP ,644.7,39.88
2019-03-22,19,N2EXMIDP,0,0
2019-03-22,20,APXMIDP ,930.45,42.46
2019-03-22,20,N2EXMIDP,0,0
2019-03-22,21,APXMIDP ,970,43.16
2019-03-22,21,N2EXMIDP,0,0
2019-03-22,22,APXMIDP ,1319,44.26
2019-03-22,22,N2EXMIDP,0,0
2019-03-22,23,APXMIDP ,911.55,44.71
2019-03-22,23,N2EXMIDP,0,0
2019-03-22,24,APXMIDP ,1086.05,45.12
2019-03-22,24,N2EXMIDP,0,0
2019-03-22,25,APXMIDP ,1069.95,44.66
2019-03-22,25,N2EXMIDP,0,0
2019-03-22,26,APXMIDP ,1224.4,44.97
2019-03-22,26,N2EXMIDP,0,0
2019-03-22,27,APXMIDP ,1171.65,42.8
2019-03-22,27,N2EXMIDP,0,0
2019-03-22,28,APXMIDP ,1341.35,42.43
2019-03-22,28,N2EXMIDP,0,0
2019-03-22,29,APXMIDP ,1449.2,42.1
2019-03-22,29,N2EXMIDP,0,0
2019-03-22,30,APXMIDP ,1571.05,41.25
2019-03-22,30,N2EXMIDP,0,0
2019-03-22,31,APXMIDP ,443,40.28
2019-03-22,31,N2EXMIDP,0,0
2019-03-22,32,APXMIDP ,672,42.52
2019-03-22,32,N2EXMIDP,0,0
2019-03-22,33,APXMIDP ,864.35,43.11
2019-03-22,33,N2EXMIDP,0,0
2019-03-22,34,APXMIDP ,891,43.5
2019-03-22,34,N2EXMIDP,0,0
2019-03-22,35,APXMIDP ,697.5,47.24
2019-03-22,35,N2EXMIDP,0,0
2019-03-22,36,APXMIDP ,845.5,46.83
2019-03-22,36,N2EXMIDP,0,0
2019-03-22,37,APXMIDP ,1017.5,47.38
2019-03-22,37,N2EXMIDP,0,0
2019-03-22,38,APXMIDP ,1212.2,50
2019-03-22,38,N2EXMIDP,0,0
2019-03-22,39,APXMIDP ,257.3,61.42
2019-03-22,39,N2EXMIDP,0,0
2019-03-22,40,APXMIDP ,298.05,54.32
2019-03-22,40,N2EXMIDP,0,0
2019-03-22,41,APXMIDP ,344.55,47.99
2019-03-22,41,N2EXMIDP,0,0
2019-03-22,42,APXMIDP ,389.05,46.76
2019-03-22,42,N2EXMIDP,0,0
2019-03-22,43,APXMIDP ,1018,39.77
2019-03-22,43,N2EXMIDP,0,0
2019-03-22,44,APXMIDP ,1247,40.03
2019-03-22,44,N2EXMIDP,0,0
2019-03-22,45,APXMIDP ,1569.5,39.26
2019-03-22,45,N2EXMIDP,0,0
2019-03-22,46,APXMIDP ,1930.95,39.11
2019-03-22,46,N2EXMIDP,0,0
2019-03-22,47,APXMIDP ,457.7,40.5
2019-03-22,47,N2EXMIDP,0,0
2019-03-22,48,APXMIDP ,322.25,41.73
2019-03-22,48,N2EXMIDP,0,0
2019-03-23,1,APXMIDP ,269.5,41.93
2019-03-23,1,N2EXMIDP,0,0
2019-03-23,2,APXMIDP ,370.9,42.42
2019-03-23,2,N2EXMIDP,0,0
2019-03-23,3,APXMIDP ,403.8,42.09
2019-03-23,3,N2EXMIDP,0,0
2019-03-23,4,APXMIDP ,365.9,41.91
2019-03-23,4,N2EXMIDP,0,0
2019-03-23,5,APXMIDP ,370.3,42
2019-03-23,5,N2EXMIDP,0,0
2019-03-23,6,APXMIDP ,380,41.75
2019-03-23,6,N2EXMIDP,0,0
2019-03-23,7,APXMIDP ,95.85,42.17
2019-03-23,7,N2EXMIDP,0,0
2019-03-23,8,APXMIDP ,218.85,41.23
2019-03-23,8,N2EXMIDP,0,0
2019-03-23,9,APXMIDP ,290.75,41.02
2019-03-23,9,N2EXMIDP,0,0
2019-03-23,10,APXMIDP ,294.45,40.86
2019-03-23,10,N2EXMIDP,0,0
2019-03-23,11,APXMIDP ,280.1,41.4
2019-03-23,11,N2EXMIDP,0,0
2019-03-23,12,APXMIDP ,323.45,41.21
2019-03-23,12,N2EXMIDP,0,0
2019-03-23,13,APXMIDP ,248.5,42.74
2019-03-23,13,N2EXMIDP,0,0
2019-03-23,14,APXMIDP ,323.55,40.08
2019-03-23,14,N2EXMIDP,0,0
2019-03-23,15,APXMIDP ,867.4,39.45
2019-03-23,15,N2EXMIDP,0,0
2019-03-23,16,APXMIDP ,840.7,39.81
2019-03-23,16,N2EXMIDP,0,0
2019-03-23,17,APXMIDP ,978.05,39.73
2019-03-23,17,N2EXMIDP,0,0
2019-03-23,18,APXMIDP ,1170.7,39.98
2019-03-23,18,N2EXMIDP,0,0
2019-03-23,19,APXMIDP ,410.9,40.1
2019-03-23,19,N2EXMIDP,0,0
2019-03-23,20,APXMIDP ,772.95,38.49
2019-03-23,20,N2EXMIDP,0,0
2019-03-23,21,APXMIDP ,871.2,37.99
2019-03-23,21,N2EXMIDP,0,0
2019-03-23,22,APXMIDP ,1003.55,37.37
2019-03-23,22,N2EXMIDP,0,0
2019-03-23,23,APXMIDP ,792.45,37.49
2019-03-23,23,N2EXMIDP,0,0
2019-03-23,24,APXMIDP ,1009.35,37.19
2019-03-23,24,N2EXMIDP,0,0
2019-03-23,25,APXMIDP ,1177.1,36.66
2019-03-23,25,N2EXMIDP,0,0
2019-03-23,26,APXMIDP ,1252.3,36.49
2019-03-23,26,N2EXMIDP,0,0
2019-03-23,27,APXMIDP ,1030.45,37.39
2019-03-23,27,N2EXMIDP,0,0
2019-03-23,28,APXMIDP ,1063.35,37.24
2019-03-23,28,N2EXMIDP,0,0
2019-03-23,29,APXMIDP ,1327.7,35.66
2019-03-23,29,N2EXMIDP,0,0
2019-03-23,30,APXMIDP ,1327.75,35.24
2019-03-23,30,N2EXMIDP,0,0
2019-03-23,31,APXMIDP ,800.65,35.76
2019-03-23,31,N2EXMIDP,0,0
2019-03-23,32,APXMIDP ,645.3,35.57
2019-03-23,32,N2EXMIDP,0,0
2019-03-23,33,APXMIDP ,642.3,36.26
2019-03-23,33,N2EXMIDP,0,0
2019-03-23,34,APXMIDP ,571.35,37.31
2019-03-23,34,N2EXMIDP,0,0
2019-03-23,35,APXMIDP ,317.5,47.19
2019-03-23,35,N2EXMIDP,0,0
2019-03-23,36,APXMIDP ,340.75,52.77
2019-03-23,36,N2EXMIDP,0,0
2019-03-23,37,APXMIDP ,475.4,57.52
2019-03-23,37,N2EXMIDP,0,0
2019-03-23,38,APXMIDP ,533.25,60.82
2019-03-23,38,N2EXMIDP,0,0
2019-03-23,39,APXMIDP ,305.45,66.01
2019-03-23,39,N2EXMIDP,0,0
2019-03-23,40,APXMIDP ,329.9,62.36
2019-03-23,40,N2EXMIDP,0,0
2019-03-23,41,APXMIDP ,245.2,57.35
2019-03-23,41,N2EXMIDP,0,0
2019-03-23,42,APXMIDP ,318.5,53.77
2019-03-23,42,N2EXMIDP,0,0
2019-03-23,43,APXMIDP ,362.7,41.05
2019-03-23,43,N2EXMIDP,0,0
2019-03-23,44,APXMIDP ,757.65,39.69
2019-03-23,44,N2EXMIDP,0,0
2019-03-23,45,APXMIDP ,1105.3,38.26
2019-03-23,45,N2EXMIDP,0,0
2019-03-23,46,APXMIDP ,1228.3,38.29
2019-03-23,46,N2EXMIDP,0,0
2019-03-23,47,APXMIDP ,545,42.25
2019-03-23,47,N2EXMIDP,0,0
2019-03-23,48,APXMIDP ,164.2,44.7
2019-03-23,48,N2EXMIDP,0,0
2019-03-24,1,APXMIDP ,182,45.33
2019-03-24,1,N2EXMIDP,0,0
2019-03-24,2,APXMIDP ,134.65,46.07
2019-03-24,2,N2EXMIDP,0,0
2019-03-24,3,APXMIDP ,276.55,42.69
2019-03-24,3,N2EXMIDP,0,0
2019-03-24,4,APXMIDP ,390.65,41.14
2019-03-24,4,N2EXMIDP,0,0
2019-03-24,5,APXMIDP ,31.5,37
2019-03-24,5,N2EXMIDP,0,0
2019-03-24,6,APXMIDP ,100.5,35.65
2019-03-24,6,N2EXMIDP,0,0
2019-03-24,7,APXMIDP ,100.5,35.65
2019-03-24,7,N2EXMIDP,0,0
2019-03-24,8,APXMIDP ,247,34.99
2019-03-24,8,N2EXMIDP,0,0
2019-03-24,9,APXMIDP ,129,32.93
2019-03-24,9,N2EXMIDP,0,0
2019-03-24,10,APXMIDP ,283,32.42
2019-03-24,10,N2EXMIDP,0,0
2019-03-24,11,APXMIDP ,292,32.63
2019-03-24,11,N2EXMIDP,0,0
2019-03-24,12,APXMIDP ,307.75,32.74
2019-03-24,12,N2EXMIDP,0,0
2019-03-24,13,APXMIDP ,0,0
2019-03-24,13,N2EXMIDP,0,0
2019-03-24,14,APXMIDP ,0,0
2019-03-24,14,N2EXMIDP,0,0
2019-03-24,15,APXMIDP ,169.5,32.42
2019-03-24,15,N2EXMIDP,0,0
2019-03-24,16,APXMIDP ,169.5,32.42
2019-03-24,16,N2EXMIDP,0,0
2019-03-24,17,APXMIDP ,315.8,33.32
2019-03-24,17,N2EXMIDP,0,0
2019-03-24,18,APXMIDP ,338.3,32.87
2019-03-24,18,N2EXMIDP,0,0
2019-03-24,19,APXMIDP ,635.3,30.96
2019-03-24,19,N2EXMIDP,0,0
2019-03-24,20,APXMIDP ,770.55,29.72
2019-03-24,20,N2EXMIDP,0,0
2019-03-24,21,APXMIDP ,990,31.38
2019-03-24,21,N2EXMIDP,0,0
2019-03-24,22,APXMIDP ,1141.35,30.85
2019-03-24,22,N2EXMIDP,0,0
2019-03-24,23,APXMIDP ,1696.05,30.55
2019-03-24,23,N2EXMIDP,0,0
2019-03-24,24,APXMIDP ,1925.55,28.77
2019-03-24,24,N2EXMIDP,0,0
2019-03-24,25,APXMIDP ,1667.9,26.33
2019-03-24,25,N2EXMIDP,0,0
2019-03-24,26,APXMIDP ,1819.9,24.45
2019-03-24,26,N2EXMIDP,0,0
2019-03-24,27,APXMIDP ,1887.4,22.55
2019-03-24,27,N2EXMIDP,0,0
2019-03-24,28,APXMIDP ,1969.9,20.99
2019-03-24,28,N2EXMIDP,0,0
2019-03-24,29,APXMIDP ,970.75,23.68
2019-03-24,29,N2EXMIDP,0,0
2019-03-24,30,APXMIDP ,1199.7,21.72
2019-03-24,30,N2EXMIDP,0,0
2019-03-24,31,APXMIDP ,1304.7,21.41
2019-03-24,31,N2EXMIDP,0,0
2019-03-24,32,APXMIDP ,1399.3,19.41
2019-03-24,32,N2EXMIDP,0,0
2019-03-24,33,APXMIDP ,1035.85,29.83
2019-03-24,33,N2EXMIDP,0,0
2019-03-24,34,APXMIDP ,1216.85,33.14
2019-03-24,34,N2EXMIDP,0,0
2019-03-24,35,APXMIDP ,1169.55,34.74
2019-03-24,35,N2EXMIDP,0,0
2019-03-24,36,APXMIDP ,1443.35,36.8
2019-03-24,36,N2EXMIDP,0,0
2019-03-24,37,APXMIDP ,720.05,46.09
2019-03-24,37,N2EXMIDP,0,0
2019-03-24,38,APXMIDP ,820.05,46.44
2019-03-24,38,N2EXMIDP,0,0
2019-03-24,39,APXMIDP ,914.8,46.42
2019-03-24,39,N2EXMIDP,0,0
2019-03-24,40,APXMIDP ,937.3,46.31
2019-03-24,40,N2EXMIDP,0,0
2019-03-24,41,APXMIDP ,644.65,38.7
2019-03-24,41,N2EXMIDP,0,0
2019-03-24,42,APXMIDP ,766.9,34.18
2019-03-24,42,N2EXMIDP,0,0
2019-03-24,43,APXMIDP ,772.3,33.07
2019-03-24,43,N2EXMIDP,0,0
2019-03-24,44,APXMIDP ,1003.9,30.17
2019-03-24,44,N2EXMIDP,0,0
2019-03-24,45,APXMIDP ,0,0
2019-03-24,45,N2EXMIDP,0,0
2019-03-24,46,APXMIDP ,82,25.93
2019-03-24,46,N2EXMIDP,0,0
2019-03-24,47,APXMIDP ,179,28.14
2019-03-24,47,N2EXMIDP,0,0
2019-03-24,48,APXMIDP ,229,28.54
2019-03-24,48,N2EXMIDP,0,0
2019-03-25,1,APXMIDP ,204,29.13
2019-03-25,1,N2EXMIDP,0,0
2019-03-25,2,APXMIDP ,263.5,29.32
2019-03-25,2,N2EXMIDP,0,0
2019-03-25,3,APXMIDP ,266.5,29.33
2019-03-25,3,N2EXMIDP,0,0
2019-03-25,4,APXMIDP ,299,28.86
2019-03-25,4,N2EXMIDP,0,0
2019-03-25,5,APXMIDP ,256.45,27.53
2019-03-25,5,N2EXMIDP,0,0
2019-03-25,6,APXMIDP ,293.95,27.2
2019-03-25,6,N2EXMIDP,0,0
2019-03-25,7,APXMIDP ,295.95,27.19
2019-03-25,7,N2EXMIDP,0,0
2019-03-25,8,APXMIDP ,371.95,26.74
2019-03-25,8,N2EXMIDP,0,0
2019-03-25,9,APXMIDP ,94.4,41.87
2019-03-25,9,N2EXMIDP,0,0
2019-03-25,10,APXMIDP ,281.2,41.16
2019-03-25,10,N2EXMIDP,0,0
2019-03-25,11,APXMIDP ,604.15,41.42
2019-03-25,11,N2EXMIDP,0,0
2019-03-25,12,APXMIDP ,489.45,40.48
2019-03-25,12,N2EXMIDP,0,0
2019-03-25,13,APXMIDP ,307.5,41.55
2019-03-25,13,N2EXMIDP,0,0
2019-03-25,14,APXMIDP ,186,41.78
2019-03-25,14,N2EXMIDP,0,0
2019-03-25,15,APXMIDP ,177.45,41.78
2019-03-25,15,N2EXMIDP,0,0
2019-03-25,16,APXMIDP ,263.95,40.09
2019-03-25,16,N2EXMIDP,0,0
2019-03-25,17,APXMIDP ,362.25,36.89
2019-03-25,17,N2EXMIDP,0,0
2019-03-25,18,APXMIDP ,633.25,36.04
2019-03-25,18,N2EXMIDP,0,0
2019-03-25,19,APXMIDP ,848.35,35.79
2019-03-25,19,N2EXMIDP,0,0
2019-03-25,20,APXMIDP ,1041.85,35.1
2019-03-25,20,N2EXMIDP,0,0
2019-03-25,21,APXMIDP ,704.95,34.9
2019-03-25,21,N2EXMIDP,0,0
2019-03-25,22,APXMIDP ,748.45,34.92
2019-03-25,22,N2EXMIDP,0,0
2019-03-25,23,APXMIDP ,1019.15,34.88
2019-03-25,23,N2EXMIDP,0,0
2019-03-25,24,APXMIDP ,1543.7,34.15
2019-03-25,24,N2EXMIDP,0,0
2019-03-25,25,APXMIDP ,1356.3,34.4
2019-03-25,25,N2EXMIDP,0,0
2019-03-25,26,APXMIDP ,1435.3,34.62
2019-03-25,26,N2EXMIDP,0,0
2019-03-25,27,APXMIDP ,1577.65,34.93
2019-03-25,27,N2EXMIDP,0,0
2019-03-25,28,APXMIDP ,1799.9,34.89
2019-03-25,28,N2EXMIDP,0,0
2019-03-25,29,APXMIDP ,409,31.88
2019-03-25,29,N2EXMIDP,0,0
2019-03-25,30,APXMIDP ,579.25,34.39
2019-03-25,30,N2EXMIDP,0,0
2019-03-25,31,APXMIDP ,698.85,37.46
2019-03-25,31,N2EXMIDP,0,0
2019-03-25,32,APXMIDP ,1099.3,37.75
2019-03-25,32,N2EXMIDP,0,0
2019-03-25,33,APXMIDP ,940.25,44.53
2019-03-25,33,N2EXMIDP,0,0
2019-03-25,34,APXMIDP ,1022.05,45.17
2019-03-25,34,N2EXMIDP,0,0
2019-03-25,35,APXMIDP ,1142.55,46.1
2019-03-25,35,N2EXMIDP,0,0
2019-03-25,36,APXMIDP ,1539.8,48.34
2019-03-25,36,N2EXMIDP,0,0
2019-03-25,37,APXMIDP ,469.8,54.85
2019-03-25,37,N2EXMIDP,0,0
2019-03-25,38,APXMIDP ,534.95,53.81
2019-03-25,38,N2EXMIDP,0,0
2019-03-25,39,APXMIDP ,746.4,52.82
2019-03-25,39,N2EXMIDP,0,0
2019-03-25,40,APXMIDP ,695.9,52.27
2019-03-25,40,N2EXMIDP,0,0
2019-03-25,41,APXMIDP ,823.3,39.79
2019-03-25,41,N2EXMIDP,0,0
2019-03-25,42,APXMIDP ,659.1,37.65
2019-03-25,42,N2EXMIDP,0,0
2019-03-25,43,APXMIDP ,561.85,37.17
2019-03-25,43,N2EXMIDP,25,40
2019-03-25,44,APXMIDP ,561.85,37.17
2019-03-25,44,N2EXMIDP,75,40
2019-03-25,45,APXMIDP ,0,0
2019-03-25,45,N2EXMIDP,0,0
2019-03-25,46,APXMIDP ,0,0
2019-03-25,46,N2EXMIDP,0,0
2019-03-25,47,APXMIDP ,0,0
2019-03-25,47,N2EXMIDP,0,0
2019-03-25,48,APXMIDP ,0,0
2019-03-25,48,N2EXMIDP,0,0
2019-03-26,1,APXMIDP ,0,0
2019-03-26,1,N2EXMIDP,0,0
2019-03-26,2,APXMIDP ,71.5,32.5
2019-03-26,2,N2EXMIDP,0,0
2019-03-26,3,APXMIDP ,348,33.04
2019-03-26,3,N2EXMIDP,0,0
2019-03-26,4,APXMIDP ,396,33.13
2019-03-26,4,N2EXMIDP,0,0
2019-03-26,5,APXMIDP ,356.5,33.73
2019-03-26,5,N2EXMIDP,0,0
2019-03-26,6,APXMIDP ,436.5,33.68
2019-03-26,6,N2EXMIDP,0,0
2019-03-26,7,APXMIDP ,587.5,33.92
2019-03-26,7,N2EXMIDP,0,0
2019-03-26,8,APXMIDP ,654.5,33.98
2019-03-26,8,N2EXMIDP,0,0
2019-03-26,9,APXMIDP ,433.5,34.57
2019-03-26,9,N2EXMIDP,0,0
2019-03-26,10,APXMIDP ,443.5,34.56
2019-03-26,10,N2EXMIDP,0,0
2019-03-26,11,APXMIDP ,467,34.45
2019-03-26,11,N2EXMIDP,0,0
2019-03-26,12,APXMIDP ,660,35.31
2019-03-26,12,N2EXMIDP,0,0
2019-03-26,13,APXMIDP ,0,0
2019-03-26,13,N2EXMIDP,0,0
2019-03-26,14,APXMIDP ,0,0
2019-03-26,14,N2EXMIDP,0,0
2019-03-26,15,APXMIDP ,25,45
2019-03-26,15,N2EXMIDP,0,0
2019-03-26,16,APXMIDP ,55,41.45
2019-03-26,16,N2EXMIDP,0,0
2019-03-26,17,APXMIDP ,176,34.84
2019-03-26,17,N2EXMIDP,0,0
2019-03-26,18,APXMIDP ,421,34.63
2019-03-26,18,N2EXMIDP,0,0
2019-03-26,19,APXMIDP ,549.5,35.03
2019-03-26,19,N2EXMIDP,0,0
2019-03-26,20,APXMIDP ,776.55,35.46
2019-03-26,20,N2EXMIDP,0,0
2019-03-26,21,APXMIDP ,808.6,34.77
2019-03-26,21,N2EXMIDP,0,0
2019-03-26,22,APXMIDP ,975.1,35.01
2019-03-26,22,N2EXMIDP,0,0
2019-03-26,23,APXMIDP ,1120.1,35.05
2019-03-26,23,N2EXMIDP,0,0
2019-03-26,24,APXMIDP ,1322.6,34.9
2019-03-26,24,N2EXMIDP,0,0
2019-03-26,25,APXMIDP ,1050.65,34.6
2019-03-26,25,N2EXMIDP,0,0
2019-03-26,26,APXMIDP ,1277.65,35.23
2019-03-26,26,N2EXMIDP,0,0
2019-03-26,27,APXMIDP ,1338.7,35.65
2019-03-26,27,N2EXMIDP,0,0
2019-03-26,28,APXMIDP ,1506.55,35.87
2019-03-26,28,N2EXMIDP,0,0
2019-03-26,29,APXMIDP ,293.25,35.83
2019-03-26,29,N2EXMIDP,0,0
2019-03-26,30,APXMIDP ,158.5,39.44
2019-03-26,30,N2EXMIDP,0,0
2019-03-26,31,APXMIDP ,228.75,40.38
2019-03-26,31,N2EXMIDP,0,0
2019-03-26,32,APXMIDP ,363.5,41.15
2019-03-26,32,N2EXMIDP,0,0
2019-03-26,33,APXMIDP ,362.5,48.31
2019-03-26,33,N2EXMIDP,0,0
2019-03-26,34,APXMIDP ,367.5,49.21
2019-03-26,34,N2EXMIDP,0,0
2019-03-26,35,APXMIDP ,466.6,50.76
2019-03-26,35,N2EXMIDP,0,0
2019-03-26,36,APXMIDP ,775.3,54.32
2019-03-26,36,N2EXMIDP,0,0
2019-03-26,37,APXMIDP ,93,54.35
2019-03-26,37,N2EXMIDP,0,0
2019-03-26,38,APXMIDP ,174.35,53.98
2019-03-26,38,N2EXMIDP,0,0
2019-03-26,39,APXMIDP ,252.85,53.54
2019-03-26,39,N2EXMIDP,0,0
2019-03-26,40,APXMIDP ,225.35,50.86
2019-03-26,40,N2EXMIDP,0,0
2019-03-26,41,APXMIDP ,449.5,39.4
2019-03-26,41,N2EXMIDP,0,0
2019-03-26,42,APXMIDP ,574,39.39
2019-03-26,42,N2EXMIDP,0,0
2019-03-26,43,APXMIDP ,697.75,39.07
2019-03-26,43,N2EXMIDP,0,0
2019-03-26,44,APXMIDP ,1155.7,38.65
2019-03-26,44,N2EXMIDP,0,0
2019-03-26,45,APXMIDP ,0,0
2019-03-26,45,N2EXMIDP,0,0
2019-03-26,46,APXMIDP ,0,0
2019-03-26,46,N2EXMIDP,0,0
2019-03-26,47,APXMIDP ,80,38.87
2019-03-26,47,N2EXMIDP,0,0
2019-03-26,48,APXMIDP ,87.5,38.8
2019-03-26,48,N2EXMIDP,0,0
2019-03-27,1,APXMIDP ,110,37.58
2019-03-27,1,N2EXMIDP,0,0
2019-03-27,2,APXMIDP ,123.5,37.65
2019-03-27,2,N2EXMIDP,0,0
2019-03-27,3,APXMIDP ,192.5,38.1
2019-03-27,3,N2EXMIDP,0,0
2019-03-27,4,APXMIDP ,249,38.11
2019-03-27,4,N2EXMIDP,0,0
2019-03-27,5,APXMIDP ,56.5,35.91
2019-03-27,5,N2EXMIDP,0,0
2019-03-27,6,APXMIDP ,145.5,34.5
2019-03-27,6,N2EXMIDP,0,0
2019-03-27,7,APXMIDP ,250.45,34.35
2019-03-27,7,N2EXMIDP,0,0
2019-03-27,8,APXMIDP ,269.95,34.45
2019-03-27,8,N2EXMIDP,0,0
2019-03-27,9,APXMIDP ,95.45,35.36
2019-03-27,9,N2EXMIDP,0,0
2019-03-27,10,APXMIDP ,93.45,35.91
2019-03-27,10,N2EXMIDP,0,0
2019-03-27,11,APXMIDP ,143.55,38.85
2019-03-27,11,N2EXMIDP,0,0
2019-03-27,12,APXMIDP ,575.7,39.09
2019-03-27,12,N2EXMIDP,0,0
2019-03-27,13,APXMIDP ,0,0
2019-03-27,13,N2EXMIDP,0,0
2019-03-27,14,APXMIDP ,42,49.22
2019-03-27,14,N2EXMIDP,0,0
2019-03-27,15,APXMIDP ,25,50.06
2019-03-27,15,N2EXMIDP,0,0
2019-03-27,16,APXMIDP ,105,53.34
2019-03-27,16,N2EXMIDP,0,0
2019-03-27,17,APXMIDP ,169.25,47.36
2019-03-27,17,N2EXMIDP,0,0
2019-03-27,18,APXMIDP ,266.75,45.77
2019-03-27,18,N2EXMIDP,0,0
2019-03-27,19,APXMIDP ,275,45.68
2019-03-27,19,N2EXMIDP,0,0
2019-03-27,20,APXMIDP ,473.95,44.09
2019-03-27,20,N2EXMIDP,0,0
2019-03-27,21,APXMIDP ,230.5,37.55
2019-03-27,21,N2EXMIDP,0,0
2019-03-27,22,APXMIDP ,344,38.13
2019-03-27,22,N2EXMIDP,0,0
2019-03-27,23,APXMIDP ,752.4,37.73
2019-03-27,23,N2EXMIDP,0,0
2019-03-27,24,APXMIDP ,950.1,37.99
2019-03-27,24,N2EXMIDP,0,0
2019-03-27,25,APXMIDP ,962.7,37.87
2019-03-27,25,N2EXMIDP,0,0
2019-03-27,26,APXMIDP ,1148.95,38.37
2019-03-27,26,N2EXMIDP,0,0
2019-03-27,27,APXMIDP ,1360.95,38.13
2019-03-27,27,N2EXMIDP,0,0
2019-03-27,28,APXMIDP ,1586.3,37.94
2019-03-27,28,N2EXMIDP,0,0
2019-03-27,29,APXMIDP ,440.5,39.81
2019-03-27,29,N2EXMIDP,0,0
2019-03-27,30,APXMIDP ,311,41.3
2019-03-27,30,N2EXMIDP,0,0
2019-03-27,31,APXMIDP ,705.65,39.26
2019-03-27,31,N2EXMIDP,0,0
2019-03-27,32,APXMIDP ,662.6,39.47
2019-03-27,32,N2EXMIDP,0,0
2019-03-27,33,APXMIDP ,390.85,49.8
2019-03-27,33,N2EXMIDP,0,0
2019-03-27,34,APXMIDP ,358.6,50.68
2019-03-27,34,N2EXMIDP,0,0
2019-03-27,35,APXMIDP ,435.1,50.64
2019-03-27,35,N2EXMIDP,0,0
2019-03-27,36,APXMIDP ,555.35,53.34
2019-03-27,36,N2EXMIDP,0,0
2019-03-27,37,APXMIDP ,67.85,56.32
2019-03-27,37,N2EXMIDP,0,0
2019-03-27,38,APXMIDP ,249.05,55.65
2019-03-27,38,N2EXMIDP,0,0
2019-03-27,39,APXMIDP ,146.35,55.92
2019-03-27,39,N2EXMIDP,0,0
2019-03-27,40,APXMIDP ,317.65,53.75
2019-03-27,40,N2EXMIDP,0,0
2019-03-27,41,APXMIDP ,477.5,42.96
2019-03-27,41,N2EXMIDP,0,0
2019-03-27,42,APXMIDP ,421.4,42.87
2019-03-27,42,N2EXMIDP,0,0
2019-03-27,43,APXMIDP ,594.25,41.22
2019-03-27,43,N2EXMIDP,0,0
2019-03-27,44,APXMIDP ,917.15,40.14
2019-03-27,44,N2EXMIDP,0,0
2019-03-27,45,APXMIDP ,0,0
2019-03-27,45,N2EXMIDP,0,0
2019-03-27,46,APXMIDP ,37.25,39.99
2019-03-27,46,N2EXMIDP,0,0
2019-03-27,47,APXMIDP ,44.15,40.27
2019-03-27,47,N2EXMIDP,0,0
2019-03-27,48,APXMIDP ,119.15,38.84
2019-03-27,48,N2EXMIDP,0,0
2019-03-28,1,APXMIDP ,70.65,39.4
2019-03-28,1,N2EXMIDP,0,0
2019-03-28,2,APXMIDP ,148.15,39.34
2019-03-28,2,N2EXMIDP,0,0
2019-03-28,3,APXMIDP ,177.15,39.37
2019-03-28,3,N2EXMIDP,0,0
2019-03-28,4,APXMIDP ,205.65,39.41
2019-03-28,4,N2EXMIDP,0,0
2019-03-28,5,APXMIDP ,117,37.05
2019-03-28,5,N2EXMIDP,0,0
2019-03-28,6,APXMIDP ,229.45,37.1
2019-03-28,6,N2EXMIDP,0,0
2019-03-28,7,APXMIDP ,358.95,36.7
2019-03-28,7,N2EXMIDP,0,0
2019-03-28,8,APXMIDP ,377.95,36.61
2019-03-28,8,N2EXMIDP,0,0
2019-03-28,9,APXMIDP ,128.35,38.6
2019-03-28,9,N2EXMIDP,0,0
2019-03-28,10,APXMIDP ,157.25,38.54
2019-03-28,10,N2EXMIDP,0,0
2019-03-28,11,APXMIDP ,176.75,38.96
2019-03-28,11,N2EXMIDP,0,0
2019-03-28,12,APXMIDP ,543.25,41.56
2019-03-28,12,N2EXMIDP,0,0
2019-03-28,13,APXMIDP ,179,47.62
2019-03-28,13,N2EXMIDP,0,0
2019-03-28,14,APXMIDP ,159,49.84
2019-03-28,14,N2EXMIDP,0,0
2019-03-28,15,APXMIDP ,182,48.98
2019-03-28,15,N2EXMIDP,0,0
2019-03-28,16,APXMIDP ,456.5,51.01
2019-03-28,16,N2EXMIDP,0,0
2019-03-28,17,APXMIDP ,364,46.25
2019-03-28,17,N2EXMIDP,0,0
2019-03-28,18,APXMIDP ,412,45.91
2019-03-28,18,N2EXMIDP,0,0
2019-03-28,19,APXMIDP ,497.4,44.65
2019-03-28,19,N2EXMIDP,0,0
2019-03-28,20,APXMIDP ,842.15,43.04
2019-03-28,20,N2EXMIDP,0,0
2019-03-28,21,APXMIDP ,1035.2,36.45
2019-03-28,21,N2EXMIDP,0,0
2019-03-28,22,APXMIDP ,1202.75,36.44
2019-03-28,22,N2EXMIDP,0,0
2019-03-28,23,APXMIDP ,1314.05,36.57
2019-03-28,23,N2EXMIDP,0,0
2019-03-28,24,APXMIDP ,1596.95,37.01
2019-03-28,24,N2EXMIDP,0,0
2019-03-28,25,APXMIDP ,1474.95,36.65
2019-03-28,25,N2EXMIDP,0,0
2019-03-28,26,APXMIDP ,1517.4,36.65
2019-03-28,26,N2EXMIDP,0,0
2019-03-28,27,APXMIDP ,1652.4,36.71
2019-03-28,27,N2EXMIDP,0,0
2019-03-28,28,APXMIDP ,1787.35,36.82
2019-03-28,28,N2EXMIDP,0,0
2019-03-28,29,APXMIDP ,765.65,38.05
2019-03-28,29,N2EXMIDP,0,0
2019-03-28,30,APXMIDP ,697.6,38.53
2019-03-28,30,N2EXMIDP,0,0
2019-03-28,31,APXMIDP ,716.3,38.36
2019-03-28,31,N2EXMIDP,0,0
2019-03-28,32,APXMIDP ,568.4,40.37
2019-03-28,32,N2EXMIDP,0,0
2019-03-28,33,APXMIDP ,538.8,53.16
2019-03-28,33,N2EXMIDP,0,0
2019-03-28,34,APXMIDP ,575.3,53.09
2019-03-28,34,N2EXMIDP,0,0
2019-03-28,35,APXMIDP ,706.3,53.78
2019-03-28,35,N2EXMIDP,0,0
2019-03-28,36,APXMIDP ,816.85,56.19
2019-03-28,36,N2EXMIDP,0,0
2019-03-28,37,APXMIDP ,866.05,67.9
2019-03-28,37,N2EXMIDP,0,0
2019-03-28,38,APXMIDP ,887.55,63.1
2019-03-28,38,N2EXMIDP,0,0
2019-03-28,39,APXMIDP ,727.05,59.2
2019-03-28,39,N2EXMIDP,0,0
2019-03-28,40,APXMIDP ,680.85,59.84
2019-03-28,40,N2EXMIDP,0,0
2019-03-28,41,APXMIDP ,1505.5,42.86
2019-03-28,41,N2EXMIDP,0,0
2019-03-28,42,APXMIDP ,1351.25,42.21
2019-03-28,42,N2EXMIDP,0,0
2019-03-28,43,APXMIDP ,1801.95,41.66
2019-03-28,43,N2EXMIDP,0,0
2019-03-28,44,APXMIDP ,2524.4,40.63
2019-03-28,44,N2EXMIDP,0,0
2019-03-28,45,APXMIDP ,0,0
2019-03-28,45,N2EXMIDP,0,0
2019-03-28,46,APXMIDP ,144.5,35.22
2019-03-28,46,N2EXMIDP,0,0
2019-03-28,47,APXMIDP ,174.5,35.21
2019-03-28,47,N2EXMIDP,0,0
2019-03-28,48,APXMIDP ,219.5,35.42
2019-03-28,48,N2EXMIDP,0,0
2019-03-29,1,APXMIDP ,205,35.29
2019-03-29,1,N2EXMIDP,0,0
2019-03-29,2,APXMIDP ,290,36.05
2019-03-29,2,N2EXMIDP,0,0
2019-03-29,3,APXMIDP ,354.5,36.31
2019-03-29,3,N2EXMIDP,0,0
2019-03-29,4,APXMIDP ,467,36.49
2019-03-29,4,N2EXMIDP,0,0
2019-03-29,5,APXMIDP ,0,0
2019-03-29,5,N2EXMIDP,0,0
2019-03-29,6,APXMIDP ,43.5,36.2
2019-03-29,6,N2EXMIDP,0,0
2019-03-29,7,APXMIDP ,245.5,36.11
2019-03-29,7,N2EXMIDP,0,0
2019-03-29,8,APXMIDP ,280.5,35.97
2019-03-29,8,N2EXMIDP,0,0
2019-03-29,9,APXMIDP ,46.5,37.49
2019-03-29,9,N2EXMIDP,0,0
2019-03-29,10,APXMIDP ,77.5,36.9
2019-03-29,10,N2EXMIDP,0,0
2019-03-29,11,APXMIDP ,128.5,36.21
2019-03-29,11,N2EXMIDP,0,0
2019-03-29,12,APXMIDP ,353,38.45
2019-03-29,12,N2EXMIDP,0,0
2019-03-29,13,APXMIDP ,25,44
2019-03-29,13,N2EXMIDP,0,0
2019-03-29,14,APXMIDP ,52.55,43.48
2019-03-29,14,N2EXMIDP,0,0
2019-03-29,15,APXMIDP ,102.55,44.18
2019-03-29,15,N2EXMIDP,0,0
2019-03-29,16,APXMIDP ,227.55,44.86
2019-03-29,16,N2EXMIDP,0,0
2019-03-29,17,APXMIDP ,280.05,44.54
2019-03-29,17,N2EXMIDP,0,0
2019-03-29,18,APXMIDP ,327.55,44.19
2019-03-29,18,N2EXMIDP,0,0
2019-03-29,19,APXMIDP ,607.55,43.33
2019-03-29,19,N2EXMIDP,0,0
2019-03-29,20,APXMIDP ,807.4,43.29
2019-03-29,20,N2EXMIDP,0,0
2019-03-29,21,APXMIDP ,684.5,36.25
2019-03-29,21,N2EXMIDP,0,0
2019-03-29,22,APXMIDP ,818,36.12
2019-03-29,22,N2EXMIDP,0,0
2019-03-29,23,APXMIDP ,919,36.1
2019-03-29,23,N2EXMIDP,0,0
2019-03-29,24,APXMIDP ,1276.25,35.81
2019-03-29,24,N2EXMIDP,0,0
2019-03-29,25,APXMIDP ,1161.25,35.82
2019-03-29,25,N2EXMIDP,0,0
2019-03-29,26,APXMIDP ,1346.25,35.67
2019-03-29,26,N2EXMIDP,0,0
2019-03-29,27,APXMIDP ,1371.25,35.64
2019-03-29,27,N2EXMIDP,0,0
2019-03-29,28,APXMIDP ,1573.25,35.41
2019-03-29,28,N2EXMIDP,0,0
2019-03-29,29,APXMIDP ,1055.55,38.7
2019-03-29,29,N2EXMIDP,0,0
2019-03-29,30,APXMIDP ,1214.25,38.67
2019-03-29,30,N2EXMIDP,0,0
2019-03-29,31,APXMIDP ,1008,40.1
2019-03-29,31,N2EXMIDP,0,0
2019-03-29,32,APXMIDP ,952.65,39.63
2019-03-29,32,N2EXMIDP,0,0
2019-03-29,33,APXMIDP ,502,48.63
2019-03-29,33,N2EXMIDP,0,0
2019-03-29,34,APXMIDP ,587,49.13
2019-03-29,34,N2EXMIDP,0,0
2019-03-29,35,APXMIDP ,696.5,50
2019-03-29,35,N2EXMIDP,0,0
2019-03-29,36,APXMIDP ,830.6,52.12
2019-03-29,36,N2EXMIDP,0,0
2019-03-29,37,APXMIDP ,331.45,60.78
2019-03-29,37,N2EXMIDP,0,0
2019-03-29,38,APXMIDP ,410.1,58.25
2019-03-29,38,N2EXMIDP,0,0
2019-03-29,39,APXMIDP ,385.1,56.31
2019-03-29,39,N2EXMIDP,0,0
2019-03-29,40,APXMIDP ,468.05,56.72
2019-03-29,40,N2EXMIDP,0,0
2019-03-29,41,APXMIDP ,553.85,49.82
2019-03-29,41,N2EXMIDP,0,0
2019-03-29,42,APXMIDP ,489.6,48.03
2019-03-29,42,N2EXMIDP,0,0
2019-03-29,43,APXMIDP ,514.4,47.6
2019-03-29,43,N2EXMIDP,0,0
2019-03-29,44,APXMIDP ,542.7,47.43
2019-03-29,44,N2EXMIDP,0,0
2019-03-29,45,APXMIDP ,0,0
2019-03-29,45,N2EXMIDP,0,0
2019-03-29,46,APXMIDP ,0,0
2019-03-29,46,N2EXMIDP,0,0
2019-03-29,47,APXMIDP ,208.9,40.51
2019-03-29,47,N2EXMIDP,0,0
2019-03-29,48,APXMIDP ,283.9,40.72
2019-03-29,48,N2EXMIDP,0,0
2019-03-30,1,APXMIDP ,79.9,41.53
2019-03-30,1,N2EXMIDP,0,0
2019-03-30,2,APXMIDP ,132.4,42.06
2019-03-30,2,N2EXMIDP,0,0
2019-03-30,3,APXMIDP ,180.05,42.11
2019-03-30,3,N2EXMIDP,0,0
2019-03-30,4,APXMIDP ,205.05,42.34
2019-03-30,4,N2EXMIDP,0,0
2019-03-30,5,APXMIDP ,99.5,35.19
2019-03-30,5,N2EXMIDP,0,0
2019-03-30,6,APXMIDP ,245,35.04
2019-03-30,6,N2EXMIDP,0,0
2019-03-30,7,APXMIDP ,247,35.04
2019-03-30,7,N2EXMIDP,0,0
2019-03-30,8,APXMIDP ,430,35.01
2019-03-30,8,N2EXMIDP,0,0
2019-03-30,9,APXMIDP ,120,34.76
2019-03-30,9,N2EXMIDP,0,0
2019-03-30,10,APXMIDP ,308,34.32
2019-03-30,10,N2EXMIDP,0,0
2019-03-30,11,APXMIDP ,352.5,34.85
2019-03-30,11,N2EXMIDP,0,0
2019-03-30,12,APXMIDP ,375,34.93
2019-03-30,12,N2EXMIDP,0,0
2019-03-30,13,APXMIDP ,43,44.14
2019-03-30,13,N2EXMIDP,0,0
2019-03-30,14,APXMIDP ,55.4,44.33
2019-03-30,14,N2EXMIDP,0,0
2019-03-30,15,APXMIDP ,144,44.87
2019-03-30,15,N2EXMIDP,0,0
2019-03-30,16,APXMIDP ,175.5,45.51
2019-03-30,16,N2EXMIDP,0,0
2019-03-30,17,APXMIDP ,256.95,50.13
2019-03-30,17,N2EXMIDP,0,0
2019-03-30,18,APXMIDP ,219.25,47.71
2019-03-30,18,N2EXMIDP,0,0
2019-03-30,19,APXMIDP ,429.75,49.63
2019-03-30,19,N2EXMIDP,0,0
2019-03-30,20,APXMIDP ,627.55,46.56
2019-03-30,20,N2EXMIDP,0,0
2019-03-30,21,APXMIDP ,560,35.08
2019-03-30,21,N2EXMIDP,0,0
2019-03-30,22,APXMIDP ,630.25,35.3
2019-03-30,22,N2EXMIDP,0,0
2019-03-30,23,APXMIDP ,781.25,35.99
2019-03-30,23,N2EXMIDP,0,0
2019-03-30,24,APXMIDP ,828.5,35.83
2019-03-30,24,N2EXMIDP,0,0
2019-03-30,25,APXMIDP ,1148.75,35.02
2019-03-30,25,N2EXMIDP,0,0
2019-03-30,26,APXMIDP ,1297.25,34.94
2019-03-30,26,N2EXMIDP,0,0
2019-03-30,27,APXMIDP ,1340.25,35.13
2019-03-30,27,N2EXMIDP,0,0
2019-03-30,28,APXMIDP ,1315.25,35.14
2019-03-30,28,N2EXMIDP,0,0
2019-03-30,29,APXMIDP ,375.5,45.3
2019-03-30,29,N2EXMIDP,0,0
2019-03-30,30,APXMIDP ,436,44.25
2019-03-30,30,N2EXMIDP,0,0
2019-03-30,31,APXMIDP ,505.8,43.72
2019-03-30,31,N2EXMIDP,0,0
2019-03-30,32,APXMIDP ,580.8,42.75
2019-03-30,32,N2EXMIDP,0,0
2019-03-30,33,APXMIDP ,482,45
2019-03-30,33,N2EXMIDP,0,0
2019-03-30,34,APXMIDP ,464.5,45.25
2019-03-30,34,N2EXMIDP,0,0
2019-03-30,35,APXMIDP ,672,48.71
2019-03-30,35,N2EXMIDP,0,0
2019-03-30,36,APXMIDP ,757.75,51.03
2019-03-30,36,N2EXMIDP,0,0
2019-03-30,37,APXMIDP ,511,56.08
2019-03-30,37,N2EXMIDP,0,0
2019-03-30,38,APXMIDP ,369.25,52.61
2019-03-30,38,N2EXMIDP,0,0
2019-03-30,39,APXMIDP ,352.7,51.06
2019-03-30,39,N2EXMIDP,0,0
2019-03-30,40,APXMIDP ,509,49.91
2019-03-30,40,N2EXMIDP,0,0
2019-03-30,41,APXMIDP ,574.8,43.44
2019-03-30,41,N2EXMIDP,0,0
2019-03-30,42,APXMIDP ,501.15,42.9
2019-03-30,42,N2EXMIDP,0,0
2019-03-30,43,APXMIDP ,855.7,41.21
2019-03-30,43,N2EXMIDP,0,0
2019-03-30,44,APXMIDP ,761.15,41.57
2019-03-30,44,N2EXMIDP,0,0
2019-03-30,45,APXMIDP ,234.75,39.66
2019-03-30,45,N2EXMIDP,0,0
2019-03-30,46,APXMIDP ,139.6,41.19
2019-03-30,46,N2EXMIDP,0,0
2019-03-30,47,APXMIDP ,191.5,40.4
2019-03-30,47,N2EXMIDP,0,0
2019-03-30,48,APXMIDP ,287.1,41.26
2019-03-30,48,N2EXMIDP,0,0
2019-03-31,1,APXMIDP ,0,0
2019-03-31,1,N2EXMIDP,0,0
2019-03-31,2,APXMIDP ,0,0
2019-03-31,2,N2EXMIDP,0,0
2019-03-31,3,APXMIDP ,193.5,39.1
2019-03-31,3,N2EXMIDP,0,0
2019-03-31,4,APXMIDP ,152.5,38.6
2019-03-31,4,N2EXMIDP,0,0
2019-03-31,5,APXMIDP ,63.55,40.01
2019-03-31,5,N2EXMIDP,0,0
2019-03-31,6,APXMIDP ,85.5,40.19
2019-03-31,6,N2EXMIDP,0,0
2019-03-31,7,APXMIDP ,190.9,39.15
2019-03-31,7,N2EXMIDP,0,0
2019-03-31,8,APXMIDP ,144.3,39
2019-03-31,8,N2EXMIDP,0,0
2019-03-31,9,APXMIDP ,420.5,38.03
2019-03-31,9,N2EXMIDP,0,0
2019-03-31,10,APXMIDP ,506.4,36.81
2019-03-31,10,N2EXMIDP,0,0
2019-03-31,11,APXMIDP ,355.7,32.81
2019-03-31,11,N2EXMIDP,0,0
2019-03-31,12,APXMIDP ,423.8,32
2019-03-31,12,N2EXMIDP,0,0
2019-03-31,13,APXMIDP ,475.3,32.44
2019-03-31,13,N2EXMIDP,0,0
2019-03-31,14,APXMIDP ,555.55,30.26
2019-03-31,14,N2EXMIDP,0,0
2019-03-31,15,APXMIDP ,651.5,31.53
2019-03-31,15,N2EXMIDP,0,0
2019-03-31,16,APXMIDP ,548.55,31.74
2019-03-31,16,N2EXMIDP,0,0
2019-03-31,17,APXMIDP ,784.2,37.81
2019-03-31,17,N2EXMIDP,0,0
2019-03-31,18,APXMIDP ,736.5,38.19
2019-03-31,18,N2EXMIDP,0,0
2019-03-31,19,APXMIDP ,818,37.43
2019-03-31,19,N2EXMIDP,0,0
2019-03-31,20,APXMIDP ,870.95,38.06
2019-03-31,20,N2EXMIDP,0,0
2019-03-31,21,APXMIDP ,925.5,38.52
2019-03-31,21,N2EXMIDP,0,0
2019-03-31,22,APXMIDP ,971.45,38.63
2019-03-31,22,N2EXMIDP,0,0
2019-03-31,23,APXMIDP ,1036.45,38.86
2019-03-31,23,N2EXMIDP,0,0
2019-03-31,24,APXMIDP ,1113.45,39.54
2019-03-31,24,N2EXMIDP,0,0
2019-03-31,25,APXMIDP ,1184.4,39
2019-03-31,25,N2EXMIDP,0,0
2019-03-31,26,APXMIDP ,1210.65,39.18
2019-03-31,26,N2EXMIDP,0,0
2019-03-31,27,APXMIDP ,1335.95,39.9
2019-03-31,27,N2EXMIDP,0,0
2019-03-31,28,APXMIDP ,1438.15,39.84
2019-03-31,28,N2EXMIDP,0,0
2019-03-31,29,APXMIDP ,716.35,38.99
2019-03-31,29,N2EXMIDP,0,0
2019-03-31,30,APXMIDP ,661.1,38.43
2019-03-31,30,N2EXMIDP,0,0
2019-03-31,31,APXMIDP ,743.05,38.56
2019-03-31,31,N2EXMIDP,0,0
2019-03-31,32,APXMIDP ,814.35,37.83
2019-03-31,32,N2EXMIDP,0,0
2019-03-31,33,APXMIDP ,590.3,38.6
2019-03-31,33,N2EXMIDP,0,0
2019-03-31,34,APXMIDP ,434.45,41.46
2019-03-31,34,N2EXMIDP,0,0
2019-03-31,35,APXMIDP ,427.55,42.13
2019-03-31,35,N2EXMIDP,0,0
2019-03-31,36,APXMIDP ,454.5,44.52
2019-03-31,36,N2EXMIDP,0,0
2019-03-31,37,APXMIDP ,421.55,45.85
2019-03-31,37,N2EXMIDP,0,0
2019-03-31,38,APXMIDP ,593.65,47.68
2019-03-31,38,N2EXMIDP,0,0
2019-03-31,39,APXMIDP ,719.65,48.24
2019-03-31,39,N2EXMIDP,0,0
2019-03-31,40,APXMIDP ,761.45,45.03
2019-03-31,40,N2EXMIDP,0,0
2019-03-31,41,APXMIDP ,874.25,40.36
2019-03-31,41,N2EXMIDP,0,0
2019-03-31,42,APXMIDP ,1001.8,38.8
2019-03-31,42,N2EXMIDP,0,0
2019-03-31,43,APXMIDP ,1044.5,36.98
2019-03-31,43,N2EXMIDP,0,0
2019-03-31,44,APXMIDP ,1128.75,36.34
2019-03-31,44,N2EXMIDP,0,0
2019-03-31,45,APXMIDP ,217.7,38.49
2019-03-31,45,N2EXMIDP,0,0
2019-03-31,46,APXMIDP ,442.1,37.97
2019-03-31,46,N2EXMIDP,0,0
2019-04-01,1,APXMIDP ,120,33.73
2019-04-01,1,N2EXMIDP,0,0
2019-04-01,2,APXMIDP ,199.5,34.65
2019-04-01,2,N2EXMIDP,0,0
2019-04-01,3,APXMIDP ,214.95,35.67
2019-04-01,3,N2EXMIDP,0,0
2019-04-01,4,APXMIDP ,310.6,36.77
2019-04-01,4,N2EXMIDP,0,0
2019-04-01,5,APXMIDP ,351.4,34.66
2019-04-01,5,N2EXMIDP,0,0
2019-04-01,6,APXMIDP ,403.8,34.12
2019-04-01,6,N2EXMIDP,0,0
2019-04-01,7,APXMIDP ,345,32.24
2019-04-01,7,N2EXMIDP,0,0
2019-04-01,8,APXMIDP ,522.95,32.01
2019-04-01,8,N2EXMIDP,0,0
2019-04-01,9,APXMIDP ,506.25,32.04
2019-04-01,9,N2EXMIDP,0,0
2019-04-01,10,APXMIDP ,557.55,31.85
2019-04-01,10,N2EXMIDP,0,0
2019-04-01,11,APXMIDP ,450.05,38.49
2019-04-01,11,N2EXMIDP,0,0
2019-04-01,12,APXMIDP ,809.95,40.84
2019-04-01,12,N2EXMIDP,0,0
2019-04-01,13,APXMIDP ,734.8,42.83
2019-04-01,13,N2EXMIDP,0,0
2019-04-01,14,APXMIDP ,978.6,40.7
2019-04-01,14,N2EXMIDP,0,0
2019-04-01,15,APXMIDP ,599.7,50.06
2019-04-01,15,N2EXMIDP,0,0
2019-04-01,16,APXMIDP ,726.25,51.73
2019-04-01,16,N2EXMIDP,0,0
2019-04-01,17,APXMIDP ,864.5,52.04
2019-04-01,17,N2EXMIDP,0,0
2019-04-01,18,APXMIDP ,909.85,50.9
2019-04-01,18,N2EXMIDP,0,0
2019-04-01,19,APXMIDP ,490.9,46.4
2019-04-01,19,N2EXMIDP,0,0
2019-04-01,20,APXMIDP ,734.4,41.67
2019-04-01,20,N2EXMIDP,0,0
2019-04-01,21,APXMIDP ,1036.15,38.68
2019-04-01,21,N2EXMIDP,0,0
2019-04-01,22,APXMIDP ,1519.3,36.91
2019-04-01,22,N2EXMIDP,0,0
2019-04-01,23,APXMIDP ,1091.5,34.7
2019-04-01,23,N2EXMIDP,0,0
2019-04-01,24,APXMIDP ,1168.1,34.55
2019-04-01,24,N2EXMIDP,0,0
2019-04-01,25,APXMIDP ,1273.85,34.62
2019-04-01,25,N2EXMIDP,0,0
2019-04-01,26,APXMIDP ,1297.05,34.61
2019-04-01,26,N2EXMIDP,0,0
2019-04-01,27,APXMIDP ,1443.15,34.53
2019-04-01,27,N2EXMIDP,0,0
2019-04-01,28,APXMIDP ,1355.95,34.38
2019-04-01,28,N2EXMIDP,0,0
2019-04-01,29,APXMIDP ,1442.95,34.41
2019-04-01,29,N2EXMIDP,0,0
2019-04-01,30,APXMIDP ,1605,34.29
2019-04-01,30,N2EXMIDP,0,0
2019-04-01,31,APXMIDP ,864.35,33.44
2019-04-01,31,N2EXMIDP,0,0
2019-04-01,32,APXMIDP ,967.55,33.98
2019-04-01,32,N2EXMIDP,0,0
2019-04-01,33,APXMIDP ,935.9,34.89
2019-04-01,33,N2EXMIDP,0,0
2019-04-01,34,APXMIDP ,1213.6,35.93
2019-04-01,34,N2EXMIDP,0,0
2019-04-01,35,APXMIDP ,888.75,39.93
2019-04-01,35,N2EXMIDP,0,0
2019-04-01,36,APXMIDP ,776.3,41.35
2019-04-01,36,N2EXMIDP,0,0
2019-04-01,37,APXMIDP ,664.5,45.53
2019-04-01,37,N2EXMIDP,0,0
2019-04-01,38,APXMIDP ,670.55,45.16
2019-04-01,38,N2EXMIDP,0,0
2019-04-01,39,APXMIDP ,931.5,48.97
2019-04-01,39,N2EXMIDP,0,0
2019-04-01,40,APXMIDP ,1086.2,48.11
2019-04-01,40,N2EXMIDP,0,0
2019-04-01,41,APXMIDP ,1052.3,51.24
2019-04-01,41,N2EXMIDP,0,0
2019-04-01,42,APXMIDP ,1017.4,50.35
2019-04-01,42,N2EXMIDP,0,0
2019-04-01,43,APXMIDP ,728.6,44.45
2019-04-01,43,N2EXMIDP,0,0
2019-04-01,44,APXMIDP ,813.25,40.25
2019-04-01,44,N2EXMIDP,0,0
2019-04-01,45,APXMIDP ,945.8,39.55
2019-04-01,45,N2EXMIDP,0,0
2019-04-01,46,APXMIDP ,859.6,40.64
2019-04-01,46,N2EXMIDP,0,0
2019-04-01,47,APXMIDP ,432,37.03
2019-04-01,47,N2EXMIDP,0,0
2019-04-01,48,APXMIDP ,372.55,34.02
2019-04-01,48,N2EXMIDP,0,0
2019-04-02,1,APXMIDP ,305.8,33.67
2019-04-02,1,N2EXMIDP,0,0
2019-04-02,2,APXMIDP ,307.95,32.58
2019-04-02,2,N2EXMIDP,0,0
2019-04-02,3,APXMIDP ,330.55,33.42
2019-04-02,3,N2EXMIDP,0,0
2019-04-02,4,APXMIDP ,370.95,33.1
2019-04-02,4,N2EXMIDP,0,0
2019-04-02,5,APXMIDP ,363.65,32.59
2019-04-02,5,N2EXMIDP,0,0
2019-04-02,6,APXMIDP ,487.25,34
2019-04-02,6,N2EXMIDP,0,0
2019-04-02,7,APXMIDP ,462.5,32.68
2019-04-02,7,N2EXMIDP,0,0
2019-04-02,8,APXMIDP ,494.9,33.04
2019-04-02,8,N2EXMIDP,0,0
2019-04-02,9,APXMIDP ,567.25,33.48
2019-04-02,9,N2EXMIDP,0,0
2019-04-02,10,APXMIDP ,619.45,34.78
2019-04-02,10,N2EXMIDP,0,0
2019-04-02,11,APXMIDP ,446,35.08
2019-04-02,11,N2EXMIDP,0,0
2019-04-02,12,APXMIDP ,526.7,35.04
2019-04-02,12,N2EXMIDP,0,0
2019-04-02,13,APXMIDP ,620.5,36.88
2019-04-02,13,N2EXMIDP,0,0
2019-04-02,14,APXMIDP ,876.85,33.19
2019-04-02,14,N2EXMIDP,0,0
2019-04-02,15,APXMIDP ,463.2,41.1
2019-04-02,15,N2EXMIDP,0,0
2019-04-02,16,APXMIDP ,291.2,46.25
2019-04-02,16,N2EXMIDP,0,0
2019-04-02,17,APXMIDP ,463.4,50.2
2019-04-02,17,N2EXMIDP,0,0
2019-04-02,18,APXMIDP ,492.65,47.77
2019-04-02,18,N2EXMIDP,0,0
2019-04-02,19,APXMIDP ,497.8,49.1
2019-04-02,19,N2EXMIDP,0,0
2019-04-02,20,APXMIDP ,885.35,46.14
2019-04-02,20,N2EXMIDP,0,0
2019-04-02,21,APXMIDP ,851.75,45.97
2019-04-02,21,N2EXMIDP,0,0
2019-04-02,22,APXMIDP ,867,45.46
2019-04-02,22,N2EXMIDP,0,0
2019-04-02,23,APXMIDP ,627.6,36.88
2019-04-02,23,N2EXMIDP,0,0
2019-04-02,24,APXMIDP ,859.1,36.96
2019-04-02,24,N2EXMIDP,0,0
2019-04-02,25,APXMIDP ,1120.25,37.22
2019-04-02,25,N2EXMIDP,0,0
2019-04-02,26,APXMIDP ,1160.65,37.42
2019-04-02,26,N2EXMIDP,0,0
2019-04-02,27,APXMIDP ,1355.6,35.42
2019-04-02,27,N2EXMIDP,0,0
2019-04-02,28,APXMIDP ,1484.95,35.42
2019-04-02,28,N2EXMIDP,0,0
2019-04-02,29,APXMIDP ,1714.85,35.28
2019-04-02,29,N2EXMIDP,0,0
2019-04-02,30,APXMIDP ,1843.8,34.76
2019-04-02,30,N2EXMIDP,0,0
2019-04-02,31,APXMIDP ,808.2,32.29
2019-04-02,31,N2EXMIDP,0,0
2019-04-02,32,APXMIDP ,992.65,32.69
2019-04-02,32,N2EXMIDP,0,0
2019-04-02,33,APXMIDP ,869.05,32.93
2019-04-02,33,N2EXMIDP,0,0
2019-04-02,34,APXMIDP ,820.65,33.23
2019-04-02,34,N2EXMIDP,0,0
2019-04-02,35,APXMIDP ,507.5,39.96
2019-04-02,35,N2EXMIDP,0,0
2019-04-02,36,APXMIDP ,678.4,39.94
2019-04-02,36,N2EXMIDP,0,0
2019-04-02,37,APXMIDP ,917.7,40.98
2019-04-02,37,N2EXMIDP,0,0
2019-04-02,38,APXMIDP ,910.25,41.36
2019-04-02,38,N2EXMIDP,0,0
2019-04-02,39,APXMIDP ,523.65,45.89
2019-04-02,39,N2EXMIDP,0,0
2019-04-02,40,APXMIDP ,484.2,47.1
2019-04-02,40,N2EXMIDP,0,0
2019-04-02,41,APXMIDP ,764.6,47.43
2019-04-02,41,N2EXMIDP,0,0
2019-04-02,42,APXMIDP ,739.6,41.57
2019-04-02,42,N2EXMIDP,0,0
2019-04-02,43,APXMIDP ,1054.2,38.45
2019-04-02,43,N2EXMIDP,0,0
2019-04-02,44,APXMIDP ,1059.1,38.13
2019-04-02,44,N2EXMIDP,0,0
2019-04-02,45,APXMIDP ,1150.5,38.11
2019-04-02,45,N2EXMIDP,0,0
2019-04-02,46,APXMIDP ,1535.75,38.45
2019-04-02,46,N2EXMIDP,0,0
2019-04-02,47,APXMIDP ,319.95,40.84
2019-04-02,47,N2EXMIDP,0,0
2019-04-02,48,APXMIDP ,304.1,41.99
2019-04-02,48,N2EXMIDP,0,0
2019-04-03,1,APXMIDP ,341.05,34.79
2019-04-03,1,N2EXMIDP,0,0
2019-04-03,2,APXMIDP ,388,34.19
2019-04-03,2,N2EXMIDP,0,0
2019-04-03,3,APXMIDP ,310.5,34.86
2019-04-03,3,N2EXMIDP,0,0
2019-04-03,4,APXMIDP ,298,34.93
2019-04-03,4,N2EXMIDP,0,0
2019-04-03,5,APXMIDP ,443,34.22
2019-04-03,5,N2EXMIDP,0,0
2019-04-03,6,APXMIDP ,375,34.46
2019-04-03,6,N2EXMIDP,0,0
2019-04-03,7,APXMIDP ,394.75,32.89
2019-04-03,7,N2EXMIDP,0,0
2019-04-03,8,APXMIDP ,438.75,31.94
2019-04-03,8,N2EXMIDP,0,0
2019-04-03,9,APXMIDP ,439.6,32.69
2019-04-03,9,N2EXMIDP,0,0
2019-04-03,10,APXMIDP ,447.75,32.92
2019-04-03,10,N2EXMIDP,0,0
2019-04-03,11,APXMIDP ,341.25,35.87
2019-04-03,11,N2EXMIDP,0,0
2019-04-03,12,APXMIDP ,352,33.93
2019-04-03,12,N2EXMIDP,0,0
2019-04-03,13,APXMIDP ,428.75,34.03
2019-04-03,13,N2EXMIDP,0,0
2019-04-03,14,APXMIDP ,848.85,33.72
2019-04-03,14,N2EXMIDP,0,0
2019-04-03,15,APXMIDP ,395,43.52
2019-04-03,15,N2EXMIDP,0,0
2019-04-03,16,APXMIDP ,432.4,43.99
2019-04-03,16,N2EXMIDP,0,0
2019-04-03,17,APXMIDP ,637.45,45.31
2019-04-03,17,N2EXMIDP,0,0
2019-04-03,18,APXMIDP ,663.95,45.67
2019-04-03,18,N2EXMIDP,0,0
2019-04-03,19,APXMIDP ,901.5,47.95
2019-04-03,19,N2EXMIDP,0,0
2019-04-03,20,APXMIDP ,972.7,48.33
2019-04-03,20,N2EXMIDP,0,0
2019-04-03,21,APXMIDP ,1042.4,48.73
2019-04-03,21,N2EXMIDP,0,0
2019-04-03,22,APXMIDP ,1088.85,48.52
2019-04-03,22,N2EXMIDP,0,0
2019-04-03,23,APXMIDP ,606.95,46.2
2019-04-03,23,N2EXMIDP,0,0
2019-04-03,24,APXMIDP ,992.85,49.44
2019-04-03,24,N2EXMIDP,0,0
2019-04-03,25,APXMIDP ,1188.1,50.75
2019-04-03,25,N2EXMIDP,0,0
2019-04-03,26,APXMIDP ,1209.45,50.7
2019-04-03,26,N2EXMIDP,0,0
2019-04-03,27,APXMIDP ,1752.65,49.64
2019-04-03,27,N2EXMIDP,0,0
2019-04-03,28,APXMIDP ,1783.1,48.71
2019-04-03,28,N2EXMIDP,0,0
2019-04-03,29,APXMIDP ,1812,49.07
2019-04-03,29,N2EXMIDP,0,0
2019-04-03,30,APXMIDP ,1864.15,48.93
2019-04-03,30,N2EXMIDP,0,0
2019-04-03,31,APXMIDP ,632.25,48.75
2019-04-03,31,N2EXMIDP,0,0
2019-04-03,32,APXMIDP ,717.95,50.9
2019-04-03,32,N2EXMIDP,0,0
2019-04-03,33,APXMIDP ,872.55,52.64
2019-04-03,33,N2EXMIDP,0,0
2019-04-03,34,APXMIDP ,1371.05,54.62
2019-04-03,34,N2EXMIDP,0,0
2019-04-03,35,APXMIDP ,646.75,57.85
2019-04-03,35,N2EXMIDP,0,0
2019-04-03,36,APXMIDP ,1220,60.52
2019-04-03,36,N2EXMIDP,0,0
2019-04-03,37,APXMIDP ,1464.5,60.71
2019-04-03,37,N2EXMIDP,0,0
2019-04-03,38,APXMIDP ,1436.05,61.12
2019-04-03,38,N2EXMIDP,0,0
2019-04-03,39,APXMIDP ,541.05,54.91
2019-04-03,39,N2EXMIDP,0,0
2019-04-03,40,APXMIDP ,540,54.87
2019-04-03,40,N2EXMIDP,0,0
2019-04-03,41,APXMIDP ,773.4,55.96
2019-04-03,41,N2EXMIDP,0,0
2019-04-03,42,APXMIDP ,922.2,52.85
2019-04-03,42,N2EXMIDP,0,0
2019-04-03,43,APXMIDP ,900.45,48.97
2019-04-03,43,N2EXMIDP,0,0
2019-04-03,44,APXMIDP ,1000.45,48.18
2019-04-03,44,N2EXMIDP,0,0
2019-04-03,45,APXMIDP ,1259.55,46.31
2019-04-03,45,N2EXMIDP,0,0
2019-04-03,46,APXMIDP ,1407.95,46.48
2019-04-03,46,N2EXMIDP,0,0
2019-04-03,47,APXMIDP ,268.25,39.59
2019-04-03,47,N2EXMIDP,0,0
2019-04-03,48,APXMIDP ,105.75,37.78
2019-04-03,48,N2EXMIDP,0,0
2019-04-04,1,APXMIDP ,107.25,34.29
2019-04-04,1,N2EXMIDP,0,0
2019-04-04,2,APXMIDP ,138.5,34.12
2019-04-04,2,N2EXMIDP,0,0
2019-04-04,3,APXMIDP ,98.5,34.75
2019-04-04,3,N2EXMIDP,0,0
2019-04-04,4,APXMIDP ,234.5,34.84
2019-04-04,4,N2EXMIDP,0,0
2019-04-04,5,APXMIDP ,302.5,35.83
2019-04-04,5,N2EXMIDP,0,0
2019-04-04,6,APXMIDP ,354.45,36.43
2019-04-04,6,N2EXMIDP,0,0
2019-04-04,7,APXMIDP ,243,33.99
2019-04-04,7,N2EXMIDP,0,0
2019-04-04,8,APXMIDP ,243,33.99
2019-04-04,8,N2EXMIDP,0,0
2019-04-04,9,APXMIDP ,291.3,34.66
2019-04-04,9,N2EXMIDP,0,0
2019-04-04,10,APXMIDP ,414.5,34
2019-04-04,10,N2EXMIDP,0,0
2019-04-04,11,APXMIDP ,394.85,40.08
2019-04-04,11,N2EXMIDP,0,0
2019-04-04,12,APXMIDP ,357.75,40.53
2019-04-04,12,N2EXMIDP,0,0
2019-04-04,13,APXMIDP ,579.8,43.28
2019-04-04,13,N2EXMIDP,0,0
2019-04-04,14,APXMIDP ,966.3,43.82
2019-04-04,14,N2EXMIDP,0,0
2019-04-04,15,APXMIDP ,195.55,54.37
2019-04-04,15,N2EXMIDP,0,0
2019-04-04,16,APXMIDP ,291,60.19
2019-04-04,16,N2EXMIDP,0,0
2019-04-04,17,APXMIDP ,266,58.89
2019-04-04,17,N2EXMIDP,0,0
2019-04-04,18,APXMIDP ,160.5,57.08
2019-04-04,18,N2EXMIDP,0,0
2019-04-04,19,APXMIDP ,308.5,55.82
2019-04-04,19,N2EXMIDP,0,0
2019-04-04,20,APXMIDP ,507.85,55.55
2019-04-04,20,N2EXMIDP,0,0
2019-04-04,21,APXMIDP ,658.95,55.47
2019-04-04,21,N2EXMIDP,0,0
2019-04-04,22,APXMIDP ,736.65,54.19
2019-04-04,22,N2EXMIDP,0,0
2019-04-04,23,APXMIDP ,410.6,44.23
2019-04-04,23,N2EXMIDP,0,0
2019-04-04,24,APXMIDP ,581.85,43.53
2019-04-04,24,N2EXMIDP,0,0
2019-04-04,25,APXMIDP ,763.5,43.46
2019-04-04,25,N2EXMIDP,0,0
2019-04-04,26,APXMIDP ,739.55,42.32
2019-04-04,26,N2EXMIDP,0,0
2019-04-04,27,APXMIDP ,1315.45,35.83
2019-04-04,27,N2EXMIDP,0,0
2019-04-04,28,APXMIDP ,1595.3,36.22
2019-04-04,28,N2EXMIDP,0,0
2019-04-04,29,APXMIDP ,2061.6,37.43
2019-04-04,29,N2EXMIDP,0,0
2019-04-04,30,APXMIDP ,2248,37.67
2019-04-04,30,N2EXMIDP,0,0
2019-04-04,31,APXMIDP ,1231.05,37.61
2019-04-04,31,N2EXMIDP,0,0
2019-04-04,32,APXMIDP ,1358.25,37.95
2019-04-04,32,N2EXMIDP,0,0
2019-04-04,33,APXMIDP ,1525.5,39
2019-04-04,33,N2EXMIDP,0,0
2019-04-04,34,APXMIDP ,1361.2,39.85
2019-04-04,34,N2EXMIDP,0,0
2019-04-04,35,APXMIDP ,875.9,43.27
2019-04-04,35,N2EXMIDP,0,0
2019-04-04,36,APXMIDP ,1027.15,44.51
2019-04-04,36,N2EXMIDP,0,0
2019-04-04,37,APXMIDP ,1165.75,45.64
2019-04-04,37,N2EXMIDP,0,0
2019-04-04,38,APXMIDP ,1289.7,46.66
2019-04-04,38,N2EXMIDP,0,0
2019-04-04,39,APXMIDP ,811.35,42.78
2019-04-04,39,N2EXMIDP,0,0
2019-04-04,40,APXMIDP ,886.1,43.02
2019-04-04,40,N2EXMIDP,0,0
2019-04-04,41,APXMIDP ,947.15,43.83
2019-04-04,41,N2EXMIDP,0,0
2019-04-04,42,APXMIDP ,948.85,43.03
2019-04-04,42,N2EXMIDP,0,0
2019-04-04,43,APXMIDP ,1399.85,40.61
2019-04-04,43,N2EXMIDP,0,0
2019-04-04,44,APXMIDP ,1500.25,40.7
2019-04-04,44,N2EXMIDP,0,0
2019-04-04,45,APXMIDP ,1798.35,39.43
2019-04-04,45,N2EXMIDP,0,0
2019-04-04,46,APXMIDP ,2573.7,39.41
2019-04-04,46,N2EXMIDP,0,0
2019-04-04,47,APXMIDP ,318,41.01
2019-04-04,47,N2EXMIDP,0,0
2019-04-04,48,APXMIDP ,125,34.62
2019-04-04,48,N2EXMIDP,0,0
2019-04-05,1,APXMIDP ,340,33.26
2019-04-05,1,N2EXMIDP,0,0
2019-04-05,2,APXMIDP ,331,32.93
2019-04-05,2,N2EXMIDP,0,0
2019-04-05,3,APXMIDP ,290,32.61
2019-04-05,3,N2EXMIDP,0,0
2019-04-05,4,APXMIDP ,323,32.6
2019-04-05,4,N2EXMIDP,0,0
2019-04-05,5,APXMIDP ,374,32.54
2019-04-05,5,N2EXMIDP,0,0
2019-04-05,6,APXMIDP ,377,32.58
2019-04-05,6,N2EXMIDP,0,0
2019-04-05,7,APXMIDP ,532.25,33.04
2019-04-05,7,N2EXMIDP,0,0
2019-04-05,8,APXMIDP ,547.75,33.68
2019-04-05,8,N2EXMIDP,0,0
2019-04-05,9,APXMIDP ,509.75,34.38
2019-04-05,9,N2EXMIDP,0,0
2019-04-05,10,APXMIDP ,587.75,34.54
2019-04-05,10,N2EXMIDP,0,0
2019-04-05,11,APXMIDP ,280.6,38.02
2019-04-05,11,N2EXMIDP,0,0
2019-04-05,12,APXMIDP ,402.25,38.88
2019-04-05,12,N2EXMIDP,0,0
2019-04-05,13,APXMIDP ,585.05,44.62
2019-04-05,13,N2EXMIDP,0,0
2019-04-05,14,APXMIDP ,908.65,38.5
2019-04-05,14,N2EXMIDP,0,0
2019-04-05,15,APXMIDP ,570.3,47.44
2019-04-05,15,N2EXMIDP,0,0
2019-04-05,16,APXMIDP ,773.9,50.52
2019-04-05,16,N2EXMIDP,0,0
2019-04-05,17,APXMIDP ,868,50.39
2019-04-05,17,N2EXMIDP,0,0
2019-04-05,18,APXMIDP ,848.85,51.08
2019-04-05,18,N2EXMIDP,0,0
2019-04-05,19,APXMIDP ,1065.25,52.65
2019-04-05,19,N2EXMIDP,0,0
2019-04-05,20,APXMIDP ,1357.6,53.72
2019-04-05,20,N2EXMIDP,0,0
2019-04-05,21,APXMIDP ,1354.1,53.27
2019-04-05,21,N2EXMIDP,0,0
2019-04-05,22,APXMIDP ,1285.55,51.23
2019-04-05,22,N2EXMIDP,0,0
2019-04-05,23,APXMIDP ,1268,40.18
2019-04-05,23,N2EXMIDP,0,0
2019-04-05,24,APXMIDP ,1623.3,40.62
2019-04-05,24,N2EXMIDP,0,0
2019-04-05,25,APXMIDP ,1548.9,40.32
2019-04-05,25,N2EXMIDP,0,0
2019-04-05,26,APXMIDP ,1662.65,39.77
2019-04-05,26,N2EXMIDP,0,0
2019-04-05,27,APXMIDP ,2103.85,40.04
2019-04-05,27,N2EXMIDP,0,0
2019-04-05,28,APXMIDP ,2238.65,39.66
2019-04-05,28,N2EXMIDP,0,0
2019-04-05,29,APXMIDP ,2329.3,39.67
2019-04-05,29,N2EXMIDP,0,0
2019-04-05,30,APXMIDP ,2307.5,39.64
2019-04-05,30,N2EXMIDP,0,0
2019-04-05,31,APXMIDP ,734.2,39.08
2019-04-05,31,N2EXMIDP,0,0
2019-04-05,32,APXMIDP ,597.3,40.22
2019-04-05,32,N2EXMIDP,0,0
2019-04-05,33,APXMIDP ,1331.2,39.43
2019-04-05,33,N2EXMIDP,0,0
2019-04-05,34,APXMIDP ,1008.6,42.09
2019-04-05,34,N2EXMIDP,0,0
2019-04-05,35,APXMIDP ,666.6,51.49
2019-04-05,35,N2EXMIDP,0,0
2019-04-05,36,APXMIDP ,855.15,53.17
2019-04-05,36,N2EXMIDP,0,0
2019-04-05,37,APXMIDP ,1092.15,53.93
2019-04-05,37,N2EXMIDP,0,0
2019-04-05,38,APXMIDP ,944.8,53.51
2019-04-05,38,N2EXMIDP,0,0
2019-04-05,39,APXMIDP ,949.75,56.69
2019-04-05,39,N2EXMIDP,0,0
2019-04-05,40,APXMIDP ,989.1,56.34
2019-04-05,40,N2EXMIDP,0,0
2019-04-05,41,APXMIDP ,1232.5,59.27
2019-04-05,41,N2EXMIDP,0,0
2019-04-05,42,APXMIDP ,1431.25,58.28
2019-04-05,42,N2EXMIDP,0,0
2019-04-05,43,APXMIDP ,1248.9,50.94
2019-04-05,43,N2EXMIDP,0,0
2019-04-05,44,APXMIDP ,1151.55,46.19
2019-04-05,44,N2EXMIDP,0,0
2019-04-05,45,APXMIDP ,1735.7,44.65
2019-04-05,45,N2EXMIDP,0,0
2019-04-05,46,APXMIDP ,1962.7,43.5
2019-04-05,46,N2EXMIDP,0,0
2019-04-05,47,APXMIDP ,35,35.02
2019-04-05,47,N2EXMIDP,0,0
2019-04-05,48,APXMIDP ,106.4,35.89
2019-04-05,48,N2EXMIDP,0,0
2019-04-06,1,APXMIDP ,188.65,35.77
2019-04-06,1,N2EXMIDP,0,0
2019-04-06,2,APXMIDP ,297.25,34.74
2019-04-06,2,N2EXMIDP,0,0
2019-04-06,3,APXMIDP ,186.15,36.49
2019-04-06,3,N2EXMIDP,0,0
2019-04-06,4,APXMIDP ,237.2,36.91
2019-04-06,4,N2EXMIDP,0,0
2019-04-06,5,APXMIDP ,287.9,37.63
2019-04-06,5,N2EXMIDP,0,0
2019-04-06,6,APXMIDP ,313.3,38.28
2019-04-06,6,N2EXMIDP,0,0
2019-04-06,7,APXMIDP ,98,36.56
2019-04-06,7,N2EXMIDP,0,0
2019-04-06,8,APXMIDP ,123.5,37.74
2019-04-06,8,N2EXMIDP,0,0
2019-04-06,9,APXMIDP ,146,38.91
2019-04-06,9,N2EXMIDP,0,0
2019-04-06,10,APXMIDP ,136,38.32
2019-04-06,10,N2EXMIDP,0,0
2019-04-06,11,APXMIDP ,83,42.63
2019-04-06,11,N2EXMIDP,0,0
2019-04-06,12,APXMIDP ,245,44.73
2019-04-06,12,N2EXMIDP,0,0
2019-04-06,13,APXMIDP ,387.9,44.24
2019-04-06,13,N2EXMIDP,0,0
2019-04-06,14,APXMIDP ,498.95,41.4
2019-04-06,14,N2EXMIDP,0,0
2019-04-06,15,APXMIDP ,411.15,46.73
2019-04-06,15,N2EXMIDP,0,0
2019-04-06,16,APXMIDP ,409.55,51.18
2019-04-06,16,N2EXMIDP,0,0
2019-04-06,17,APXMIDP ,575.25,54.9
2019-04-06,17,N2EXMIDP,0,0
2019-04-06,18,APXMIDP ,482.8,53.74
2019-04-06,18,N2EXMIDP,0,0
2019-04-06,19,APXMIDP ,409.75,60.07
2019-04-06,19,N2EXMIDP,0,0
2019-04-06,20,APXMIDP ,459.8,60.55
2019-04-06,20,N2EXMIDP,0,0
2019-04-06,21,APXMIDP ,357.8,60.06
2019-04-06,21,N2EXMIDP,0,0
2019-04-06,22,APXMIDP ,455.15,60.46
2019-04-06,22,N2EXMIDP,0,0
2019-04-06,23,APXMIDP ,184.5,60.64
2019-04-06,23,N2EXMIDP,0,0
2019-04-06,24,APXMIDP ,222.3,58.68
2019-04-06,24,N2EXMIDP,0,0
2019-04-06,25,APXMIDP ,297.6,58.49
2019-04-06,25,N2EXMIDP,0,0
2019-04-06,26,APXMIDP ,370.2,56.09
2019-04-06,26,N2EXMIDP,0,0
2019-04-06,27,APXMIDP ,223,45.32
2019-04-06,27,N2EXMIDP,0,0
2019-04-06,28,APXMIDP ,298.95,45.42
2019-04-06,28,N2EXMIDP,0,0
2019-04-06,29,APXMIDP ,286.55,45.35
2019-04-06,29,N2EXMIDP,0,0
2019-04-06,30,APXMIDP ,286,45.35
2019-04-06,30,N2EXMIDP,0,0
2019-04-06,31,APXMIDP ,267,54.22
2019-04-06,31,N2EXMIDP,0,0
2019-04-06,32,APXMIDP ,502.35,50.54
2019-04-06,32,N2EXMIDP,0,0
2019-04-06,33,APXMIDP ,439,52.12
2019-04-06,33,N2EXMIDP,0,0
2019-04-06,34,APXMIDP ,492.5,52.72
2019-04-06,34,N2EXMIDP,0,0
2019-04-06,35,APXMIDP ,471,60.23
2019-04-06,35,N2EXMIDP,0,0
2019-04-06,36,APXMIDP ,749.05,62.95
2019-04-06,36,N2EXMIDP,0,0
2019-04-06,37,APXMIDP ,681.95,62.58
2019-04-06,37,N2EXMIDP,0,0
2019-04-06,38,APXMIDP ,659.4,62.76
2019-04-06,38,N2EXMIDP,0,0
2019-04-06,39,APXMIDP ,454.85,66.55
2019-04-06,39,N2EXMIDP,0,0
2019-04-06,40,APXMIDP ,599.75,65.68
2019-04-06,40,N2EXMIDP,0,0
2019-04-06,41,APXMIDP ,725.5,66.1
2019-04-06,41,N2EXMIDP,0,0
2019-04-06,42,APXMIDP ,609.5,65.1
2019-04-06,42,N2EXMIDP,0,0
2019-04-06,43,APXMIDP ,557.35,60.48
2019-04-06,43,N2EXMIDP,0,0
2019-04-06,44,APXMIDP ,291.5,56.71
2019-04-06,44,N2EXMIDP,0,0
2019-04-06,45,APXMIDP ,577.5,50.43
2019-04-06,45,N2EXMIDP,0,0
2019-04-06,46,APXMIDP ,891.85,46.03
2019-04-06,46,N2EXMIDP,0,0
2019-04-06,47,APXMIDP ,452,48.12
2019-04-06,47,N2EXMIDP,0,0
2019-04-06,48,APXMIDP ,187,46.92
2019-04-06,48,N2EXMIDP,0,0
2019-04-07,1,APXMIDP ,80.5,42.94
2019-04-07,1,N2EXMIDP,0,0
2019-04-07,2,APXMIDP ,118.15,43.1
2019-04-07,2,N2EXMIDP,0,0
2019-04-07,3,APXMIDP ,213.5,42.91
2019-04-07,3,N2EXMIDP,0,0
2019-04-07,4,APXMIDP ,227,42.03
2019-04-07,4,N2EXMIDP,0,0
2019-04-07,5,APXMIDP ,270.25,41.84
2019-04-07,5,N2EXMIDP,0,0
2019-04-07,6,APXMIDP ,404.85,42.27
2019-04-07,6,N2EXMIDP,0,0
2019-04-07,7,APXMIDP ,291,43.13
2019-04-07,7,N2EXMIDP,0,0
2019-04-07,8,APXMIDP ,262,42.18
2019-04-07,8,N2EXMIDP,0,0
2019-04-07,9,APXMIDP ,249.4,40.91
2019-04-07,9,N2EXMIDP,0,0
2019-04-07,10,APXMIDP ,250.5,40.25
2019-04-07,10,N2EXMIDP,0,0
2019-04-07,11,APXMIDP ,193.5,40.28
2019-04-07,11,N2EXMIDP,0,0
2019-04-07,12,APXMIDP ,252,39.87
2019-04-07,12,N2EXMIDP,0,0
2019-04-07,13,APXMIDP ,267.6,40.36
2019-04-07,13,N2EXMIDP,0,0
2019-04-07,14,APXMIDP ,591,39.33
2019-04-07,14,N2EXMIDP,0,0
2019-04-07,15,APXMIDP ,414,40.38
2019-04-07,15,N2EXMIDP,0,0
2019-04-07,16,APXMIDP ,354.85,40.37
2019-04-07,16,N2EXMIDP,0,0
2019-04-07,17,APXMIDP ,638.05,41.98
2019-04-07,17,N2EXMIDP,0,0
2019-04-07,18,APXMIDP ,310.3,41.07
2019-04-07,18,N2EXMIDP,0,0
2019-04-07,19,APXMIDP ,281.5,53.52
2019-04-07,19,N2EXMIDP,0,0
2019-04-07,20,APXMIDP ,380,54.04
2019-04-07,20,N2EXMIDP,0,0
2019-04-07,21,APXMIDP ,504.75,54.94
2019-04-07,21,N2EXMIDP,0,0
2019-04-07,22,APXMIDP ,513.25,55.24
2019-04-07,22,N2EXMIDP,0,0
2019-04-07,23,APXMIDP ,289.9,56.48
2019-04-07,23,N2EXMIDP,0,0
2019-04-07,24,APXMIDP ,612.45,58.73
2019-04-07,24,N2EXMIDP,0,0
2019-04-07,25,APXMIDP ,606,57.67
2019-04-07,25,N2EXMIDP,0,0
2019-04-07,26,APXMIDP ,696,57.55
2019-04-07,26,N2EXMIDP,0,0
2019-04-07,27,APXMIDP ,537.8,49.72
2019-04-07,27,N2EXMIDP,0,0
2019-04-07,28,APXMIDP ,562.3,49.1
2019-04-07,28,N2EXMIDP,0,0
2019-04-07,29,APXMIDP ,595.8,49.05
2019-04-07,29,N2EXMIDP,0,0
2019-04-07,30,APXMIDP ,653.7,48.55
2019-04-07,30,N2EXMIDP,0,0
2019-04-07,31,APXMIDP ,59.05,47.19
2019-04-07,31,N2EXMIDP,0,0
2019-04-07,32,APXMIDP ,100.1,49.35
2019-04-07,32,N2EXMIDP,0,0
2019-04-07,33,APXMIDP ,199.55,55.5
2019-04-07,33,N2EXMIDP,0,0
2019-04-07,34,APXMIDP ,452.4,58.03
2019-04-07,34,N2EXMIDP,0,0
2019-04-07,35,APXMIDP ,262,61.51
2019-04-07,35,N2EXMIDP,0,0
2019-04-07,36,APXMIDP ,479.95,58.04
2019-04-07,36,N2EXMIDP,0,0
2019-04-07,37,APXMIDP ,773.55,58.87
2019-04-07,37,N2EXMIDP,0,0
2019-04-07,38,APXMIDP ,634.75,59.29
2019-04-07,38,N2EXMIDP,0,0
2019-04-07,39,APXMIDP ,635.75,61.44
2019-04-07,39,N2EXMIDP,0,0
2019-04-07,40,APXMIDP ,697.15,61.38
2019-04-07,40,N2EXMIDP,0,0
2019-04-07,41,APXMIDP ,811.5,61.09
2019-04-07,41,N2EXMIDP,0,0
2019-04-07,42,APXMIDP ,959.25,58.39
2019-04-07,42,N2EXMIDP,0,0
2019-04-07,43,APXMIDP ,534.5,51.52
2019-04-07,43,N2EXMIDP,0,0
2019-04-07,44,APXMIDP ,668.35,50.21
2019-04-07,44,N2EXMIDP,0,0
2019-04-07,45,APXMIDP ,614.25,51.04
2019-04-07,45,N2EXMIDP,0,0
2019-04-07,46,APXMIDP ,1069.15,49.38
2019-04-07,46,N2EXMIDP,0,0
2019-04-07,47,APXMIDP ,305.5,47.53
2019-04-07,47,N2EXMIDP,0,0
2019-04-07,48,APXMIDP ,90,42.29
2019-04-07,48,N2EXMIDP,0,0
2019-04-08,1,APXMIDP ,336,40.53
2019-04-08,1,N2EXMIDP,0,0
2019-04-08,2,APXMIDP ,335.5,40.52
2019-04-08,2,N2EXMIDP,0,0
2019-04-08,3,APXMIDP ,285.35,40.82
2019-04-08,3,N2EXMIDP,0,0
2019-04-08,4,APXMIDP ,433.85,42.32
2019-04-08,4,N2EXMIDP,0,0
2019-04-08,5,APXMIDP ,334.3,41.72
2019-04-08,5,N2EXMIDP,0,0
2019-04-08,6,APXMIDP ,364.3,41.97
2019-04-08,6,N2EXMIDP,0,0
2019-04-08,7,APXMIDP ,125,42.5
2019-04-08,7,N2EXMIDP,0,0
2019-04-08,8,APXMIDP ,152.5,42.73
2019-04-08,8,N2EXMIDP,0,0
2019-04-08,9,APXMIDP ,308.85,42.62
2019-04-08,9,N2EXMIDP,0,0
2019-04-08,10,APXMIDP ,270.2,42.98
2019-04-08,10,N2EXMIDP,0,0
2019-04-08,11,APXMIDP ,470.5,50.53
2019-04-08,11,N2EXMIDP,0,0
2019-04-08,12,APXMIDP ,491,49.11
2019-04-08,12,N2EXMIDP,0,0
2019-04-08,13,APXMIDP ,659.4,46.57
2019-04-08,13,N2EXMIDP,0,0
2019-04-08,14,APXMIDP ,811.6,45.01
2019-04-08,14,N2EXMIDP,0,0
2019-04-08,15,APXMIDP ,255.6,51.31
2019-04-08,15,N2EXMIDP,0,0
2019-04-08,16,APXMIDP ,297.5,57.78
2019-04-08,16,N2EXMIDP,0,0
2019-04-08,17,APXMIDP ,539.35,61.01
2019-04-08,17,N2EXMIDP,0,0
2019-04-08,18,APXMIDP ,464.8,61.53
2019-04-08,18,N2EXMIDP,0,0
2019-04-08,19,APXMIDP ,362,64.83
2019-04-08,19,N2EXMIDP,0,0
2019-04-08,20,APXMIDP ,657.25,66.15
2019-04-08,20,N2EXMIDP,0,0
2019-04-08,21,APXMIDP ,557,65.59
2019-04-08,21,N2EXMIDP,0,0
2019-04-08,22,APXMIDP ,707,64.56
2019-04-08,22,N2EXMIDP,0,0
2019-04-08,23,APXMIDP ,872.5,59.21
2019-04-08,23,N2EXMIDP,0,0
2019-04-08,24,APXMIDP ,762,57.59
2019-04-08,24,N2EXMIDP,0,0
2019-04-08,25,APXMIDP ,1043.45,55.86
2019-04-08,25,N2EXMIDP,0,0
2019-04-08,26,APXMIDP ,1143.3,53.94
2019-04-08,26,N2EXMIDP,0,0
2019-04-08,27,APXMIDP ,1111.6,46.81
2019-04-08,27,N2EXMIDP,0,0
2019-04-08,28,APXMIDP ,1074.05,46.16
2019-04-08,28,N2EXMIDP,0,0
2019-04-08,29,APXMIDP ,1336.8,44.07
2019-04-08,29,N2EXMIDP,0,0
2019-04-08,30,APXMIDP ,1319.25,44.03
2019-04-08,30,N2EXMIDP,0,0
2019-04-08,31,APXMIDP ,910.85,37.79
2019-04-08,31,N2EXMIDP,0,0
2019-04-08,32,APXMIDP ,837.2,38.16
2019-04-08,32,N2EXMIDP,0,0
2019-04-08,33,APXMIDP ,879.35,38.43
2019-04-08,33,N2EXMIDP,0,0
2019-04-08,34,APXMIDP ,1072.2,38.95
2019-04-08,34,N2EXMIDP,0,0
2019-04-08,35,APXMIDP ,763.35,48.22
2019-04-08,35,N2EXMIDP,0,0
2019-04-08,36,APXMIDP ,907.25,48.68
2019-04-08,36,N2EXMIDP,0,0
2019-04-08,37,APXMIDP ,840.9,48.34
2019-04-08,37,N2EXMIDP,0,0
2019-04-08,38,APXMIDP ,948.65,48.17
2019-04-08,38,N2EXMIDP,0,0
2019-04-08,39,APXMIDP ,490.55,47.49
2019-04-08,39,N2EXMIDP,0,0
2019-04-08,40,APXMIDP ,878.05,47.11
2019-04-08,40,N2EXMIDP,0,0
2019-04-08,41,APXMIDP ,1056.25,47.78
2019-04-08,41,N2EXMIDP,0,0
2019-04-08,42,APXMIDP ,1179.15,46.84
2019-04-08,42,N2EXMIDP,0,0
2019-04-08,43,APXMIDP ,1170.8,43.67
2019-04-08,43,N2EXMIDP,0,0
2019-04-08,44,APXMIDP ,1467.1,43.61
2019-04-08,44,N2EXMIDP,0,0
2019-04-08,45,APXMIDP ,1678.8,43.13
2019-04-08,45,N2EXMIDP,0,0
2019-04-08,46,APXMIDP ,2194.1,43.38
2019-04-08,46,N2EXMIDP,0,0
2019-04-08,47,APXMIDP ,283,42.66
2019-04-08,47,N2EXMIDP,0,0
2019-04-08,48,APXMIDP ,131,48.87
2019-04-08,48,N2EXMIDP,0,0
2019-04-09,1,APXMIDP ,49,45.5
2019-04-09,1,N2EXMIDP,0,0
2019-04-09,2,APXMIDP ,109.1,43.62
2019-04-09,2,N2EXMIDP,0,0
2019-04-09,3,APXMIDP ,147.5,45.21
2019-04-09,3,N2EXMIDP,0,0
2019-04-09,4,APXMIDP ,214.5,44.84
2019-04-09,4,N2EXMIDP,0,0
2019-04-09,5,APXMIDP ,282.4,44.84
2019-04-09,5,N2EXMIDP,0,0
2019-04-09,6,APXMIDP ,321.9,44.71
2019-04-09,6,N2EXMIDP,0,0
2019-04-09,7,APXMIDP ,248.6,45.3
2019-04-09,7,N2EXMIDP,0,0
2019-04-09,8,APXMIDP ,282.6,45.22
2019-04-09,8,N2EXMIDP,0,0
2019-04-09,9,APXMIDP ,420.65,43.2
2019-04-09,9,N2EXMIDP,0,0
2019-04-09,10,APXMIDP ,434.5,43.11
2019-04-09,10,N2EXMIDP,0,0
2019-04-09,11,APXMIDP ,295.1,45.37
2019-04-09,11,N2EXMIDP,0,0
2019-04-09,12,APXMIDP ,278.6,45.61
2019-04-09,12,N2EXMIDP,0,0
2019-04-09,13,APXMIDP ,521.7,45.67
2019-04-09,13,N2EXMIDP,0,0
2019-04-09,14,APXMIDP ,354.7,44.68
2019-04-09,14,N2EXMIDP,0,0
2019-04-09,15,APXMIDP ,99.55,48.93
2019-04-09,15,N2EXMIDP,0,0
2019-04-09,16,APXMIDP ,519.9,49.15
2019-04-09,16,N2EXMIDP,0,0
2019-04-09,17,APXMIDP ,488.65,48.44
2019-04-09,17,N2EXMIDP,0,0
2019-04-09,18,APXMIDP ,617.75,46.57
2019-04-09,18,N2EXMIDP,0,0
2019-04-09,19,APXMIDP ,639.9,49.07
2019-04-09,19,N2EXMIDP,0,0
2019-04-09,20,APXMIDP ,910.1,47.58
2019-04-09,20,N2EXMIDP,0,0
2019-04-09,21,APXMIDP ,967.3,46.52
2019-04-09,21,N2EXMIDP,0,0
2019-04-09,22,APXMIDP ,1401.55,43.18
2019-04-09,22,N2EXMIDP,0,0
2019-04-09,23,APXMIDP ,1052.75,40.6
2019-04-09,23,N2EXMIDP,0,0
2019-04-09,24,APXMIDP ,1027.35,40.03
2019-04-09,24,N2EXMIDP,0,0
2019-04-09,25,APXMIDP ,1245.15,40.42
2019-04-09,25,N2EXMIDP,0,0
2019-04-09,26,APXMIDP ,1779.65,39.47
2019-04-09,26,N2EXMIDP,0,0
2019-04-09,27,APXMIDP ,1494.35,40.18
2019-04-09,27,N2EXMIDP,0,0
2019-04-09,28,APXMIDP ,1898.1,41.17
2019-04-09,28,N2EXMIDP,0,0
2019-04-09,29,APXMIDP ,1796.05,41.51
2019-04-09,29,N2EXMIDP,0,0
2019-04-09,30,APXMIDP ,1950.55,41.37
2019-04-09,30,N2EXMIDP,0,0
2019-04-09,31,APXMIDP ,461.25,39.55
2019-04-09,31,N2EXMIDP,0,0
2019-04-09,32,APXMIDP ,499.75,40.09
2019-04-09,32,N2EXMIDP,0,0
2019-04-09,33,APXMIDP ,854.45,39.03
2019-04-09,33,N2EXMIDP,0,0
2019-04-09,34,APXMIDP ,997.4,41.09
2019-04-09,34,N2EXMIDP,0,0
2019-04-09,35,APXMIDP ,340.9,45.18
2019-04-09,35,N2EXMIDP,0,0
2019-04-09,36,APXMIDP ,404,45.84
2019-04-09,36,N2EXMIDP,0,0
2019-04-09,37,APXMIDP ,727.05,40.94
2019-04-09,37,N2EXMIDP,0,0
2019-04-09,38,APXMIDP ,1013.4,41.81
2019-04-09,38,N2EXMIDP,0,0
2019-04-09,39,APXMIDP ,1006.75,48.16
2019-04-09,39,N2EXMIDP,0,0
2019-04-09,40,APXMIDP ,1053.55,48.53
2019-04-09,40,N2EXMIDP,0,0
2019-04-09,41,APXMIDP ,1095.2,49.14
2019-04-09,41,N2EXMIDP,0,0
2019-04-09,42,APXMIDP ,1060.9,48.45
2019-04-09,42,N2EXMIDP,0,0
2019-04-09,43,APXMIDP ,838,47.56
2019-04-09,43,N2EXMIDP,0,0
2019-04-09,44,APXMIDP ,1064.85,46.39
2019-04-09,44,N2EXMIDP,0,0
2019-04-09,45,APXMIDP ,1172.9,44.78
2019-04-09,45,N2EXMIDP,0,0
2019-04-09,46,APXMIDP ,1540.7,45.86
2019-04-09,46,N2EXMIDP,0,0
2019-04-09,47,APXMIDP ,294.85,39.8
2019-04-09,47,N2EXMIDP,0,0
2019-04-09,48,APXMIDP ,193.35,37.96
2019-04-09,48,N2EXMIDP,0,0
2019-04-10,1,APXMIDP ,178.1,37.68
2019-04-10,1,N2EXMIDP,0,0
2019-04-10,2,APXMIDP ,233.2,37.69
2019-04-10,2,N2EXMIDP,0,0
2019-04-10,3,APXMIDP ,440.7,38.11
2019-04-10,3,N2EXMIDP,0,0
2019-04-10,4,APXMIDP ,486.05,38.24
2019-04-10,4,N2EXMIDP,0,0
2019-04-10,5,APXMIDP ,462.05,38.17
2019-04-10,5,N2EXMIDP,0,0
2019-04-10,6,APXMIDP ,472.55,38.17
2019-04-10,6,N2EXMIDP,0,0
2019-04-10,7,APXMIDP ,140.55,39.13
2019-04-10,7,N2EXMIDP,0,0
2019-04-10,8,APXMIDP ,181.05,39.66
2019-04-10,8,N2EXMIDP,0,0
2019-04-10,9,APXMIDP ,362.55,39.99
2019-04-10,9,N2EXMIDP,0,0
2019-04-10,10,APXMIDP ,322.4,38.84
2019-04-10,10,N2EXMIDP,0,0
2019-04-10,11,APXMIDP ,251.05,44.1
2019-04-10,11,N2EXMIDP,0,0
2019-04-10,12,APXMIDP ,384.55,44.55
2019-04-10,12,N2EXMIDP,0,0
2019-04-10,13,APXMIDP ,359.85,47.39
2019-04-10,13,N2EXMIDP,0,0
2019-04-10,14,APXMIDP ,746.85,43.25
2019-04-10,14,N2EXMIDP,0,0
2019-04-10,15,APXMIDP ,183.85,49.02
2019-04-10,15,N2EXMIDP,0,0
2019-04-10,16,APXMIDP ,603.1,52.54
2019-04-10,16,N2EXMIDP,0,0
2019-04-10,17,APXMIDP ,730.15,53.35
2019-04-10,17,N2EXMIDP,0,0
2019-04-10,18,APXMIDP ,905.5,54.24
2019-04-10,18,N2EXMIDP,0,0
2019-04-10,19,APXMIDP ,432,51.03
2019-04-10,19,N2EXMIDP,0,0
2019-04-10,20,APXMIDP ,860.25,53.18
2019-04-10,20,N2EXMIDP,0,0
2019-04-10,21,APXMIDP ,824.5,51.42
2019-04-10,21,N2EXMIDP,0,0
2019-04-10,22,APXMIDP ,805.35,50.38
2019-04-10,22,N2EXMIDP,0,0
2019-04-10,23,APXMIDP ,1039.5,42.28
2019-04-10,23,N2EXMIDP,0,0
2019-04-10,24,APXMIDP ,1380.85,45.9
2019-04-10,24,N2EXMIDP,0,0
2019-04-10,25,APXMIDP ,1653.65,45.05
2019-04-10,25,N2EXMIDP,0,0
2019-04-10,26,APXMIDP ,1971.15,43.93
2019-04-10,26,N2EXMIDP,0,0
2019-04-10,27,APXMIDP ,2356.4,42.64
2019-04-10,27,N2EXMIDP,0,0
2019-04-10,28,APXMIDP ,2592.9,42.14
2019-04-10,28,N2EXMIDP,0,0
2019-04-10,29,APXMIDP ,2789.4,41.97
2019-04-10,29,N2EXMIDP,0,0
2019-04-10,30,APXMIDP ,2849.9,41.69
2019-04-10,30,N2EXMIDP,0,0
2019-04-10,31,APXMIDP ,1062,42.92
2019-04-10,31,N2EXMIDP,0,0
2019-04-10,32,APXMIDP ,1228.6,41.88
2019-04-10,32,N2EXMIDP,0,0
2019-04-10,33,APXMIDP ,1496.6,40.76
2019-04-10,33,N2EXMIDP,0,0
2019-04-10,34,APXMIDP ,1548.15,41.41
2019-04-10,34,N2EXMIDP,0,0
2019-04-10,35,APXMIDP ,1173.95,42.51
2019-04-10,35,N2EXMIDP,0,0
2019-04-10,36,APXMIDP ,942.3,45.28
2019-04-10,36,N2EXMIDP,0,0
2019-04-10,37,APXMIDP ,1457.55,51.84
2019-04-10,37,N2EXMIDP,0,0
2019-04-10,38,APXMIDP ,1518.75,53.1
2019-04-10,38,N2EXMIDP,0,0
2019-04-10,39,APXMIDP ,549.95,62.8
2019-04-10,39,N2EXMIDP,0,0
2019-04-10,40,APXMIDP ,657.45,63.67
2019-04-10,40,N2EXMIDP,0,0
2019-04-10,41,APXMIDP ,933.35,65.2
2019-04-10,41,N2EXMIDP,0,0
2019-04-10,42,APXMIDP ,870.15,64.28
2019-04-10,42,N2EXMIDP,0,0
2019-04-10,43,APXMIDP ,947.6,63
2019-04-10,43,N2EXMIDP,0,0
2019-04-10,44,APXMIDP ,758.3,59.63
2019-04-10,44,N2EXMIDP,0,0
2019-04-10,45,APXMIDP ,771.95,58.74
2019-04-10,45,N2EXMIDP,0,0
2019-04-10,46,APXMIDP ,1068.05,55.14
2019-04-10,46,N2EXMIDP,0,0
2019-04-10,47,APXMIDP ,249.85,38.82
2019-04-10,47,N2EXMIDP,0,0
2019-04-10,48,APXMIDP ,400.5,38.27
2019-04-10,48,N2EXMIDP,0,0
2019-04-11,1,APXMIDP ,458,38.44
2019-04-11,1,N2EXMIDP,0,0
2019-04-11,2,APXMIDP ,593.7,37.95
2019-04-11,2,N2EXMIDP,0,0
2019-04-11,3,APXMIDP ,620.5,38.28
2019-04-11,3,N2EXMIDP,0,0
2019-04-11,4,APXMIDP ,599.35,38.5
2019-04-11,4,N2EXMIDP,0,0
2019-04-11,5,APXMIDP ,719.95,38.54
2019-04-11,5,N2EXMIDP,0,0
2019-04-11,6,APXMIDP ,710.85,38.58
2019-04-11,6,N2EXMIDP,0,0
2019-04-11,7,APXMIDP ,195.45,39.08
2019-04-11,7,N2EXMIDP,0,0
2019-04-11,8,APXMIDP ,480.15,36.82
2019-04-11,8,N2EXMIDP,0,0
2019-04-11,9,APXMIDP ,537.8,36.68
2019-04-11,9,N2EXMIDP,0,0
2019-04-11,10,APXMIDP ,488.2,36.54
2019-04-11,10,N2EXMIDP,0,0
2019-04-11,11,APXMIDP ,219.6,39.21
2019-04-11,11,N2EXMIDP,0,0
2019-04-11,12,APXMIDP ,316.6,41.34
2019-04-11,12,N2EXMIDP,0,0
2019-04-11,13,APXMIDP ,308.1,40.42
2019-04-11,13,N2EXMIDP,0,0
2019-04-11,14,APXMIDP ,522.1,38.01
2019-04-11,14,N2EXMIDP,0,0
2019-04-11,15,APXMIDP ,523.75,44.63
2019-04-11,15,N2EXMIDP,0,0
2019-04-11,16,APXMIDP ,477.6,43.87
2019-04-11,16,N2EXMIDP,0,0
2019-04-11,17,APXMIDP ,552.65,46.39
2019-04-11,17,N2EXMIDP,0,0
2019-04-11,18,APXMIDP ,668.35,45.55
2019-04-11,18,N2EXMIDP,0,0
2019-04-11,19,APXMIDP ,958.1,44.31
2019-04-11,19,N2EXMIDP,0,0
2019-04-11,20,APXMIDP ,1044.1,44.71
2019-04-11,20,N2EXMIDP,0,0
2019-04-11,21,APXMIDP ,1181.75,42
2019-04-11,21,N2EXMIDP,0,0
2019-04-11,22,APXMIDP ,1362.25,41.73
2019-04-11,22,N2EXMIDP,0,0
2019-04-11,23,APXMIDP ,1030,40.26
2019-04-11,23,N2EXMIDP,0,0
2019-04-11,24,APXMIDP ,1254.15,40.08
2019-04-11,24,N2EXMIDP,0,0
2019-04-11,25,APXMIDP ,1445.1,40.53
2019-04-11,25,N2EXMIDP,0,0
2019-04-11,26,APXMIDP ,1466.5,40.55
2019-04-11,26,N2EXMIDP,0,0
2019-04-11,27,APXMIDP ,1635.15,39.7
2019-04-11,27,N2EXMIDP,0,0
2019-04-11,28,APXMIDP ,1732.7,39.56
2019-04-11,28,N2EXMIDP,0,0
2019-04-11,29,APXMIDP ,1659.55,39.63
2019-04-11,29,N2EXMIDP,0,0
2019-04-11,30,APXMIDP ,1772.75,39.6
2019-04-11,30,N2EXMIDP,0,0
2019-04-11,31,APXMIDP ,1275.35,39.2
2019-04-11,31,N2EXMIDP,0,0
2019-04-11,32,APXMIDP ,1344.75,39.06
2019-04-11,32,N2EXMIDP,0,0
2019-04-11,33,APXMIDP ,1522,38.86
2019-04-11,33,N2EXMIDP,0,0
2019-04-11,34,APXMIDP ,1536.15,39.15
2019-04-11,34,N2EXMIDP,0,0
2019-04-11,35,APXMIDP ,1266.9,40.2
2019-04-11,35,N2EXMIDP,0,0
2019-04-11,36,APXMIDP ,1326.7,40.68
2019-04-11,36,N2EXMIDP,0,0
2019-04-11,37,APXMIDP ,912.05,41.82
2019-04-11,37,N2EXMIDP,0,0
2019-04-11,38,APXMIDP ,1171.5,42.86
2019-04-11,38,N2EXMIDP,0,0
2019-04-11,39,APXMIDP ,723.7,46.82
2019-04-11,39,N2EXMIDP,0,0
2019-04-11,40,APXMIDP ,1004.85,49.3
2019-04-11,40,N2EXMIDP,0,0
2019-04-11,41,APXMIDP ,1049.45,50.33
2019-04-11,41,N2EXMIDP,0,0
2019-04-11,42,APXMIDP ,1100.7,50.48
2019-04-11,42,N2EXMIDP,0,0
2019-04-11,43,APXMIDP ,1298.65,50.45
2019-04-11,43,N2EXMIDP,0,0
2019-04-11,44,APXMIDP ,903.65,46.37
2019-04-11,44,N2EXMIDP,0,0
2019-04-11,45,APXMIDP ,948.05,44.38
2019-04-11,45,N2EXMIDP,0,0
2019-04-11,46,APXMIDP ,1223.5,43.53
2019-04-11,46,N2EXMIDP,0,0
2019-04-11,47,APXMIDP ,219.7,40.98
2019-04-11,47,N2EXMIDP,0,0
2019-04-11,48,APXMIDP ,220.7,40.1
2019-04-11,48,N2EXMIDP,0,0
2019-04-12,1,APXMIDP ,104.9,38.21
2019-04-12,1,N2EXMIDP,0,0
2019-04-12,2,APXMIDP ,148,38.4
2019-04-12,2,N2EXMIDP,0,0
2019-04-12,3,APXMIDP ,412.65,38.93
2019-04-12,3,N2EXMIDP,0,0
2019-04-12,4,APXMIDP ,537.3,38.96
2019-04-12,4,N2EXMIDP,0,0
2019-04-12,5,APXMIDP ,711.2,37.64
2019-04-12,5,N2EXMIDP,0,0
2019-04-12,6,APXMIDP ,568.15,38.58
2019-04-12,6,N2EXMIDP,0,0
2019-04-12,7,APXMIDP ,475.55,38.44
2019-04-12,7,N2EXMIDP,0,0
2019-04-12,8,APXMIDP ,527.1,38.1
2019-04-12,8,N2EXMIDP,0,0
2019-04-12,9,APXMIDP ,667.8,38.3
2019-04-12,9,N2EXMIDP,0,0
2019-04-12,10,APXMIDP ,709.95,38.33
2019-04-12,10,N2EXMIDP,0,0
2019-04-12,11,APXMIDP ,230.65,43.92
2019-04-12,11,N2EXMIDP,0,0
2019-04-12,12,APXMIDP ,250.4,44.96
2019-04-12,12,N2EXMIDP,0,0
2019-04-12,13,APXMIDP ,608.7,46.68
2019-04-12,13,N2EXMIDP,0,0
2019-04-12,14,APXMIDP ,1011.35,43.96
2019-04-12,14,N2EXMIDP,0,0
2019-04-12,15,APXMIDP ,571.2,47.36
2019-04-12,15,N2EXMIDP,0,0
2019-04-12,16,APXMIDP ,483.5,53.95
2019-04-12,16,N2EXMIDP,0,0
2019-04-12,17,APXMIDP ,569.75,55.76
2019-04-12,17,N2EXMIDP,0,0
2019-04-12,18,APXMIDP ,771,57.89
2019-04-12,18,N2EXMIDP,0,0
2019-04-12,19,APXMIDP ,555.15,52.74
2019-04-12,19,N2EXMIDP,0,0
2019-04-12,20,APXMIDP ,915.9,47.16
2019-04-12,20,N2EXMIDP,0,0
2019-04-12,21,APXMIDP ,932.6,44.88
2019-04-12,21,N2EXMIDP,0,0
2019-04-12,22,APXMIDP ,949.55,44.42
2019-04-12,22,N2EXMIDP,0,0
2019-04-12,23,APXMIDP ,1119.05,39.76
2019-04-12,23,N2EXMIDP,0,0
2019-04-12,24,APXMIDP ,1352.85,39.26
2019-04-12,24,N2EXMIDP,0,0
2019-04-12,25,APXMIDP ,1517.95,38.99
2019-04-12,25,N2EXMIDP,0,0
2019-04-12,26,APXMIDP ,1753.05,38.74
2019-04-12,26,N2EXMIDP,0,0
2019-04-12,27,APXMIDP ,1339.05,39.15
2019-04-12,27,N2EXMIDP,0,0
2019-04-12,28,APXMIDP ,1587.75,39.33
2019-04-12,28,N2EXMIDP,0,0
2019-04-12,29,APXMIDP ,1656.05,39.25
2019-04-12,29,N2EXMIDP,0,0
2019-04-12,30,APXMIDP ,1798.55,39.35
2019-04-12,30,N2EXMIDP,0,0
2019-04-12,31,APXMIDP ,1216.35,40.93
2019-04-12,31,N2EXMIDP,0,0
2019-04-12,32,APXMIDP ,1373.3,40.95
2019-04-12,32,N2EXMIDP,0,0
2019-04-12,33,APXMIDP ,1394.8,41.61
2019-04-12,33,N2EXMIDP,0,0
2019-04-12,34,APXMIDP ,1510.45,42.29
2019-04-12,34,N2EXMIDP,0,0
2019-04-12,35,APXMIDP ,1059.35,44.76
2019-04-12,35,N2EXMIDP,0,0
2019-04-12,36,APXMIDP ,1091.35,44.69
2019-04-12,36,N2EXMIDP,0,0
2019-04-12,37,APXMIDP ,1187.75,43.76
2019-04-12,37,N2EXMIDP,0,0
2019-04-12,38,APXMIDP ,1370.6,44.4
2019-04-12,38,N2EXMIDP,0,0
2019-04-12,39,APXMIDP ,1016.5,47.98
2019-04-12,39,N2EXMIDP,0,0
2019-04-12,40,APXMIDP ,1145.2,48.49
2019-04-12,40,N2EXMIDP,0,0
2019-04-12,41,APXMIDP ,1149.75,49.03
2019-04-12,41,N2EXMIDP,0,0
2019-04-12,42,APXMIDP ,1233.9,49.2
2019-04-12,42,N2EXMIDP,0,0
2019-04-12,43,APXMIDP ,1222,48.3
2019-04-12,43,N2EXMIDP,0,0
2019-04-12,44,APXMIDP ,1151.2,47.61
2019-04-12,44,N2EXMIDP,0,0
2019-04-12,45,APXMIDP ,1296.9,45.94
2019-04-12,45,N2EXMIDP,0,0
2019-04-12,46,APXMIDP ,1544,44.31
2019-04-12,46,N2EXMIDP,0,0
2019-04-12,47,APXMIDP ,342.25,41.29
2019-04-12,47,N2EXMIDP,0,0
2019-04-12,48,APXMIDP ,215.75,40.93
2019-04-12,48,N2EXMIDP,0,0
2019-04-13,1,APXMIDP ,199.9,49.42
2019-04-13,1,N2EXMIDP,0,0
2019-04-13,2,APXMIDP ,136.15,39.49
2019-04-13,2,N2EXMIDP,0,0
2019-04-13,3,APXMIDP ,85.6,38.98
2019-04-13,3,N2EXMIDP,0,0
2019-04-13,4,APXMIDP ,249.6,41.06
2019-04-13,4,N2EXMIDP,0,0
2019-04-13,5,APXMIDP ,314.6,42.02
2019-04-13,5,N2EXMIDP,0,0
2019-04-13,6,APXMIDP ,338.65,42.67
2019-04-13,6,N2EXMIDP,0,0
2019-04-13,7,APXMIDP ,201.15,43.12
2019-04-13,7,N2EXMIDP,0,0
2019-04-13,8,APXMIDP ,231.4,41.11
2019-04-13,8,N2EXMIDP,0,0
2019-04-13,9,APXMIDP ,293.05,40.52
2019-04-13,9,N2EXMIDP,0,0
2019-04-13,10,APXMIDP ,227.3,40.7
2019-04-13,10,N2EXMIDP,0,0
2019-04-13,11,APXMIDP ,95.6,40.55
2019-04-13,11,N2EXMIDP,0,0
2019-04-13,12,APXMIDP ,150.15,40.82
2019-04-13,12,N2EXMIDP,0,0
2019-04-13,13,APXMIDP ,401.45,42.26
2019-04-13,13,N2EXMIDP,0,0
2019-04-13,14,APXMIDP ,425.8,41.58
2019-04-13,14,N2EXMIDP,0,0
2019-04-13,15,APXMIDP ,180.8,47.47
2019-04-13,15,N2EXMIDP,0,0
2019-04-13,16,APXMIDP ,213.35,49.24
2019-04-13,16,N2EXMIDP,0,0
2019-04-13,17,APXMIDP ,386.35,51.16
2019-04-13,17,N2EXMIDP,0,0
2019-04-13,18,APXMIDP ,466.85,52.31
2019-04-13,18,N2EXMIDP,0,0
2019-04-13,19,APXMIDP ,379,50.25
2019-04-13,19,N2EXMIDP,0,0
2019-04-13,20,APXMIDP ,799,44.52
2019-04-13,20,N2EXMIDP,0,0
2019-04-13,21,APXMIDP ,1149.4,41.93
2019-04-13,21,N2EXMIDP,0,0
2019-04-13,22,APXMIDP ,1569.1,40.01
2019-04-13,22,N2EXMIDP,0,0
2019-04-13,23,APXMIDP ,1236.45,37.91
2019-04-13,23,N2EXMIDP,0,0
2019-04-13,24,APXMIDP ,1436.3,38.17
2019-04-13,24,N2EXMIDP,0,0
2019-04-13,25,APXMIDP ,1648.8,38.72
2019-04-13,25,N2EXMIDP,0,0
2019-04-13,26,APXMIDP ,1788.45,39.09
2019-04-13,26,N2EXMIDP,0,0
2019-04-13,27,APXMIDP ,1527.95,38.33
2019-04-13,27,N2EXMIDP,0,0
2019-04-13,28,APXMIDP ,1564.4,38.52
2019-04-13,28,N2EXMIDP,0,0
2019-04-13,29,APXMIDP ,1691.7,38.77
2019-04-13,29,N2EXMIDP,0,0
2019-04-13,30,APXMIDP ,1692.7,38.74
2019-04-13,30,N2EXMIDP,0,0
2019-04-13,31,APXMIDP ,923.15,39.61
2019-04-13,31,N2EXMIDP,0,0
2019-04-13,32,APXMIDP ,1048.9,39.62
2019-04-13,32,N2EXMIDP,0,0
2019-04-13,33,APXMIDP ,1140.9,39.54
2019-04-13,33,N2EXMIDP,0,0
2019-04-13,34,APXMIDP ,1138.5,40.19
2019-04-13,34,N2EXMIDP,0,0
2019-04-13,35,APXMIDP ,869.25,42.82
2019-04-13,35,N2EXMIDP,0,0
2019-04-13,36,APXMIDP ,1094.45,43.21
2019-04-13,36,N2EXMIDP,0,0
2019-04-13,37,APXMIDP ,689.65,43.39
2019-04-13,37,N2EXMIDP,0,0
2019-04-13,38,APXMIDP ,952.05,44.82
2019-04-13,38,N2EXMIDP,0,0
2019-04-13,39,APXMIDP ,422.05,48.8
2019-04-13,39,N2EXMIDP,0,0
2019-04-13,40,APXMIDP ,560.95,49.29
2019-04-13,40,N2EXMIDP,0,0
2019-04-13,41,APXMIDP ,645.9,49.64
2019-04-13,41,N2EXMIDP,0,0
2019-04-13,42,APXMIDP ,831.65,48.7
2019-04-13,42,N2EXMIDP,0,0
2019-04-13,43,APXMIDP ,628.3,47.51
2019-04-13,43,N2EXMIDP,0,0
2019-04-13,44,APXMIDP ,980.85,46.95
2019-04-13,44,N2EXMIDP,0,0
2019-04-13,45,APXMIDP ,855.75,46.35
2019-04-13,45,N2EXMIDP,0,0
2019-04-13,46,APXMIDP ,1041.45,45
2019-04-13,46,N2EXMIDP,0,0
2019-04-13,47,APXMIDP ,438,43.32
2019-04-13,47,N2EXMIDP,0,0
2019-04-13,48,APXMIDP ,262,43.49
2019-04-13,48,N2EXMIDP,0,0
2019-04-14,1,APXMIDP ,200.35,40.59
2019-04-14,1,N2EXMIDP,0,0
2019-04-14,2,APXMIDP ,164.5,40.14
2019-04-14,2,N2EXMIDP,0,0
2019-04-14,3,APXMIDP ,201.05,39.34
2019-04-14,3,N2EXMIDP,0,0
2019-04-14,4,APXMIDP ,231.55,37.92
2019-04-14,4,N2EXMIDP,0,0
2019-04-14,5,APXMIDP ,273.65,35.29
2019-04-14,5,N2EXMIDP,0,0
2019-04-14,6,APXMIDP ,390.3,33.52
2019-04-14,6,N2EXMIDP,0,0
2019-04-14,7,APXMIDP ,421,36.29
2019-04-14,7,N2EXMIDP,0,0
2019-04-14,8,APXMIDP ,503.5,36.41
2019-04-14,8,N2EXMIDP,0,0
2019-04-14,9,APXMIDP ,480.5,37.27
2019-04-14,9,N2EXMIDP,0,0
2019-04-14,10,APXMIDP ,521.2,36.73
2019-04-14,10,N2EXMIDP,0,0
2019-04-14,11,APXMIDP ,232.5,37.24
2019-04-14,11,N2EXMIDP,0,0
2019-04-14,12,APXMIDP ,323,39.44
2019-04-14,12,N2EXMIDP,0,0
2019-04-14,13,APXMIDP ,453.5,40.13
2019-04-14,13,N2EXMIDP,0,0
2019-04-14,14,APXMIDP ,514.75,38.84
2019-04-14,14,N2EXMIDP,0,0
2019-04-14,15,APXMIDP ,375,40.36
2019-04-14,15,N2EXMIDP,0,0
2019-04-14,16,APXMIDP ,678.2,39.12
2019-04-14,16,N2EXMIDP,0,0
2019-04-14,17,APXMIDP ,694.3,39.1
2019-04-14,17,N2EXMIDP,0,0
2019-04-14,18,APXMIDP ,618.5,39.81
2019-04-14,18,N2EXMIDP,0,0
2019-04-14,19,APXMIDP ,566.5,40.73
2019-04-14,19,N2EXMIDP,0,0
2019-04-14,20,APXMIDP ,623.05,40.58
2019-04-14,20,N2EXMIDP,0,0
2019-04-14,21,APXMIDP ,916.5,38.84
2019-04-14,21,N2EXMIDP,0,0
2019-04-14,22,APXMIDP ,919.25,39.41
2019-04-14,22,N2EXMIDP,0,0
2019-04-14,23,APXMIDP ,769.95,38.55
2019-04-14,23,N2EXMIDP,0,0
2019-04-14,24,APXMIDP ,882.9,38.5
2019-04-14,24,N2EXMIDP,0,0
2019-04-14,25,APXMIDP ,1145.95,38.3
2019-04-14,25,N2EXMIDP,0,0
2019-04-14,26,APXMIDP ,1232.3,37.66
2019-04-14,26,N2EXMIDP,0,0
2019-04-14,27,APXMIDP ,1286.55,38.14
2019-04-14,27,N2EXMIDP,0,0
2019-04-14,28,APXMIDP ,1428.9,38.03
2019-04-14,28,N2EXMIDP,0,0
2019-04-14,29,APXMIDP ,1467.9,38.1
2019-04-14,29,N2EXMIDP,0,0
2019-04-14,30,APXMIDP ,1725.5,38.42
2019-04-14,30,N2EXMIDP,0,0
2019-04-14,31,APXMIDP ,914.35,40.48
2019-04-14,31,N2EXMIDP,0,0
2019-04-14,32,APXMIDP ,1185.1,40.7
2019-04-14,32,N2EXMIDP,0,0
2019-04-14,33,APXMIDP ,1163.9,42.06
2019-04-14,33,N2EXMIDP,0,0
2019-04-14,34,APXMIDP ,1306.65,43.28
2019-04-14,34,N2EXMIDP,0,0
2019-04-14,35,APXMIDP ,273.1,48.32
2019-04-14,35,N2EXMIDP,0,0
2019-04-14,36,APXMIDP ,388.35,49.5
2019-04-14,36,N2EXMIDP,0,0
2019-04-14,37,APXMIDP ,645.5,46.42
2019-04-14,37,N2EXMIDP,0,0
2019-04-14,38,APXMIDP ,630,46.79
2019-04-14,38,N2EXMIDP,0,0
2019-04-14,39,APXMIDP ,227.95,51.88
2019-04-14,39,N2EXMIDP,0,0
2019-04-14,40,APXMIDP ,559.45,47.98
2019-04-14,40,N2EXMIDP,0,0
2019-04-14,41,APXMIDP ,596.3,51.24
2019-04-14,41,N2EXMIDP,0,0
2019-04-14,42,APXMIDP ,667.95,51.09
2019-04-14,42,N2EXMIDP,0,0
2019-04-14,43,APXMIDP ,820.2,48.24
2019-04-14,43,N2EXMIDP,0,0
2019-04-14,44,APXMIDP ,949.25,46.75
2019-04-14,44,N2EXMIDP,0,0
2019-04-14,45,APXMIDP ,955.5,47
2019-04-14,45,N2EXMIDP,0,0
2019-04-14,46,APXMIDP ,1179.55,45.86
2019-04-14,46,N2EXMIDP,0,0
2019-04-14,47,APXMIDP ,152.95,43.88
2019-04-14,47,N2EXMIDP,0,0
2019-04-14,48,APXMIDP ,152.5,38.71
2019-04-14,48,N2EXMIDP,0,0
2019-04-15,1,APXMIDP ,125.05,38.08
2019-04-15,1,N2EXMIDP,0,0
2019-04-15,2,APXMIDP ,263.8,32.79
2019-04-15,2,N2EXMIDP,0,0
2019-04-15,3,APXMIDP ,442,31.85
2019-04-15,3,N2EXMIDP,0,0
2019-04-15,4,APXMIDP ,412.5,32.28
2019-04-15,4,N2EXMIDP,0,0
2019-04-15,5,APXMIDP ,386.5,32.23
2019-04-15,5,N2EXMIDP,0,0
2019-04-15,6,APXMIDP ,623.85,31.07
2019-04-15,6,N2EXMIDP,0,0
2019-04-15,7,APXMIDP ,671.6,33.85
2019-04-15,7,N2EXMIDP,0,0
2019-04-15,8,APXMIDP ,734.2,33.54
2019-04-15,8,N2EXMIDP,0,0
2019-04-15,9,APXMIDP ,623.6,33.85
2019-04-15,9,N2EXMIDP,0,0
2019-04-15,10,APXMIDP ,627.95,33.75
2019-04-15,10,N2EXMIDP,0,0
2019-04-15,11,APXMIDP ,332.65,40.82
2019-04-15,11,N2EXMIDP,0,0
2019-04-15,12,APXMIDP ,420.7,42.53
2019-04-15,12,N2EXMIDP,0,0
2019-04-15,13,APXMIDP ,818.8,48.31
2019-04-15,13,N2EXMIDP,0,0
2019-04-15,14,APXMIDP ,1141.9,43.19
2019-04-15,14,N2EXMIDP,0,0
2019-04-15,15,APXMIDP ,796.75,46.35
2019-04-15,15,N2EXMIDP,0,0
2019-04-15,16,APXMIDP ,734.65,47.59
2019-04-15,16,N2EXMIDP,0,0
2019-04-15,17,APXMIDP ,886.65,49.85
2019-04-15,17,N2EXMIDP,0,0
2019-04-15,18,APXMIDP ,814.15,48.61
2019-04-15,18,N2EXMIDP,0,0
2019-04-15,19,APXMIDP ,811.15,46.42
2019-04-15,19,N2EXMIDP,0,0
2019-04-15,20,APXMIDP ,1575.4,44.06
2019-04-15,20,N2EXMIDP,0,0
2019-04-15,21,APXMIDP ,1536.5,43.4
2019-04-15,21,N2EXMIDP,0,0
2019-04-15,22,APXMIDP ,1635.3,42.56
2019-04-15,22,N2EXMIDP,0,0
2019-04-15,23,APXMIDP ,1113.4,38.34
2019-04-15,23,N2EXMIDP,0,0
2019-04-15,24,APXMIDP ,1405,37.59
2019-04-15,24,N2EXMIDP,0,0
2019-04-15,25,APXMIDP ,1486.1,37.28
2019-04-15,25,N2EXMIDP,0,0
2019-04-15,26,APXMIDP ,1400.55,37.45
2019-04-15,26,N2EXMIDP,0,0
2019-04-15,27,APXMIDP ,1684.7,35.82
2019-04-15,27,N2EXMIDP,0,0
2019-04-15,28,APXMIDP ,1646.65,35.74
2019-04-15,28,N2EXMIDP,0,0
2019-04-15,29,APXMIDP ,1921.55,34.98
2019-04-15,29,N2EXMIDP,0,0
2019-04-15,30,APXMIDP ,2025.05,34.13
2019-04-15,30,N2EXMIDP,0,0
2019-04-15,31,APXMIDP ,1825.7,35
2019-04-15,31,N2EXMIDP,0,0
2019-04-15,32,APXMIDP ,1795.4,35.36
2019-04-15,32,N2EXMIDP,0,0
2019-04-15,33,APXMIDP ,1932.9,35.53
2019-04-15,33,N2EXMIDP,0,0
2019-04-15,34,APXMIDP ,1914.4,36.55
2019-04-15,34,N2EXMIDP,0,0
2019-04-15,35,APXMIDP ,1661.25,40.32
2019-04-15,35,N2EXMIDP,0,0
2019-04-15,36,APXMIDP ,1565.9,40.47
2019-04-15,36,N2EXMIDP,0,0
2019-04-15,37,APXMIDP ,1613.7,40.79
2019-04-15,37,N2EXMIDP,0,0
2019-04-15,38,APXMIDP ,1624.55,41.54
2019-04-15,38,N2EXMIDP,0,0
2019-04-15,39,APXMIDP ,1390.7,49.64
2019-04-15,39,N2EXMIDP,0,0
2019-04-15,40,APXMIDP ,1607.05,49.85
2019-04-15,40,N2EXMIDP,0,0
2019-04-15,41,APXMIDP ,1662.85,49.97
2019-04-15,41,N2EXMIDP,0,0
2019-04-15,42,APXMIDP ,1820.2,49.85
2019-04-15,42,N2EXMIDP,0,0
2019-04-15,43,APXMIDP ,1909.35,49.54
2019-04-15,43,N2EXMIDP,0,0
2019-04-15,44,APXMIDP ,1772.4,47.67
2019-04-15,44,N2EXMIDP,0,0
2019-04-15,45,APXMIDP ,1887.85,45.75
2019-04-15,45,N2EXMIDP,0,0
2019-04-15,46,APXMIDP ,2213.4,44.24
2019-04-15,46,N2EXMIDP,0,0
2019-04-15,47,APXMIDP ,244.5,39.28
2019-04-15,47,N2EXMIDP,0,0
2019-04-15,48,APXMIDP ,181,35.28
2019-04-15,48,N2EXMIDP,0,0
2019-04-16,1,APXMIDP ,312.5,36.71
2019-04-16,1,N2EXMIDP,0,0
2019-04-16,2,APXMIDP ,296.3,36.11
2019-04-16,2,N2EXMIDP,0,0
2019-04-16,3,APXMIDP ,237.5,35.8
2019-04-16,3,N2EXMIDP,0,0
2019-04-16,4,APXMIDP ,240.5,35.91
2019-04-16,4,N2EXMIDP,0,0
2019-04-16,5,APXMIDP ,267.5,36.79
2019-04-16,5,N2EXMIDP,0,0
2019-04-16,6,APXMIDP ,386.55,38.84
2019-04-16,6,N2EXMIDP,0,0
2019-04-16,7,APXMIDP ,365.65,45.51
2019-04-16,7,N2EXMIDP,0,0
2019-04-16,8,APXMIDP ,326.2,46.33
2019-04-16,8,N2EXMIDP,0,0
2019-04-16,9,APXMIDP ,484.55,47.26
2019-04-16,9,N2EXMIDP,0,0
2019-04-16,10,APXMIDP ,514.85,47.34
2019-04-16,10,N2EXMIDP,0,0
2019-04-16,11,APXMIDP ,554.2,48.96
2019-04-16,11,N2EXMIDP,0,0
2019-04-16,12,APXMIDP ,721.15,49.37
2019-04-16,12,N2EXMIDP,0,0
2019-04-16,13,APXMIDP ,659,52.22
2019-04-16,13,N2EXMIDP,0,0
2019-04-16,14,APXMIDP ,998.25,48.38
2019-04-16,14,N2EXMIDP,0,0
2019-04-16,15,APXMIDP ,231,55.85
2019-04-16,15,N2EXMIDP,0,0
2019-04-16,16,APXMIDP ,962.4,63.05
2019-04-16,16,N2EXMIDP,0,0
2019-04-16,17,APXMIDP ,1064.6,61.66
2019-04-16,17,N2EXMIDP,0,0
2019-04-16,18,APXMIDP ,1008.05,60.78
2019-04-16,18,N2EXMIDP,0,0
2019-04-16,19,APXMIDP ,819.55,55.94
2019-04-16,19,N2EXMIDP,0,0
2019-04-16,20,APXMIDP ,907.85,55.89
2019-04-16,20,N2EXMIDP,0,0
2019-04-16,21,APXMIDP ,1010.65,55.59
2019-04-16,21,N2EXMIDP,0,0
2019-04-16,22,APXMIDP ,1065.15,55.71
2019-04-16,22,N2EXMIDP,0,0
2019-04-16,23,APXMIDP ,505,46.06
2019-04-16,23,N2EXMIDP,0,0
2019-04-16,24,APXMIDP ,837.5,45.4
2019-04-16,24,N2EXMIDP,0,0
2019-04-16,25,APXMIDP ,1011.5,45.34
2019-04-16,25,N2EXMIDP,0,0
2019-04-16,26,APXMIDP ,999,45.33
2019-04-16,26,N2EXMIDP,0,0
2019-04-16,27,APXMIDP ,948,43.42
2019-04-16,27,N2EXMIDP,0,0
2019-04-16,28,APXMIDP ,1057.5,43.2
2019-04-16,28,N2EXMIDP,0,0
2019-04-16,29,APXMIDP ,1354.7,42.06
2019-04-16,29,N2EXMIDP,0,0
2019-04-16,30,APXMIDP ,1657.45,41.52
2019-04-16,30,N2EXMIDP,0,0
2019-04-16,31,APXMIDP ,1198.95,47.24
2019-04-16,31,N2EXMIDP,0,0
2019-04-16,32,APXMIDP ,1264.3,47.46
2019-04-16,32,N2EXMIDP,0,0
2019-04-16,33,APXMIDP ,1224.25,48.98
2019-04-16,33,N2EXMIDP,0,0
2019-04-16,34,APXMIDP ,1550.2,50.45
2019-04-16,34,N2EXMIDP,0,0
2019-04-16,35,APXMIDP ,1387.85,53.64
2019-04-16,35,N2EXMIDP,0,0
2019-04-16,36,APXMIDP ,1388.5,55.32
2019-04-16,36,N2EXMIDP,0,0
2019-04-16,37,APXMIDP ,1625.85,56.21
2019-04-16,37,N2EXMIDP,0,0
2019-04-16,38,APXMIDP ,1829.65,57.05
2019-04-16,38,N2EXMIDP,0,0
2019-04-16,39,APXMIDP ,1023.45,57.26
2019-04-16,39,N2EXMIDP,0,0
2019-04-16,40,APXMIDP ,1173.95,56.94
2019-04-16,40,N2EXMIDP,0,0
2019-04-16,41,APXMIDP ,1315.85,55.25
2019-04-16,41,N2EXMIDP,0,0
2019-04-16,42,APXMIDP ,1385.15,54.4
2019-04-16,42,N2EXMIDP,0,0
2019-04-16,43,APXMIDP ,561.25,51.47
2019-04-16,43,N2EXMIDP,0,0
2019-04-16,44,APXMIDP ,924.9,48.86
2019-04-16,44,N2EXMIDP,0,0
2019-04-16,45,APXMIDP ,851.75,48.17
2019-04-16,45,N2EXMIDP,0,0
2019-04-16,46,APXMIDP ,1027.85,47.64
2019-04-16,46,N2EXMIDP,0,0
2019-04-16,47,APXMIDP ,556.4,45.24
2019-04-16,47,N2EXMIDP,0,0
2019-04-16,48,APXMIDP ,345.65,45.09
2019-04-16,48,N2EXMIDP,0,0
2019-04-17,1,APXMIDP ,242.55,38.67
2019-04-17,1,N2EXMIDP,0,0
2019-04-17,2,APXMIDP ,248,37.66
2019-04-17,2,N2EXMIDP,0,0
2019-04-17,3,APXMIDP ,206.75,38.1
2019-04-17,3,N2EXMIDP,0,0
2019-04-17,4,APXMIDP ,348.85,38.45
2019-04-17,4,N2EXMIDP,0,0
2019-04-17,5,APXMIDP ,413.9,38.55
2019-04-17,5,N2EXMIDP,0,0
2019-04-17,6,APXMIDP ,404,37.36
2019-04-17,6,N2EXMIDP,0,0
2019-04-17,7,APXMIDP ,493.95,38.2
2019-04-17,7,N2EXMIDP,0,0
2019-04-17,8,APXMIDP ,420.3,37.89
2019-04-17,8,N2EXMIDP,0,0
2019-04-17,9,APXMIDP ,632.5,38.78
2019-04-17,9,N2EXMIDP,0,0
2019-04-17,10,APXMIDP ,615.95,35.85
2019-04-17,10,N2EXMIDP,0,0
2019-04-17,11,APXMIDP ,456.9,41.56
2019-04-17,11,N2EXMIDP,0,0
2019-04-17,12,APXMIDP ,463.5,41.08
2019-04-17,12,N2EXMIDP,0,0
2019-04-17,13,APXMIDP ,498.65,42.13
2019-04-17,13,N2EXMIDP,0,0
2019-04-17,14,APXMIDP ,727.95,43
2019-04-17,14,N2EXMIDP,0,0
2019-04-17,15,APXMIDP ,217.45,45.38
2019-04-17,15,N2EXMIDP,0,0
2019-04-17,16,APXMIDP ,506.2,56.79
2019-04-17,16,N2EXMIDP,0,0
2019-04-17,17,APXMIDP ,753.75,62.16
2019-04-17,17,N2EXMIDP,0,0
2019-04-17,18,APXMIDP ,890.75,63.07
2019-04-17,18,N2EXMIDP,0,0
2019-04-17,19,APXMIDP ,979.55,60.49
2019-04-17,19,N2EXMIDP,0,0
2019-04-17,20,APXMIDP ,1265.1,61.84
2019-04-17,20,N2EXMIDP,0,0
2019-04-17,21,APXMIDP ,1108.05,59.43
2019-04-17,21,N2EXMIDP,0,0
2019-04-17,22,APXMIDP ,1147.05,58.82
2019-04-17,22,N2EXMIDP,0,0
2019-04-17,23,APXMIDP ,803,39.58
2019-04-17,23,N2EXMIDP,0,0
2019-04-17,24,APXMIDP ,1263.5,39.08
2019-04-17,24,N2EXMIDP,0,0
2019-04-17,25,APXMIDP ,1313.5,39.11
2019-04-17,25,N2EXMIDP,0,0
2019-04-17,26,APXMIDP ,1531.9,39.06
2019-04-17,26,N2EXMIDP,0,0
2019-04-17,27,APXMIDP ,1533.5,38.13
2019-04-17,27,N2EXMIDP,0,0
2019-04-17,28,APXMIDP ,1865,39.17
2019-04-17,28,N2EXMIDP,0,0
2019-04-17,29,APXMIDP ,2051.95,39.6
2019-04-17,29,N2EXMIDP,0,0
2019-04-17,30,APXMIDP ,2204.95,38.9
2019-04-17,30,N2EXMIDP,0,0
2019-04-17,31,APXMIDP ,683.75,44.92
2019-04-17,31,N2EXMIDP,0,0
2019-04-17,32,APXMIDP ,775.25,44.94
2019-04-17,32,N2EXMIDP,0,0
2019-04-17,33,APXMIDP ,797.75,45.22
2019-04-17,33,N2EXMIDP,0,0
2019-04-17,34,APXMIDP ,932.85,46.22
2019-04-17,34,N2EXMIDP,0,0
2019-04-17,35,APXMIDP ,1218.85,56.86
2019-04-17,35,N2EXMIDP,0,0
2019-04-17,36,APXMIDP ,960.6,56.76
2019-04-17,36,N2EXMIDP,0,0
2019-04-17,37,APXMIDP ,1089.6,57.27
2019-04-17,37,N2EXMIDP,0,0
2019-04-17,38,APXMIDP ,1235.7,58.75
2019-04-17,38,N2EXMIDP,0,0
2019-04-17,39,APXMIDP ,711.5,60.7
2019-04-17,39,N2EXMIDP,0,0
2019-04-17,40,APXMIDP ,899,60.77
2019-04-17,40,N2EXMIDP,0,0
2019-04-17,41,APXMIDP ,943,60.28
2019-04-17,41,N2EXMIDP,0,0
2019-04-17,42,APXMIDP ,1113.35,60.7
2019-04-17,42,N2EXMIDP,0,0
2019-04-17,43,APXMIDP ,812.5,51.98
2019-04-17,43,N2EXMIDP,0,0
2019-04-17,44,APXMIDP ,972.6,48.88
2019-04-17,44,N2EXMIDP,0,0
2019-04-17,45,APXMIDP ,1132.5,43.56
2019-04-17,45,N2EXMIDP,0,0
2019-04-17,46,APXMIDP ,1440.15,44.22
2019-04-17,46,N2EXMIDP,0,0
2019-04-17,47,APXMIDP ,152.55,41.49
2019-04-17,47,N2EXMIDP,0,0
2019-04-17,48,APXMIDP ,249.55,46.19
2019-04-17,48,N2EXMIDP,0,0
2019-04-18,1,APXMIDP ,565,41.81
2019-04-18,1,N2EXMIDP,0,0
2019-04-18,2,APXMIDP ,372.55,42.01
2019-04-18,2,N2EXMIDP,0,0
2019-04-18,3,APXMIDP ,286.35,35.35
2019-04-18,3,N2EXMIDP,0,0
2019-04-18,4,APXMIDP ,379,35.72
2019-04-18,4,N2EXMIDP,0,0
2019-04-18,5,APXMIDP ,398.35,35.49
2019-04-18,5,N2EXMIDP,0,0
2019-04-18,6,APXMIDP ,399.85,35.63
2019-04-18,6,N2EXMIDP,0,0
2019-04-18,7,APXMIDP ,472.6,37.66
2019-04-18,7,N2EXMIDP,0,0
2019-04-18,8,APXMIDP ,425.8,35.81
2019-04-18,8,N2EXMIDP,0,0
2019-04-18,9,APXMIDP ,410.7,36.28
2019-04-18,9,N2EXMIDP,0,0
2019-04-18,10,APXMIDP ,500.15,36.45
2019-04-18,10,N2EXMIDP,0,0
2019-04-18,11,APXMIDP ,736.7,47.22
2019-04-18,11,N2EXMIDP,0,0
2019-04-18,12,APXMIDP ,886.05,46.6
2019-04-18,12,N2EXMIDP,0,0
2019-04-18,13,APXMIDP ,759,47.56
2019-04-18,13,N2EXMIDP,0,0
2019-04-18,14,APXMIDP ,1085.7,51.09
2019-04-18,14,N2EXMIDP,0,0
2019-04-18,15,APXMIDP ,1863.85,59.05
2019-04-18,15,N2EXMIDP,0,0
2019-04-18,16,APXMIDP ,1745.25,63.97
2019-04-18,16,N2EXMIDP,0,0
2019-04-18,17,APXMIDP ,1711.8,65.69
2019-04-18,17,N2EXMIDP,0,0
2019-04-18,18,APXMIDP ,1547.2,64.77
2019-04-18,18,N2EXMIDP,0,0
2019-04-18,19,APXMIDP ,1909.4,62.72
2019-04-18,19,N2EXMIDP,0,0
2019-04-18,20,APXMIDP ,1902.6,57.66
2019-04-18,20,N2EXMIDP,0,0
2019-04-18,21,APXMIDP ,1818.15,50.22
2019-04-18,21,N2EXMIDP,0,0
2019-04-18,22,APXMIDP ,1615.25,48.89
2019-04-18,22,N2EXMIDP,0,0
2019-04-18,23,APXMIDP ,1298.05,39.65
2019-04-18,23,N2EXMIDP,0,0
2019-04-18,24,APXMIDP ,1415.05,40.79
2019-04-18,24,N2EXMIDP,0,0
2019-04-18,25,APXMIDP ,1378.9,40.04
2019-04-18,25,N2EXMIDP,0,0
2019-04-18,26,APXMIDP ,1160.95,38.88
2019-04-18,26,N2EXMIDP,0,0
2019-04-18,27,APXMIDP ,1397.55,37.35
2019-04-18,27,N2EXMIDP,0,0
2019-04-18,28,APXMIDP ,1553.65,36.91
2019-04-18,28,N2EXMIDP,0,0
2019-04-18,29,APXMIDP ,1667.45,38.3
2019-04-18,29,N2EXMIDP,0,0
2019-04-18,30,APXMIDP ,2152.6,32.92
2019-04-18,30,N2EXMIDP,0,0
2019-04-18,31,APXMIDP ,1584.5,36.6
2019-04-18,31,N2EXMIDP,0,0
2019-04-18,32,APXMIDP ,1635,39.66
2019-04-18,32,N2EXMIDP,0,0
2019-04-18,33,APXMIDP ,2039.1,40.73
2019-04-18,33,N2EXMIDP,0,0
2019-04-18,34,APXMIDP ,1726.9,42.92
2019-04-18,34,N2EXMIDP,0,0
2019-04-18,35,APXMIDP ,1356.45,53.37
2019-04-18,35,N2EXMIDP,0,0
2019-04-18,36,APXMIDP ,1670.5,56.57
2019-04-18,36,N2EXMIDP,0,0
2019-04-18,37,APXMIDP ,1863.4,58.27
2019-04-18,37,N2EXMIDP,0,0
2019-04-18,38,APXMIDP ,1852.2,58.48
2019-04-18,38,N2EXMIDP,0,0
2019-04-18,39,APXMIDP ,1580.4,61.3
2019-04-18,39,N2EXMIDP,0,0
2019-04-18,40,APXMIDP ,1708.75,62.1
2019-04-18,40,N2EXMIDP,0,0
2019-04-18,41,APXMIDP ,1566.65,61.43
2019-04-18,41,N2EXMIDP,0,0
2019-04-18,42,APXMIDP ,1612.8,61.94
2019-04-18,42,N2EXMIDP,0,0
2019-04-18,43,APXMIDP ,1705.4,61.69
2019-04-18,43,N2EXMIDP,0,0
2019-04-18,44,APXMIDP ,1547.75,54.54
2019-04-18,44,N2EXMIDP,0,0
2019-04-18,45,APXMIDP ,1801.8,49.28
2019-04-18,45,N2EXMIDP,0,0
2019-04-18,46,APXMIDP ,1806.5,48.44
2019-04-18,46,N2EXMIDP,0,0
2019-04-18,47,APXMIDP ,759.35,42.87
2019-04-18,47,N2EXMIDP,0,0
2019-04-18,48,APXMIDP ,546.35,39.55
2019-04-18,48,N2EXMIDP,0,0
2019-04-19,1,APXMIDP ,605.7,48.11
2019-04-19,1,N2EXMIDP,0,0
2019-04-19,2,APXMIDP ,523.85,45.3
2019-04-19,2,N2EXMIDP,0,0
2019-04-19,3,APXMIDP ,341.45,40.18
2019-04-19,3,N2EXMIDP,0,0
2019-04-19,4,APXMIDP ,323.5,40.59
2019-04-19,4,N2EXMIDP,0,0
2019-04-19,5,APXMIDP ,318.65,40.09
2019-04-19,5,N2EXMIDP,0,0
2019-04-19,6,APXMIDP ,334.75,39.68
2019-04-19,6,N2EXMIDP,0,0
2019-04-19,7,APXMIDP ,485.65,35.19
2019-04-19,7,N2EXMIDP,0,0
2019-04-19,8,APXMIDP ,445.4,34.57
2019-04-19,8,N2EXMIDP,0,0
2019-04-19,9,APXMIDP ,488.4,33.91
2019-04-19,9,N2EXMIDP,0,0
2019-04-19,10,APXMIDP ,429.75,34.93
2019-04-19,10,N2EXMIDP,0,0
2019-04-19,11,APXMIDP ,692.7,34.6
2019-04-19,11,N2EXMIDP,0,0
2019-04-19,12,APXMIDP ,547.35,33.75
2019-04-19,12,N2EXMIDP,0,0
2019-04-19,13,APXMIDP ,678.7,41.55
2019-04-19,13,N2EXMIDP,0,0
2019-04-19,14,APXMIDP ,939.85,39.87
2019-04-19,14,N2EXMIDP,0,0
2019-04-19,15,APXMIDP ,819.25,41.64
2019-04-19,15,N2EXMIDP,0,0
2019-04-19,16,APXMIDP ,799.65,45.24
2019-04-19,16,N2EXMIDP,0,0
2019-04-19,17,APXMIDP ,964.05,56.06
2019-04-19,17,N2EXMIDP,0,0
2019-04-19,18,APXMIDP ,993.05,56.75
2019-04-19,18,N2EXMIDP,0,0
2019-04-19,19,APXMIDP ,1262.45,58.16
2019-04-19,19,N2EXMIDP,0,0
2019-04-19,20,APXMIDP ,1789.1,57.85
2019-04-19,20,N2EXMIDP,0,0
2019-04-19,21,APXMIDP ,1474.1,50.94
2019-04-19,21,N2EXMIDP,0,0
2019-04-19,22,APXMIDP ,1402.45,47.74
2019-04-19,22,N2EXMIDP,0,0
2019-04-19,23,APXMIDP ,1277.4,36.12
2019-04-19,23,N2EXMIDP,0,0
2019-04-19,24,APXMIDP ,1463.4,34.83
2019-04-19,24,N2EXMIDP,0,0
2019-04-19,25,APXMIDP ,1671.1,34.96
2019-04-19,25,N2EXMIDP,0,0
2019-04-19,26,APXMIDP ,1785.25,35.12
2019-04-19,26,N2EXMIDP,0,0
2019-04-19,27,APXMIDP ,2535.6,37.77
2019-04-19,27,N2EXMIDP,0,0
2019-04-19,28,APXMIDP ,2491.05,37.11
2019-04-19,28,N2EXMIDP,0,0
2019-04-19,29,APXMIDP ,2605.25,36.5
2019-04-19,29,N2EXMIDP,0,0
2019-04-19,30,APXMIDP ,2657.7,35.75
2019-04-19,30,N2EXMIDP,0,0
2019-04-19,31,APXMIDP ,915.05,36.93
2019-04-19,31,N2EXMIDP,0,0
2019-04-19,32,APXMIDP ,1042.05,35.55
2019-04-19,32,N2EXMIDP,0,0
2019-04-19,33,APXMIDP ,1106.9,36.9
2019-04-19,33,N2EXMIDP,0,0
2019-04-19,34,APXMIDP ,1268.25,44.64
2019-04-19,34,N2EXMIDP,0,0
2019-04-19,35,APXMIDP ,1403.95,46
2019-04-19,35,N2EXMIDP,0,0
2019-04-19,36,APXMIDP ,1176.6,47.89
2019-04-19,36,N2EXMIDP,0,0
2019-04-19,37,APXMIDP ,1457.5,49.29
2019-04-19,37,N2EXMIDP,0,0
2019-04-19,38,APXMIDP ,1477.85,51.07
2019-04-19,38,N2EXMIDP,0,0
2019-04-19,39,APXMIDP ,1405.3,58.31
2019-04-19,39,N2EXMIDP,0,0
2019-04-19,40,APXMIDP ,1345.35,58.95
2019-04-19,40,N2EXMIDP,0,0
2019-04-19,41,APXMIDP ,1303.8,59.15
2019-04-19,41,N2EXMIDP,0,0
2019-04-19,42,APXMIDP ,1111.35,60.99
2019-04-19,42,N2EXMIDP,0,0
2019-04-19,43,APXMIDP ,1194,61.79
2019-04-19,43,N2EXMIDP,0,0
2019-04-19,44,APXMIDP ,1062.8,60.33
2019-04-19,44,N2EXMIDP,0,0
2019-04-19,45,APXMIDP ,1064.55,56.49
2019-04-19,45,N2EXMIDP,0,0
2019-04-19,46,APXMIDP ,807.35,54.15
2019-04-19,46,N2EXMIDP,0,0
2019-04-19,47,APXMIDP ,691.65,46.25
2019-04-19,47,N2EXMIDP,0,0
2019-04-19,48,APXMIDP ,312.6,49.49
2019-04-19,48,N2EXMIDP,0,0
2019-04-20,1,APXMIDP ,271.25,42.27
2019-04-20,1,N2EXMIDP,0,0
2019-04-20,2,APXMIDP ,259.85,45.96
2019-04-20,2,N2EXMIDP,0,0
2019-04-20,3,APXMIDP ,260.35,42.45
2019-04-20,3,N2EXMIDP,0,0
2019-04-20,4,APXMIDP ,280.85,43.33
2019-04-20,4,N2EXMIDP,0,0
2019-04-20,5,APXMIDP ,254.55,42.12
2019-04-20,5,N2EXMIDP,0,0
2019-04-20,6,APXMIDP ,249,40.48
2019-04-20,6,N2EXMIDP,0,0
2019-04-20,7,APXMIDP ,243.9,39.96
2019-04-20,7,N2EXMIDP,0,0
2019-04-20,8,APXMIDP ,242.45,38.69
2019-04-20,8,N2EXMIDP,0,0
2019-04-20,9,APXMIDP ,400.4,38.46
2019-04-20,9,N2EXMIDP,0,0
2019-04-20,10,APXMIDP ,375.6,37.41
2019-04-20,10,N2EXMIDP,0,0
2019-04-20,11,APXMIDP ,254.35,39.89
2019-04-20,11,N2EXMIDP,0,0
2019-04-20,12,APXMIDP ,303.85,38.79
2019-04-20,12,N2EXMIDP,0,0
2019-04-20,13,APXMIDP ,367.85,36.96
2019-04-20,13,N2EXMIDP,0,0
2019-04-20,14,APXMIDP ,503.9,33.86
2019-04-20,14,N2EXMIDP,0,0
2019-04-20,15,APXMIDP ,552.4,35.85
2019-04-20,15,N2EXMIDP,0,0
2019-04-20,16,APXMIDP ,414.85,36.86
2019-04-20,16,N2EXMIDP,0,0
2019-04-20,17,APXMIDP ,399.15,43.38
2019-04-20,17,N2EXMIDP,0,0
2019-04-20,18,APXMIDP ,567.3,43.2
2019-04-20,18,N2EXMIDP,0,0
2019-04-20,19,APXMIDP ,928.05,46.99
2019-04-20,19,N2EXMIDP,0,0
2019-04-20,20,APXMIDP ,879.2,46.03
2019-04-20,20,N2EXMIDP,0,0
2019-04-20,21,APXMIDP ,692.05,44.91
2019-04-20,21,N2EXMIDP,0,0
2019-04-20,22,APXMIDP ,877.7,44.72
2019-04-20,22,N2EXMIDP,0,0
2019-04-20,23,APXMIDP ,769.25,35.36
2019-04-20,23,N2EXMIDP,0,0
2019-04-20,24,APXMIDP ,802.85,33.93
2019-04-20,24,N2EXMIDP,0,0
2019-04-20,25,APXMIDP ,809.8,35.61
2019-04-20,25,N2EXMIDP,0,0
2019-04-20,26,APXMIDP ,832.85,34.65
2019-04-20,26,N2EXMIDP,0,0
2019-04-20,27,APXMIDP ,1067.55,34.86
2019-04-20,27,N2EXMIDP,0,0
2019-04-20,28,APXMIDP ,1164.6,34.99
2019-04-20,28,N2EXMIDP,0,0
2019-04-20,29,APXMIDP ,1248.75,33.72
2019-04-20,29,N2EXMIDP,0,0
2019-04-20,30,APXMIDP ,1315.1,33.7
2019-04-20,30,N2EXMIDP,0,0
2019-04-20,31,APXMIDP ,625.5,35.25
2019-04-20,31,N2EXMIDP,0,0
2019-04-20,32,APXMIDP ,749,36.2
2019-04-20,32,N2EXMIDP,0,0
2019-04-20,33,APXMIDP ,878.3,36.46
2019-04-20,33,N2EXMIDP,0,0
2019-04-20,34,APXMIDP ,890,36.38
2019-04-20,34,N2EXMIDP,0,0
2019-04-20,35,APXMIDP ,984,42.25
2019-04-20,35,N2EXMIDP,0,0
2019-04-20,36,APXMIDP ,753.95,49.99
2019-04-20,36,N2EXMIDP,0,0
2019-04-20,37,APXMIDP ,870.1,55.15
2019-04-20,37,N2EXMIDP,0,0
2019-04-20,38,APXMIDP ,1217.4,58.29
2019-04-20,38,N2EXMIDP,0,0
2019-04-20,39,APXMIDP ,874.6,62.49
2019-04-20,39,N2EXMIDP,0,0
2019-04-20,40,APXMIDP ,917.45,62.48
2019-04-20,40,N2EXMIDP,0,0
2019-04-20,41,APXMIDP ,824.4,63.81
2019-04-20,41,N2EXMIDP,0,0
2019-04-20,42,APXMIDP ,910.55,64
2019-04-20,42,N2EXMIDP,0,0
2019-04-20,43,APXMIDP ,1047.55,62.69
2019-04-20,43,N2EXMIDP,0,0
2019-04-20,44,APXMIDP ,873.3,59.23
2019-04-20,44,N2EXMIDP,0,0
2019-04-20,45,APXMIDP ,771.4,55.2
2019-04-20,45,N2EXMIDP,0,0
2019-04-20,46,APXMIDP ,791.3,51.84
2019-04-20,46,N2EXMIDP,0,0
2019-04-20,47,APXMIDP ,779,46.39
2019-04-20,47,N2EXMIDP,0,0
2019-04-20,48,APXMIDP ,666.25,45.35
2019-04-20,48,N2EXMIDP,0,0
2019-04-21,1,APXMIDP ,601.85,38.69
2019-04-21,1,N2EXMIDP,0,0
2019-04-21,2,APXMIDP ,409.7,40.14
2019-04-21,2,N2EXMIDP,0,0
2019-04-21,3,APXMIDP ,461.45,38.27
2019-04-21,3,N2EXMIDP,0,0
2019-04-21,4,APXMIDP ,479.5,38.26
2019-04-21,4,N2EXMIDP,0,0
2019-04-21,5,APXMIDP ,507.7,37.71
2019-04-21,5,N2EXMIDP,0,0
2019-04-21,6,APXMIDP ,580.7,37.76
2019-04-21,6,N2EXMIDP,0,0
2019-04-21,7,APXMIDP ,404.05,34.91
2019-04-21,7,N2EXMIDP,0,0
2019-04-21,8,APXMIDP ,465.95,34.63
2019-04-21,8,N2EXMIDP,0,0
2019-04-21,9,APXMIDP ,425.5,34.64
2019-04-21,9,N2EXMIDP,0,0
2019-04-21,10,APXMIDP ,411,34.69
2019-04-21,10,N2EXMIDP,0,0
2019-04-21,11,APXMIDP ,414.4,34.84
2019-04-21,11,N2EXMIDP,0,0
2019-04-21,12,APXMIDP ,327.45,35.32
2019-04-21,12,N2EXMIDP,0,0
2019-04-21,13,APXMIDP ,423.1,34.5
2019-04-21,13,N2EXMIDP,0,0
2019-04-21,14,APXMIDP ,435,34.47
2019-04-21,14,N2EXMIDP,0,0
2019-04-21,15,APXMIDP ,410.55,39.69
2019-04-21,15,N2EXMIDP,0,0
2019-04-21,16,APXMIDP ,535.45,37.79
2019-04-21,16,N2EXMIDP,0,0
2019-04-21,17,APXMIDP ,537.7,40.82
2019-04-21,17,N2EXMIDP,0,0
2019-04-21,18,APXMIDP ,722.85,47.37
2019-04-21,18,N2EXMIDP,0,0
2019-04-21,19,APXMIDP ,873.4,48.76
2019-04-21,19,N2EXMIDP,0,0
2019-04-21,20,APXMIDP ,939.2,48.98
2019-04-21,20,N2EXMIDP,0,0
2019-04-21,21,APXMIDP ,868.3,49.61
2019-04-21,21,N2EXMIDP,0,0
2019-04-21,22,APXMIDP ,969.45,45.46
2019-04-21,22,N2EXMIDP,0,0
2019-04-21,23,APXMIDP ,1055.05,34.65
2019-04-21,23,N2EXMIDP,0,0
2019-04-21,24,APXMIDP ,928.8,33.78
2019-04-21,24,N2EXMIDP,0,0
2019-04-21,25,APXMIDP ,1021.85,33.43
2019-04-21,25,N2EXMIDP,0,0
2019-04-21,26,APXMIDP ,1095.9,32.92
2019-04-21,26,N2EXMIDP,0,0
2019-04-21,27,APXMIDP ,1626.95,31.47
2019-04-21,27,N2EXMIDP,0,0
2019-04-21,28,APXMIDP ,1502.05,30.26
2019-04-21,28,N2EXMIDP,0,0
2019-04-21,29,APXMIDP ,1611.75,28.01
2019-04-21,29,N2EXMIDP,0,0
2019-04-21,30,APXMIDP ,1540.1,28.42
2019-04-21,30,N2EXMIDP,0,0
2019-04-21,31,APXMIDP ,1293.85,25.57
2019-04-21,31,N2EXMIDP,0,0
2019-04-21,32,APXMIDP ,1304.15,25.63
2019-04-21,32,N2EXMIDP,0,0
2019-04-21,33,APXMIDP ,1151.1,26.47
2019-04-21,33,N2EXMIDP,0,0
2019-04-21,34,APXMIDP ,1407.5,27.48
2019-04-21,34,N2EXMIDP,0,0
2019-04-21,35,APXMIDP ,994.55,32.71
2019-04-21,35,N2EXMIDP,0,0
2019-04-21,36,APXMIDP ,1251.7,34.49
2019-04-21,36,N2EXMIDP,0,0
2019-04-21,37,APXMIDP ,1176,34.29
2019-04-21,37,N2EXMIDP,0,0
2019-04-21,38,APXMIDP ,936,35.54
2019-04-21,38,N2EXMIDP,0,0
2019-04-21,39,APXMIDP ,1029.65,41.69
2019-04-21,39,N2EXMIDP,0,0
2019-04-21,40,APXMIDP ,1125.2,43.11
2019-04-21,40,N2EXMIDP,0,0
2019-04-21,41,APXMIDP ,1109.8,46.57
2019-04-21,41,N2EXMIDP,0,0
2019-04-21,42,APXMIDP ,1262.25,48.32
2019-04-21,42,N2EXMIDP,0,0
2019-04-21,43,APXMIDP ,1059.85,50.48
2019-04-21,43,N2EXMIDP,0,0
2019-04-21,44,APXMIDP ,749.9,49.27
2019-04-21,44,N2EXMIDP,0,0
2019-04-21,45,APXMIDP ,702.8,45.02
2019-04-21,45,N2EXMIDP,0,0
2019-04-21,46,APXMIDP ,896.4,42.2
2019-04-21,46,N2EXMIDP,0,0
2019-04-21,47,APXMIDP ,554.3,40.78
2019-04-21,47,N2EXMIDP,0,0
2019-04-21,48,APXMIDP ,271.15,41.64
2019-04-21,48,N2EXMIDP,0,0
2019-04-22,1,APXMIDP ,301.5,37.62
2019-04-22,1,N2EXMIDP,0,0
2019-04-22,2,APXMIDP ,237.65,35.35
2019-04-22,2,N2EXMIDP,0,0
2019-04-22,3,APXMIDP ,316.8,33.34
2019-04-22,3,N2EXMIDP,0,0
2019-04-22,4,APXMIDP ,356.8,32.87
2019-04-22,4,N2EXMIDP,0,0
2019-04-22,5,APXMIDP ,366.3,33.56
2019-04-22,5,N2EXMIDP,0,0
2019-04-22,6,APXMIDP ,336.35,32.49
2019-04-22,6,N2EXMIDP,0,0
2019-04-22,7,APXMIDP ,404.2,30.8
2019-04-22,7,N2EXMIDP,0,0
2019-04-22,8,APXMIDP ,515.2,30.11
2019-04-22,8,N2EXMIDP,0,0
2019-04-22,9,APXMIDP ,515.45,33.46
2019-04-22,9,N2EXMIDP,0,0
2019-04-22,10,APXMIDP ,518.55,32.58
2019-04-22,10,N2EXMIDP,0,0
2019-04-22,11,APXMIDP ,364.85,34.01
2019-04-22,11,N2EXMIDP,0,0
2019-04-22,12,APXMIDP ,424.5,36.29
2019-04-22,12,N2EXMIDP,0,0
2019-04-22,13,APXMIDP ,439.4,37.67
2019-04-22,13,N2EXMIDP,0,0
2019-04-22,14,APXMIDP ,605.7,38.49
2019-04-22,14,N2EXMIDP,0,0
2019-04-22,15,APXMIDP ,635.9,40.56
2019-04-22,15,N2EXMIDP,0,0
2019-04-22,16,APXMIDP ,688.7,40.74
2019-04-22,16,N2EXMIDP,0,0
2019-04-22,17,APXMIDP ,456.55,43.75
2019-04-22,17,N2EXMIDP,0,0
2019-04-22,18,APXMIDP ,563.9,46.6
2019-04-22,18,N2EXMIDP,0,0
2019-04-22,19,APXMIDP ,709.75,48.05
2019-04-22,19,N2EXMIDP,0,0
2019-04-22,20,APXMIDP ,708.45,45.84
2019-04-22,20,N2EXMIDP,0,0
2019-04-22,21,APXMIDP ,646.55,43.89
2019-04-22,21,N2EXMIDP,0,0
2019-04-22,22,APXMIDP ,803.05,38.62
2019-04-22,22,N2EXMIDP,0,0
2019-04-22,23,APXMIDP ,1196.25,26.39
2019-04-22,23,N2EXMIDP,0,0
2019-04-22,24,APXMIDP ,1249.3,27.45
2019-04-22,24,N2EXMIDP,0,0
2019-04-22,25,APXMIDP ,1162.25,27.68
2019-04-22,25,N2EXMIDP,0,0
2019-04-22,26,APXMIDP ,1205.7,26.02
2019-04-22,26,N2EXMIDP,0,0
2019-04-22,27,APXMIDP ,1449.9,23.46
2019-04-22,27,N2EXMIDP,0,0
2019-04-22,28,APXMIDP ,1508.3,23.03
2019-04-22,28,N2EXMIDP,0,0
2019-04-22,29,APXMIDP ,1457.25,23.3
2019-04-22,29,N2EXMIDP,0,0
2019-04-22,30,APXMIDP ,1528.05,23.51
2019-04-22,30,N2EXMIDP,0,0
2019-04-22,31,APXMIDP ,1204.6,30
2019-04-22,31,N2EXMIDP,0,0
2019-04-22,32,APXMIDP ,1343.1,31.85
2019-04-22,32,N2EXMIDP,0,0
2019-04-22,33,APXMIDP ,1342.1,35.54
2019-04-22,33,N2EXMIDP,0,0
2019-04-22,34,APXMIDP ,1627.55,38.85
2019-04-22,34,N2EXMIDP,0,0
2019-04-22,35,APXMIDP ,1404.35,41.46
2019-04-22,35,N2EXMIDP,0,0
2019-04-22,36,APXMIDP ,1277.35,46.13
2019-04-22,36,N2EXMIDP,0,0
2019-04-22,37,APXMIDP ,1458.5,49.39
2019-04-22,37,N2EXMIDP,0,0
2019-04-22,38,APXMIDP ,1599.05,53.34
2019-04-22,38,N2EXMIDP,0,0
2019-04-22,39,APXMIDP ,1303.95,53.97
2019-04-22,39,N2EXMIDP,0,0
2019-04-22,40,APXMIDP ,1269.25,53.8
2019-04-22,40,N2EXMIDP,0,0
2019-04-22,41,APXMIDP ,1219.5,54.83
2019-04-22,41,N2EXMIDP,0,0
2019-04-22,42,APXMIDP ,1085.4,54.4
2019-04-22,42,N2EXMIDP,0,0
2019-04-22,43,APXMIDP ,1189.1,55.38
2019-04-22,43,N2EXMIDP,0,0
2019-04-22,44,APXMIDP ,980.95,53.16
2019-04-22,44,N2EXMIDP,0,0
2019-04-22,45,APXMIDP ,1022.35,48.83
2019-04-22,45,N2EXMIDP,0,0
2019-04-22,46,APXMIDP ,1100.45,44.42
2019-04-22,46,N2EXMIDP,0,0
2019-04-22,47,APXMIDP ,560.45,31.22
2019-04-22,47,N2EXMIDP,0,0
2019-04-22,48,APXMIDP ,596.8,31.05
2019-04-22,48,N2EXMIDP,0,0
2019-04-23,1,APXMIDP ,534.65,31.58
2019-04-23,1,N2EXMIDP,0,0
2019-04-23,2,APXMIDP ,444.35,30.97
2019-04-23,2,N2EXMIDP,0,0
2019-04-23,3,APXMIDP ,468.35,30.42
2019-04-23,3,N2EXMIDP,0,0
2019-04-23,4,APXMIDP ,640.85,32.29
2019-04-23,4,N2EXMIDP,0,0
2019-04-23,5,APXMIDP ,554.7,30.86
2019-04-23,5,N2EXMIDP,0,0
2019-04-23,6,APXMIDP ,539.85,29.72
2019-04-23,6,N2EXMIDP,0,0
2019-04-23,7,APXMIDP ,416.15,32.57
2019-04-23,7,N2EXMIDP,0,0
2019-04-23,8,APXMIDP ,409.55,31.25
2019-04-23,8,N2EXMIDP,0,0
2019-04-23,9,APXMIDP ,541.9,29.19
2019-04-23,9,N2EXMIDP,0,0
2019-04-23,10,APXMIDP ,516.2,30.11
2019-04-23,10,N2EXMIDP,0,0
2019-04-23,11,APXMIDP ,339.35,30.44
2019-04-23,11,N2EXMIDP,0,0
2019-04-23,12,APXMIDP ,402.5,30.33
2019-04-23,12,N2EXMIDP,0,0
2019-04-23,13,APXMIDP ,505.75,31.84
2019-04-23,13,N2EXMIDP,0,0
2019-04-23,14,APXMIDP ,896.9,31.87
2019-04-23,14,N2EXMIDP,0,0
2019-04-23,15,APXMIDP ,937.5,42.24
2019-04-23,15,N2EXMIDP,0,0
2019-04-23,16,APXMIDP ,926.65,45.37
2019-04-23,16,N2EXMIDP,0,0
2019-04-23,17,APXMIDP ,1011.6,50
2019-04-23,17,N2EXMIDP,0,0
2019-04-23,18,APXMIDP ,1144.7,50.99
2019-04-23,18,N2EXMIDP,0,0
2019-04-23,19,APXMIDP ,1137.4,52.1
2019-04-23,19,N2EXMIDP,0,0
2019-04-23,20,APXMIDP ,1255.95,50.12
2019-04-23,20,N2EXMIDP,0,0
2019-04-23,21,APXMIDP ,1384.05,49.52
2019-04-23,21,N2EXMIDP,0,0
2019-04-23,22,APXMIDP ,1124.6,45.11
2019-04-23,22,N2EXMIDP,0,0
2019-04-23,23,APXMIDP ,1373.75,38.16
2019-04-23,23,N2EXMIDP,0,0
2019-04-23,24,APXMIDP ,1624.7,37.98
2019-04-23,24,N2EXMIDP,0,0
2019-04-23,25,APXMIDP ,1781.7,37.08
2019-04-23,25,N2EXMIDP,0,0
2019-04-23,26,APXMIDP ,1531.3,35.91
2019-04-23,26,N2EXMIDP,0,0
2019-04-23,27,APXMIDP ,1950.55,33.48
2019-04-23,27,N2EXMIDP,0,0
2019-04-23,28,APXMIDP ,1698.7,33.11
2019-04-23,28,N2EXMIDP,0,0
2019-04-23,29,APXMIDP ,1771.6,33.09
2019-04-23,29,N2EXMIDP,0,0
2019-04-23,30,APXMIDP ,1882.4,34.31
2019-04-23,30,N2EXMIDP,0,0
2019-04-23,31,APXMIDP ,1224.6,36.6
2019-04-23,31,N2EXMIDP,0,0
2019-04-23,32,APXMIDP ,1445.95,37.11
2019-04-23,32,N2EXMIDP,0,0
2019-04-23,33,APXMIDP ,1559.5,38.8
2019-04-23,33,N2EXMIDP,0,0
2019-04-23,34,APXMIDP ,1462.9,40.13
2019-04-23,34,N2EXMIDP,0,0
2019-04-23,35,APXMIDP ,1360.25,43.37
2019-04-23,35,N2EXMIDP,0,0
2019-04-23,36,APXMIDP ,1386.45,43.47
2019-04-23,36,N2EXMIDP,0,0
2019-04-23,37,APXMIDP ,1755.9,44.36
2019-04-23,37,N2EXMIDP,0,0
2019-04-23,38,APXMIDP ,1753.65,42.39
2019-04-23,38,N2EXMIDP,0,0
2019-04-23,39,APXMIDP ,1292.95,44.43
2019-04-23,39,N2EXMIDP,0,0
2019-04-23,40,APXMIDP ,1076.65,43.75
2019-04-23,40,N2EXMIDP,0,0
2019-04-23,41,APXMIDP ,1179.7,44.57
2019-04-23,41,N2EXMIDP,0,0
2019-04-23,42,APXMIDP ,1229.05,44.56
2019-04-23,42,N2EXMIDP,0,0
2019-04-23,43,APXMIDP ,1078.35,44.51
2019-04-23,43,N2EXMIDP,0,0
2019-04-23,44,APXMIDP ,1148.6,38.25
2019-04-23,44,N2EXMIDP,0,0
2019-04-23,45,APXMIDP ,1271.2,34.85
2019-04-23,45,N2EXMIDP,0,0
2019-04-23,46,APXMIDP ,1649.35,34.16
2019-04-23,46,N2EXMIDP,0,0
2019-04-23,47,APXMIDP ,731.6,34.19
2019-04-23,47,N2EXMIDP,0,0
2019-04-23,48,APXMIDP ,515.1,37.72
2019-04-23,48,N2EXMIDP,0,0
2019-04-24,1,APXMIDP ,379.5,40.36
2019-04-24,1,N2EXMIDP,0,0
2019-04-24,2,APXMIDP ,439,40.06
2019-04-24,2,N2EXMIDP,0,0
2019-04-24,3,APXMIDP ,499.5,41.17
2019-04-24,3,N2EXMIDP,0,0
2019-04-24,4,APXMIDP ,465.85,41.13
2019-04-24,4,N2EXMIDP,0,0
2019-04-24,5,APXMIDP ,596.8,42.02
2019-04-24,5,N2EXMIDP,0,0
2019-04-24,6,APXMIDP ,531.55,40.45
2019-04-24,6,N2EXMIDP,0,0
2019-04-24,7,APXMIDP ,642.9,36.68
2019-04-24,7,N2EXMIDP,0,0
2019-04-24,8,APXMIDP ,679.15,36.83
2019-04-24,8,N2EXMIDP,0,0
2019-04-24,9,APXMIDP ,695.6,35.39
2019-04-24,9,N2EXMIDP,0,0
2019-04-24,10,APXMIDP ,718.95,35.31
2019-04-24,10,N2EXMIDP,0,0
2019-04-24,11,APXMIDP ,526,40.51
2019-04-24,11,N2EXMIDP,0,0
2019-04-24,12,APXMIDP ,605.9,42.48
2019-04-24,12,N2EXMIDP,0,0
2019-04-24,13,APXMIDP ,824.2,42.39
2019-04-24,13,N2EXMIDP,0,0
2019-04-24,14,APXMIDP ,1056.7,38
2019-04-24,14,N2EXMIDP,0,0
2019-04-24,15,APXMIDP ,853.55,43.85
2019-04-24,15,N2EXMIDP,0,0
2019-04-24,16,APXMIDP ,1057.45,51.17
2019-04-24,16,N2EXMIDP,0,0
2019-04-24,17,APXMIDP ,1023.2,53.74
2019-04-24,17,N2EXMIDP,0,0
2019-04-24,18,APXMIDP ,961,52.78
2019-04-24,18,N2EXMIDP,0,0
2019-04-24,19,APXMIDP ,1379.1,56.51
2019-04-24,19,N2EXMIDP,0,0
2019-04-24,20,APXMIDP ,1338.05,55.94
2019-04-24,20,N2EXMIDP,0,0
2019-04-24,21,APXMIDP ,1446.95,54.54
2019-04-24,21,N2EXMIDP,0,0
2019-04-24,22,APXMIDP ,1368.3,52.88
2019-04-24,22,N2EXMIDP,0,0
2019-04-24,23,APXMIDP ,1695.95,47.28
2019-04-24,23,N2EXMIDP,0,0
2019-04-24,24,APXMIDP ,1444.3,45.99
2019-04-24,24,N2EXMIDP,0,0
2019-04-24,25,APXMIDP ,1643.85,45.84
2019-04-24,25,N2EXMIDP,0,0
2019-04-24,26,APXMIDP ,1554.25,45.72
2019-04-24,26,N2EXMIDP,0,0
2019-04-24,27,APXMIDP ,1889.6,41.71
2019-04-24,27,N2EXMIDP,0,0
2019-04-24,28,APXMIDP ,1897.4,40.63
2019-04-24,28,N2EXMIDP,0,0
2019-04-24,29,APXMIDP ,2045.25,39.54
2019-04-24,29,N2EXMIDP,0,0
2019-04-24,30,APXMIDP ,2465,36.97
2019-04-24,30,N2EXMIDP,0,0
2019-04-24,31,APXMIDP ,1969,41.36
2019-04-24,31,N2EXMIDP,0,0
2019-04-24,32,APXMIDP ,1975.6,40.87
2019-04-24,32,N2EXMIDP,0,0
2019-04-24,33,APXMIDP ,2274,40.37
2019-04-24,33,N2EXMIDP,0,0
2019-04-24,34,APXMIDP ,2485.75,46.04
2019-04-24,34,N2EXMIDP,0,0
2019-04-24,35,APXMIDP ,2153.5,49.54
2019-04-24,35,N2EXMIDP,0,0
2019-04-24,36,APXMIDP ,2183.2,49.85
2019-04-24,36,N2EXMIDP,0,0
2019-04-24,37,APXMIDP ,2330.75,51.1
2019-04-24,37,N2EXMIDP,0,0
2019-04-24,38,APXMIDP ,2226.65,51.22
2019-04-24,38,N2EXMIDP,0,0
2019-04-24,39,APXMIDP ,2178.55,52.44
2019-04-24,39,N2EXMIDP,0,0
2019-04-24,40,APXMIDP ,1959.7,52.91
2019-04-24,40,N2EXMIDP,0,0
2019-04-24,41,APXMIDP ,1879,53.85
2019-04-24,41,N2EXMIDP,0,0
2019-04-24,42,APXMIDP ,2005.1,54.52
2019-04-24,42,N2EXMIDP,0,0
2019-04-24,43,APXMIDP ,2033.1,53.85
2019-04-24,43,N2EXMIDP,0,0
2019-04-24,44,APXMIDP ,1796.6,52.38
2019-04-24,44,N2EXMIDP,0,0
2019-04-24,45,APXMIDP ,1829.8,50.05
2019-04-24,45,N2EXMIDP,0,0
2019-04-24,46,APXMIDP ,1908.35,46.3
2019-04-24,46,N2EXMIDP,0,0
2019-04-24,47,APXMIDP ,647.3,41.76
2019-04-24,47,N2EXMIDP,0,0
2019-04-24,48,APXMIDP ,509.1,42.94
2019-04-24,48,N2EXMIDP,0,0
2019-04-25,1,APXMIDP ,323,44.91
2019-04-25,1,N2EXMIDP,0,0
2019-04-25,2,APXMIDP ,439.75,39.75
2019-04-25,2,N2EXMIDP,0,0
2019-04-25,3,APXMIDP ,374.05,42.92
2019-04-25,3,N2EXMIDP,0,0
2019-04-25,4,APXMIDP ,416.5,43.55
2019-04-25,4,N2EXMIDP,0,0
2019-04-25,5,APXMIDP ,325.6,41.96
2019-04-25,5,N2EXMIDP,0,0
2019-04-25,6,APXMIDP ,390.25,41.77
2019-04-25,6,N2EXMIDP,0,0
2019-04-25,7,APXMIDP ,402.95,41.07
2019-04-25,7,N2EXMIDP,0,0
2019-04-25,8,APXMIDP ,553.35,40.62
2019-04-25,8,N2EXMIDP,0,0
2019-04-25,9,APXMIDP ,510.55,40.53
2019-04-25,9,N2EXMIDP,0,0
2019-04-25,10,APXMIDP ,492.45,39.64
2019-04-25,10,N2EXMIDP,0,0
2019-04-25,11,APXMIDP ,421.4,44.23
2019-04-25,11,N2EXMIDP,0,0
2019-04-25,12,APXMIDP ,506.6,43.12
2019-04-25,12,N2EXMIDP,0,0
2019-04-25,13,APXMIDP ,680.45,42.72
2019-04-25,13,N2EXMIDP,0,0
2019-04-25,14,APXMIDP ,1296.05,43.85
2019-04-25,14,N2EXMIDP,0,0
2019-04-25,15,APXMIDP ,738.85,50.82
2019-04-25,15,N2EXMIDP,0,0
2019-04-25,16,APXMIDP ,773.35,60.8
2019-04-25,16,N2EXMIDP,0,0
2019-04-25,17,APXMIDP ,1030.25,59.22
2019-04-25,17,N2EXMIDP,0,0
2019-04-25,18,APXMIDP ,1112.8,52.89
2019-04-25,18,N2EXMIDP,0,0
2019-04-25,19,APXMIDP ,1052.15,44.98
2019-04-25,19,N2EXMIDP,0,0
2019-04-25,20,APXMIDP ,977,44.15
2019-04-25,20,N2EXMIDP,0,0
2019-04-25,21,APXMIDP ,1094.6,41.42
2019-04-25,21,N2EXMIDP,0,0
2019-04-25,22,APXMIDP ,1176.35,40.31
2019-04-25,22,N2EXMIDP,0,0
2019-04-25,23,APXMIDP ,1969.95,36.96
2019-04-25,23,N2EXMIDP,0,0
2019-04-25,24,APXMIDP ,1653.45,36.9
2019-04-25,24,N2EXMIDP,0,0
2019-04-25,25,APXMIDP ,1616.25,36.81
2019-04-25,25,N2EXMIDP,0,0
2019-04-25,26,APXMIDP ,1773.95,36.27
2019-04-25,26,N2EXMIDP,0,0
2019-04-25,27,APXMIDP ,1628.15,36.09
2019-04-25,27,N2EXMIDP,0,0
2019-04-25,28,APXMIDP ,1586.35,36.16
2019-04-25,28,N2EXMIDP,0,0
2019-04-25,29,APXMIDP ,1675.45,35.93
2019-04-25,29,N2EXMIDP,0,0
2019-04-25,30,APXMIDP ,1828.1,35.28
2019-04-25,30,N2EXMIDP,0,0
2019-04-25,31,APXMIDP ,1153.85,35.49
2019-04-25,31,N2EXMIDP,0,0
2019-04-25,32,APXMIDP ,1149.55,35.9
2019-04-25,32,N2EXMIDP,0,0
2019-04-25,33,APXMIDP ,1182.3,34.88
2019-04-25,33,N2EXMIDP,0,0
2019-04-25,34,APXMIDP ,1322.1,37.53
2019-04-25,34,N2EXMIDP,0,0
2019-04-25,35,APXMIDP ,1103.45,43.34
2019-04-25,35,N2EXMIDP,0,0
2019-04-25,36,APXMIDP ,1232.75,46.91
2019-04-25,36,N2EXMIDP,0,0
2019-04-25,37,APXMIDP ,1114.35,49.15
2019-04-25,37,N2EXMIDP,0,0
2019-04-25,38,APXMIDP ,1123.2,50.13
2019-04-25,38,N2EXMIDP,0,0
2019-04-25,39,APXMIDP ,1148.05,48.76
2019-04-25,39,N2EXMIDP,0,0
2019-04-25,40,APXMIDP ,1018.3,47.58
2019-04-25,40,N2EXMIDP,0,0
2019-04-25,41,APXMIDP ,1137.65,47.8
2019-04-25,41,N2EXMIDP,0,0
2019-04-25,42,APXMIDP ,1238.5,48.72
2019-04-25,42,N2EXMIDP,0,0
2019-04-25,43,APXMIDP ,1542.3,44.8
2019-04-25,43,N2EXMIDP,0,0
2019-04-25,44,APXMIDP ,1567.3,42.75
2019-04-25,44,N2EXMIDP,0,0
2019-04-25,45,APXMIDP ,1519.4,43.35
2019-04-25,45,N2EXMIDP,0,0
2019-04-25,46,APXMIDP ,1854.25,41.25
2019-04-25,46,N2EXMIDP,0,0
2019-04-25,47,APXMIDP ,908.45,40.14
2019-04-25,47,N2EXMIDP,0,0
2019-04-25,48,APXMIDP ,760.9,39.12
2019-04-25,48,N2EXMIDP,0,0
2019-04-26,1,APXMIDP ,471.6,36.46
2019-04-26,1,N2EXMIDP,0,0
2019-04-26,2,APXMIDP ,528.85,35.42
2019-04-26,2,N2EXMIDP,0,0
2019-04-26,3,APXMIDP ,658.7,32.04
2019-04-26,3,N2EXMIDP,0,0
2019-04-26,4,APXMIDP ,740.4,31.88
2019-04-26,4,N2EXMIDP,0,0
2019-04-26,5,APXMIDP ,730.9,31.89
2019-04-26,5,N2EXMIDP,0,0
2019-04-26,6,APXMIDP ,689.85,31.79
2019-04-26,6,N2EXMIDP,0,0
2019-04-26,7,APXMIDP ,663.15,32.78
2019-04-26,7,N2EXMIDP,0,0
2019-04-26,8,APXMIDP ,803.4,32.17
2019-04-26,8,N2EXMIDP,0,0
2019-04-26,9,APXMIDP ,759,32.77
2019-04-26,9,N2EXMIDP,0,0
2019-04-26,10,APXMIDP ,688.5,32.81
2019-04-26,10,N2EXMIDP,0,0
2019-04-26,11,APXMIDP ,589,36.82
2019-04-26,11,N2EXMIDP,0,0
2019-04-26,12,APXMIDP ,509.5,36.8
2019-04-26,12,N2EXMIDP,0,0
2019-04-26,13,APXMIDP ,706.65,39.48
2019-04-26,13,N2EXMIDP,0,0
2019-04-26,14,APXMIDP ,1197.55,38.73
2019-04-26,14,N2EXMIDP,0,0
2019-04-26,15,APXMIDP ,936.5,37.91
2019-04-26,15,N2EXMIDP,0,0
2019-04-26,16,APXMIDP ,1221.1,41.25
2019-04-26,16,N2EXMIDP,0,0
2019-04-26,17,APXMIDP ,1328.5,41.79
2019-04-26,17,N2EXMIDP,0,0
2019-04-26,18,APXMIDP ,1408.6,39.46
2019-04-26,18,N2EXMIDP,0,0
2019-04-26,19,APXMIDP ,1397,37.12
2019-04-26,19,N2EXMIDP,0,0
2019-04-26,20,APXMIDP ,1176.5,36.56
2019-04-26,20,N2EXMIDP,0,0
2019-04-26,21,APXMIDP ,1141.8,34.92
2019-04-26,21,N2EXMIDP,0,0
2019-04-26,22,APXMIDP ,1877.45,32.52
2019-04-26,22,N2EXMIDP,0,0
2019-04-26,23,APXMIDP ,2037.3,33.33
2019-04-26,23,N2EXMIDP,0,0
2019-04-26,24,APXMIDP ,2083.5,33.72
2019-04-26,24,N2EXMIDP,0,0
2019-04-26,25,APXMIDP ,2108.75,34.1
2019-04-26,25,N2EXMIDP,0,0
2019-04-26,26,APXMIDP ,2262.3,34.64
2019-04-26,26,N2EXMIDP,0,0
2019-04-26,27,APXMIDP ,1898.85,33.32
2019-04-26,27,N2EXMIDP,0,0
2019-04-26,28,APXMIDP ,1905.15,33.26
2019-04-26,28,N2EXMIDP,0,0
2019-04-26,29,APXMIDP ,2045.1,33.18
2019-04-26,29,N2EXMIDP,0,0
2019-04-26,30,APXMIDP ,2141.45,32.75
2019-04-26,30,N2EXMIDP,0,0
2019-04-26,31,APXMIDP ,1917.9,34.42
2019-04-26,31,N2EXMIDP,0,0
2019-04-26,32,APXMIDP ,1786.25,35.55
2019-04-26,32,N2EXMIDP,0,0
2019-04-26,33,APXMIDP ,1674.25,34.49
2019-04-26,33,N2EXMIDP,0,0
2019-04-26,34,APXMIDP ,1922.65,32.92
2019-04-26,34,N2EXMIDP,0,0
2019-04-26,35,APXMIDP ,1577,35.28
2019-04-26,35,N2EXMIDP,0,0
2019-04-26,36,APXMIDP ,1554.65,35.75
2019-04-26,36,N2EXMIDP,0,0
2019-04-26,37,APXMIDP ,1686.65,36.97
2019-04-26,37,N2EXMIDP,0,0
2019-04-26,38,APXMIDP ,1887.35,37.47
2019-04-26,38,N2EXMIDP,0,0
2019-04-26,39,APXMIDP ,1811.9,39.86
2019-04-26,39,N2EXMIDP,0,0
2019-04-26,40,APXMIDP ,1838.6,39.6
2019-04-26,40,N2EXMIDP,0,0
2019-04-26,41,APXMIDP ,1875.85,39.11
2019-04-26,41,N2EXMIDP,0,0
2019-04-26,42,APXMIDP ,1938.35,38.9
2019-04-26,42,N2EXMIDP,0,0
2019-04-26,43,APXMIDP ,2086.65,35.48
2019-04-26,43,N2EXMIDP,0,0
2019-04-26,44,APXMIDP ,2259.25,35.67
2019-04-26,44,N2EXMIDP,0,0
2019-04-26,45,APXMIDP ,2541.9,35.55
2019-04-26,45,N2EXMIDP,0,0
2019-04-26,46,APXMIDP ,2665.65,35.16
2019-04-26,46,N2EXMIDP,0,0
2019-04-26,47,APXMIDP ,843.6,31.97
2019-04-26,47,N2EXMIDP,0,0
2019-04-26,48,APXMIDP ,509.15,25.66
2019-04-26,48,N2EXMIDP,0,0
2019-04-27,1,APXMIDP ,430.25,17.49
2019-04-27,1,N2EXMIDP,0,0
2019-04-27,2,APXMIDP ,454.8,15.37
2019-04-27,2,N2EXMIDP,0,0
2019-04-27,3,APXMIDP ,516.8,8.92
2019-04-27,3,N2EXMIDP,0,0
2019-04-27,4,APXMIDP ,422.85,12.17
2019-04-27,4,N2EXMIDP,0,0
2019-04-27,5,APXMIDP ,623.9,9.8
2019-04-27,5,N2EXMIDP,0,0
2019-04-27,6,APXMIDP ,645.65,9.29
2019-04-27,6,N2EXMIDP,0,0
2019-04-27,7,APXMIDP ,657.45,15.1
2019-04-27,7,N2EXMIDP,0,0
2019-04-27,8,APXMIDP ,599.6,15.19
2019-04-27,8,N2EXMIDP,0,0
2019-04-27,9,APXMIDP ,715.5,16.94
2019-04-27,9,N2EXMIDP,0,0
2019-04-27,10,APXMIDP ,668.85,16.71
2019-04-27,10,N2EXMIDP,0,0
2019-04-27,11,APXMIDP ,509.25,19.22
2019-04-27,11,N2EXMIDP,0,0
2019-04-27,12,APXMIDP ,580.2,24.23
2019-04-27,12,N2EXMIDP,0,0
2019-04-27,13,APXMIDP ,541.65,29.39
2019-04-27,13,N2EXMIDP,0,0
2019-04-27,14,APXMIDP ,869,29.18
2019-04-27,14,N2EXMIDP,0,0
2019-04-27,15,APXMIDP ,673.35,35.14
2019-04-27,15,N2EXMIDP,0,0
2019-04-27,16,APXMIDP ,696.35,35.34
2019-04-27,16,N2EXMIDP,0,0
2019-04-27,17,APXMIDP ,930.3,43.5
2019-04-27,17,N2EXMIDP,0,0
2019-04-27,18,APXMIDP ,673.55,45.27
2019-04-27,18,N2EXMIDP,0,0
2019-04-27,19,APXMIDP ,1185.55,49.08
2019-04-27,19,N2EXMIDP,0,0
2019-04-27,20,APXMIDP ,1185,48.54
2019-04-27,20,N2EXMIDP,0,0
2019-04-27,21,APXMIDP ,1298.7,48.06
2019-04-27,21,N2EXMIDP,0,0
2019-04-27,22,APXMIDP ,1362.25,47.93
2019-04-27,22,N2EXMIDP,0,0
2019-04-27,23,APXMIDP ,1196.35,42.07
2019-04-27,23,N2EXMIDP,0,0
2019-04-27,24,APXMIDP ,1214.25,39.58
2019-04-27,24,N2EXMIDP,0,0
2019-04-27,25,APXMIDP ,1089.05,37.09
2019-04-27,25,N2EXMIDP,0,0
2019-04-27,26,APXMIDP ,1482.3,36.38
2019-04-27,26,N2EXMIDP,0,0
2019-04-27,27,APXMIDP ,1549.5,34.26
2019-04-27,27,N2EXMIDP,0,0
2019-04-27,28,APXMIDP ,1357.6,35.17
2019-04-27,28,N2EXMIDP,0,0
2019-04-27,29,APXMIDP ,1459.9,35.83
2019-04-27,29,N2EXMIDP,0,0
2019-04-27,30,APXMIDP ,1567.55,36.08
2019-04-27,30,N2EXMIDP,0,0
2019-04-27,31,APXMIDP ,1170.05,37.91
2019-04-27,31,N2EXMIDP,0,0
2019-04-27,32,APXMIDP ,1000.2,38.25
2019-04-27,32,N2EXMIDP,0,0
2019-04-27,33,APXMIDP ,1187.4,38.1
2019-04-27,33,N2EXMIDP,0,0
2019-04-27,34,APXMIDP ,1065.8,40.14
2019-04-27,34,N2EXMIDP,0,0
2019-04-27,35,APXMIDP ,1117.45,51.67
2019-04-27,35,N2EXMIDP,0,0
2019-04-27,36,APXMIDP ,1091.8,52.76
2019-04-27,36,N2EXMIDP,0,0
2019-04-27,37,APXMIDP ,932.35,50.65
2019-04-27,37,N2EXMIDP,0,0
2019-04-27,38,APXMIDP ,1004.65,50.07
2019-04-27,38,N2EXMIDP,0,0
2019-04-27,39,APXMIDP ,1041.7,53.72
2019-04-27,39,N2EXMIDP,0,0
2019-04-27,40,APXMIDP ,881.9,50.17
2019-04-27,40,N2EXMIDP,0,0
2019-04-27,41,APXMIDP ,825.65,51.29
2019-04-27,41,N2EXMIDP,0,0
2019-04-27,42,APXMIDP ,858.85,51.01
2019-04-27,42,N2EXMIDP,0,0
2019-04-27,43,APXMIDP ,908.45,52.19
2019-04-27,43,N2EXMIDP,0,0
2019-04-27,44,APXMIDP ,958.25,50.29
2019-04-27,44,N2EXMIDP,0,0
2019-04-27,45,APXMIDP ,968.3,48.24
2019-04-27,45,N2EXMIDP,0,0
2019-04-27,46,APXMIDP ,1230.25,45.63
2019-04-27,46,N2EXMIDP,0,0
2019-04-27,47,APXMIDP ,1172.8,46.12
2019-04-27,47,N2EXMIDP,0,0
2019-04-27,48,APXMIDP ,694.45,46.24
2019-04-27,48,N2EXMIDP,0,0
2019-04-28,1,APXMIDP ,366.8,45.58
2019-04-28,1,N2EXMIDP,0,0
2019-04-28,2,APXMIDP ,302.45,45.92
2019-04-28,2,N2EXMIDP,0,0
2019-04-28,3,APXMIDP ,396.2,44.87
2019-04-28,3,N2EXMIDP,0,0
2019-04-28,4,APXMIDP ,457.15,43.76
2019-04-28,4,N2EXMIDP,0,0
2019-04-28,5,APXMIDP ,460.05,42.5
2019-04-28,5,N2EXMIDP,0,0
2019-04-28,6,APXMIDP ,503.5,43.61
2019-04-28,6,N2EXMIDP,0,0
2019-04-28,7,APXMIDP ,327.65,44.79
2019-04-28,7,N2EXMIDP,0,0
2019-04-28,8,APXMIDP ,292.05,44.51
2019-04-28,8,N2EXMIDP,0,0
2019-04-28,9,APXMIDP ,276.4,44.46
2019-04-28,9,N2EXMIDP,0,0
2019-04-28,10,APXMIDP ,321.1,44.68
2019-04-28,10,N2EXMIDP,0,0
2019-04-28,11,APXMIDP ,330.3,46.11
2019-04-28,11,N2EXMIDP,0,0
2019-04-28,12,APXMIDP ,358.55,43.76
2019-04-28,12,N2EXMIDP,0,0
2019-04-28,13,APXMIDP ,498.7,45.4
2019-04-28,13,N2EXMIDP,0,0
2019-04-28,14,APXMIDP ,789.45,39.66
2019-04-28,14,N2EXMIDP,0,0
2019-04-28,15,APXMIDP ,716.8,36.8
2019-04-28,15,N2EXMIDP,0,0
2019-04-28,16,APXMIDP ,738.05,34.29
2019-04-28,16,N2EXMIDP,0,0
2019-04-28,17,APXMIDP ,589.15,34.57
2019-04-28,17,N2EXMIDP,0,0
2019-04-28,18,APXMIDP ,802.3,34.23
2019-04-28,18,N2EXMIDP,0,0
2019-04-28,19,APXMIDP ,1263.65,40.39
2019-04-28,19,N2EXMIDP,0,0
2019-04-28,20,APXMIDP ,1544.4,45.5
2019-04-28,20,N2EXMIDP,0,0
2019-04-28,21,APXMIDP ,1431.5,48.78
2019-04-28,21,N2EXMIDP,0,0
2019-04-28,22,APXMIDP ,1603.95,54.88
2019-04-28,22,N2EXMIDP,0,0
2019-04-28,23,APXMIDP ,1286.75,62.43
2019-04-28,23,N2EXMIDP,0,0
2019-04-28,24,APXMIDP ,1420.3,59.5
2019-04-28,24,N2EXMIDP,0,0
2019-04-28,25,APXMIDP ,1396.15,57.32
2019-04-28,25,N2EXMIDP,0,0
2019-04-28,26,APXMIDP ,1539.7,56.01
2019-04-28,26,N2EXMIDP,0,0
2019-04-28,27,APXMIDP ,1429.3,53.62
2019-04-28,27,N2EXMIDP,0,0
2019-04-28,28,APXMIDP ,1562.35,52.35
2019-04-28,28,N2EXMIDP,0,0
2019-04-28,29,APXMIDP ,1551.1,49.77
2019-04-28,29,N2EXMIDP,0,0
2019-04-28,30,APXMIDP ,1449.75,48.31
2019-04-28,30,N2EXMIDP,0,0
2019-04-28,31,APXMIDP ,1011.95,40.07
2019-04-28,31,N2EXMIDP,0,0
2019-04-28,32,APXMIDP ,1193.6,39.9
2019-04-28,32,N2EXMIDP,0,0
2019-04-28,33,APXMIDP ,1303.5,40.1
2019-04-28,33,N2EXMIDP,0,0
2019-04-28,34,APXMIDP ,1046.25,43.34
2019-04-28,34,N2EXMIDP,0,0
2019-04-28,35,APXMIDP ,919.7,54.09
2019-04-28,35,N2EXMIDP,0,0
2019-04-28,36,APXMIDP ,1323.35,56.13
2019-04-28,36,N2EXMIDP,0,0
2019-04-28,37,APXMIDP ,1238.3,53.93
2019-04-28,37,N2EXMIDP,0,0
2019-04-28,38,APXMIDP ,1257.9,53.92
2019-04-28,38,N2EXMIDP,0,0
2019-04-28,39,APXMIDP ,922.5,57.68
2019-04-28,39,N2EXMIDP,0,0
2019-04-28,40,APXMIDP ,1051.75,58.46
2019-04-28,40,N2EXMIDP,0,0
2019-04-28,41,APXMIDP ,781.65,58.02
2019-04-28,41,N2EXMIDP,0,0
2019-04-28,42,APXMIDP ,776.35,58.71
2019-04-28,42,N2EXMIDP,0,0
2019-04-28,43,APXMIDP ,799,57.96
2019-04-28,43,N2EXMIDP,0,0
2019-04-28,44,APXMIDP ,763.95,54.52
2019-04-28,44,N2EXMIDP,0,0
2019-04-28,45,APXMIDP ,794.7,49.94
2019-04-28,45,N2EXMIDP,0,0
2019-04-28,46,APXMIDP ,946.15,42.84
2019-04-28,46,N2EXMIDP,0,0
2019-04-28,47,APXMIDP ,638.7,35.1
2019-04-28,47,N2EXMIDP,0,0
2019-04-28,48,APXMIDP ,170.05,38.92
2019-04-28,48,N2EXMIDP,0,0
2019-04-29,1,APXMIDP ,217.3,33.71
2019-04-29,1,N2EXMIDP,0,0
2019-04-29,2,APXMIDP ,252.8,32.1
2019-04-29,2,N2EXMIDP,0,0
2019-04-29,3,APXMIDP ,236.5,33.21
2019-04-29,3,N2EXMIDP,0,0
2019-04-29,4,APXMIDP ,206.8,35.49
2019-04-29,4,N2EXMIDP,0,0
2019-04-29,5,APXMIDP ,189.5,35.96
2019-04-29,5,N2EXMIDP,0,0
2019-04-29,6,APXMIDP ,224,35.45
2019-04-29,6,N2EXMIDP,0,0
2019-04-29,7,APXMIDP ,329.55,34.12
2019-04-29,7,N2EXMIDP,0,0
2019-04-29,8,APXMIDP ,401.3,35.51
2019-04-29,8,N2EXMIDP,0,0
2019-04-29,9,APXMIDP ,484.05,34.46
2019-04-29,9,N2EXMIDP,0,0
2019-04-29,10,APXMIDP ,509.55,34.45
2019-04-29,10,N2EXMIDP,0,0
2019-04-29,11,APXMIDP ,398.4,41.51
2019-04-29,11,N2EXMIDP,0,0
2019-04-29,12,APXMIDP ,353.5,40.79
2019-04-29,12,N2EXMIDP,0,0
2019-04-29,13,APXMIDP ,369.4,40.89
2019-04-29,13,N2EXMIDP,0,0
2019-04-29,14,APXMIDP ,1011.6,39.24
2019-04-29,14,N2EXMIDP,0,0
2019-04-29,15,APXMIDP ,1003.5,50.42
2019-04-29,15,N2EXMIDP,0,0
2019-04-29,16,APXMIDP ,736.45,58.47
2019-04-29,16,N2EXMIDP,0,0
2019-04-29,17,APXMIDP ,998.05,59.16
2019-04-29,17,N2EXMIDP,0,0
2019-04-29,18,APXMIDP ,872.45,52.54
2019-04-29,18,N2EXMIDP,0,0
2019-04-29,19,APXMIDP ,958.8,48.81
2019-04-29,19,N2EXMIDP,0,0
2019-04-29,20,APXMIDP ,1203.2,46.51
2019-04-29,20,N2EXMIDP,0,0
2019-04-29,21,APXMIDP ,957.5,45.07
2019-04-29,21,N2EXMIDP,0,0
2019-04-29,22,APXMIDP ,1090.9,42.34
2019-04-29,22,N2EXMIDP,0,0
2019-04-29,23,APXMIDP ,976.5,34.83
2019-04-29,23,N2EXMIDP,0,0
2019-04-29,24,APXMIDP ,1017.05,34.58
2019-04-29,24,N2EXMIDP,0,0
2019-04-29,25,APXMIDP ,1268.1,32.89
2019-04-29,25,N2EXMIDP,0,0
2019-04-29,26,APXMIDP ,1678.6,34.53
2019-04-29,26,N2EXMIDP,0,0
2019-04-29,27,APXMIDP ,2028.85,37.52
2019-04-29,27,N2EXMIDP,0,0
2019-04-29,28,APXMIDP ,2009.4,36.03
2019-04-29,28,N2EXMIDP,0,0
2019-04-29,29,APXMIDP ,1871.05,35.59
2019-04-29,29,N2EXMIDP,0,0
2019-04-29,30,APXMIDP ,2070.75,35.44
2019-04-29,30,N2EXMIDP,0,0
2019-04-29,31,APXMIDP ,831.6,33.41
2019-04-29,31,N2EXMIDP,0,0
2019-04-29,32,APXMIDP ,856.5,33.17
2019-04-29,32,N2EXMIDP,0,0
2019-04-29,33,APXMIDP ,833.25,33.54
2019-04-29,33,N2EXMIDP,0,0
2019-04-29,34,APXMIDP ,1105.45,34.63
2019-04-29,34,N2EXMIDP,0,0
2019-04-29,35,APXMIDP ,918.35,37.76
2019-04-29,35,N2EXMIDP,0,0
2019-04-29,36,APXMIDP ,1037.15,38.34
2019-04-29,36,N2EXMIDP,0,0
2019-04-29,37,APXMIDP ,1144.15,42.73
2019-04-29,37,N2EXMIDP,0,0
2019-04-29,38,APXMIDP ,1128,43.85
2019-04-29,38,N2EXMIDP,0,0
2019-04-29,39,APXMIDP ,1008.95,44.68
2019-04-29,39,N2EXMIDP,0,0
2019-04-29,40,APXMIDP ,1206.05,46.56
2019-04-29,40,N2EXMIDP,0,0
2019-04-29,41,APXMIDP ,1196.3,47.26
2019-04-29,41,N2EXMIDP,0,0
2019-04-29,42,APXMIDP ,1293,47.85
2019-04-29,42,N2EXMIDP,0,0
2019-04-29,43,APXMIDP ,1229.9,47.21
2019-04-29,43,N2EXMIDP,0,0
2019-04-29,44,APXMIDP ,1219.25,40.92
2019-04-29,44,N2EXMIDP,0,0
2019-04-29,45,APXMIDP ,1286.15,40.89
2019-04-29,45,N2EXMIDP,0,0
2019-04-29,46,APXMIDP ,2234.15,38.29
2019-04-29,46,N2EXMIDP,0,0
2019-04-29,47,APXMIDP ,584.3,36.36
2019-04-29,47,N2EXMIDP,0,0
2019-04-29,48,APXMIDP ,404.35,40.44
2019-04-29,48,N2EXMIDP,0,0
2019-04-30,1,APXMIDP ,349.1,35.73
2019-04-30,1,N2EXMIDP,0,0
2019-04-30,2,APXMIDP ,215.3,34.52
2019-04-30,2,N2EXMIDP,0,0
2019-04-30,3,APXMIDP ,337.3,34.48
2019-04-30,3,N2EXMIDP,0,0
2019-04-30,4,APXMIDP ,416.55,34.5
2019-04-30,4,N2EXMIDP,0,0
2019-04-30,5,APXMIDP ,315.95,34.63
2019-04-30,5,N2EXMIDP,0,0
2019-04-30,6,APXMIDP ,290,34.23
2019-04-30,6,N2EXMIDP,0,0
2019-04-30,7,APXMIDP ,220.8,34
2019-04-30,7,N2EXMIDP,0,0
2019-04-30,8,APXMIDP ,375.85,33.93
2019-04-30,8,N2EXMIDP,0,0
2019-04-30,9,APXMIDP ,245.7,34.47
2019-04-30,9,N2EXMIDP,0,0
2019-04-30,10,APXMIDP ,209.5,35.2
2019-04-30,10,N2EXMIDP,0,0
2019-04-30,11,APXMIDP ,231.95,44.08
2019-04-30,11,N2EXMIDP,0,0
2019-04-30,12,APXMIDP ,249.1,45.9
2019-04-30,12,N2EXMIDP,0,0
2019-04-30,13,APXMIDP ,316.1,49.86
2019-04-30,13,N2EXMIDP,0,0
2019-04-30,14,APXMIDP ,1193.15,43.98
2019-04-30,14,N2EXMIDP,0,0
2019-04-30,15,APXMIDP ,816.15,50.46
2019-04-30,15,N2EXMIDP,0,0
2019-04-30,16,APXMIDP ,930.35,58.03
2019-04-30,16,N2EXMIDP,0,0
2019-04-30,17,APXMIDP ,1171.45,56.33
2019-04-30,17,N2EXMIDP,0,0
2019-04-30,18,APXMIDP ,1076.25,55.52
2019-04-30,18,N2EXMIDP,0,0
2019-04-30,19,APXMIDP ,1014.3,51.11
2019-04-30,19,N2EXMIDP,0,0
2019-04-30,20,APXMIDP ,959.95,44.47
2019-04-30,20,N2EXMIDP,0,0
2019-04-30,21,APXMIDP ,892.75,42.41
2019-04-30,21,N2EXMIDP,0,0
2019-04-30,22,APXMIDP ,1392.7,39.92
2019-04-30,22,N2EXMIDP,0,0
2019-04-30,23,APXMIDP ,1482.2,37.38
2019-04-30,23,N2EXMIDP,0,0
2019-04-30,24,APXMIDP ,1482.3,37.14
2019-04-30,24,N2EXMIDP,0,0
2019-04-30,25,APXMIDP ,1555.9,39.41
2019-04-30,25,N2EXMIDP,0,0
2019-04-30,26,APXMIDP ,1657.5,38.66
2019-04-30,26,N2EXMIDP,0,0
2019-04-30,27,APXMIDP ,1476.25,36.66
2019-04-30,27,N2EXMIDP,0,0
2019-04-30,28,APXMIDP ,1472.95,36.42
2019-04-30,28,N2EXMIDP,0,0
2019-04-30,29,APXMIDP ,1524.15,36.41
2019-04-30,29,N2EXMIDP,0,0
2019-04-30,30,APXMIDP ,1697.05,36.73
2019-04-30,30,N2EXMIDP,0,0
2019-04-30,31,APXMIDP ,724.15,37.89
2019-04-30,31,N2EXMIDP,0,0
2019-04-30,32,APXMIDP ,652.15,39.63
2019-04-30,32,N2EXMIDP,0,0
2019-04-30,33,APXMIDP ,738.05,38.54
2019-04-30,33,N2EXMIDP,0,0
2019-04-30,34,APXMIDP ,683.75,48.03
2019-04-30,34,N2EXMIDP,0,0
2019-04-30,35,APXMIDP ,748.15,54.79
2019-04-30,35,N2EXMIDP,0,0
2019-04-30,36,APXMIDP ,711.9,58.11
2019-04-30,36,N2EXMIDP,0,0
2019-04-30,37,APXMIDP ,901.5,60.34
2019-04-30,37,N2EXMIDP,0,0
2019-04-30,38,APXMIDP ,799.75,59.57
2019-04-30,38,N2EXMIDP,0,0
2019-04-30,39,APXMIDP ,873.7,57.9
2019-04-30,39,N2EXMIDP,0,0
2019-04-30,40,APXMIDP ,891.45,56.74
2019-04-30,40,N2EXMIDP,0,0
2019-04-30,41,APXMIDP ,864.25,59.93
2019-04-30,41,N2EXMIDP,0,0
2019-04-30,42,APXMIDP ,835.65,56.86
2019-04-30,42,N2EXMIDP,0,0
2019-04-30,43,APXMIDP ,1051.85,56.62
2019-04-30,43,N2EXMIDP,0,0
2019-04-30,44,APXMIDP ,955.85,48.17
2019-04-30,44,N2EXMIDP,0,0
2019-04-30,45,APXMIDP ,1087.05,43.83
2019-04-30,45,N2EXMIDP,0,0
2019-04-30,46,APXMIDP ,1037.25,41.23
2019-04-30,46,N2EXMIDP,0,0
2019-04-30,47,APXMIDP ,376.15,34.64
2019-04-30,47,N2EXMIDP,0,0
2019-04-30,48,APXMIDP ,234.9,36.05
2019-04-30,48,N2EXMIDP,0,0
2019-05-01,1,APXMIDP ,224,32.96
2019-05-01,1,N2EXMIDP,0,0
2019-05-01,2,APXMIDP ,277.85,32.14
2019-05-01,2,N2EXMIDP,0,0
2019-05-01,3,APXMIDP ,372,33.7
2019-05-01,3,N2EXMIDP,0,0
2019-05-01,4,APXMIDP ,366,36.17
2019-05-01,4,N2EXMIDP,0,0
2019-05-01,5,APXMIDP ,333.7,35.04
2019-05-01,5,N2EXMIDP,0,0
2019-05-01,6,APXMIDP ,522.9,35.21
2019-05-01,6,N2EXMIDP,0,0
2019-05-01,7,APXMIDP ,757.4,34.81
2019-05-01,7,N2EXMIDP,0,0
2019-05-01,8,APXMIDP ,751.45,34.86
2019-05-01,8,N2EXMIDP,0,0
2019-05-01,9,APXMIDP ,754.7,34.98
2019-05-01,9,N2EXMIDP,0,0
2019-05-01,10,APXMIDP ,713.75,34.61
2019-05-01,10,N2EXMIDP,0,0
2019-05-01,11,APXMIDP ,479.5,35.9
2019-05-01,11,N2EXMIDP,0,0
2019-05-01,12,APXMIDP ,353.6,32.92
2019-05-01,12,N2EXMIDP,0,0
2019-05-01,13,APXMIDP ,601.25,34.43
2019-05-01,13,N2EXMIDP,0,0
2019-05-01,14,APXMIDP ,660.05,34.29
2019-05-01,14,N2EXMIDP,0,0
2019-05-01,15,APXMIDP ,655.35,49.86
2019-05-01,15,N2EXMIDP,0,0
2019-05-01,16,APXMIDP ,697.65,59.88
2019-05-01,16,N2EXMIDP,0,0
2019-05-01,17,APXMIDP ,793.2,55.01
2019-05-01,17,N2EXMIDP,0,0
2019-05-01,18,APXMIDP ,655.25,49.84
2019-05-01,18,N2EXMIDP,0,0
2019-05-01,19,APXMIDP ,834.6,49.43
2019-05-01,19,N2EXMIDP,0,0
2019-05-01,20,APXMIDP ,772,48.7
2019-05-01,20,N2EXMIDP,0,0
2019-05-01,21,APXMIDP ,902.05,47.65
2019-05-01,21,N2EXMIDP,0,0
2019-05-01,22,APXMIDP ,1102.65,46.08
2019-05-01,22,N2EXMIDP,0,0
2019-05-01,23,APXMIDP ,934.55,38.76
2019-05-01,23,N2EXMIDP,0,0
2019-05-01,24,APXMIDP ,1029.1,38.22
2019-05-01,24,N2EXMIDP,0,0
2019-05-01,25,APXMIDP ,963.75,38.83
2019-05-01,25,N2EXMIDP,0,0
2019-05-01,26,APXMIDP ,990.65,38.85
2019-05-01,26,N2EXMIDP,0,0
2019-05-01,27,APXMIDP ,1214.05,38.86
2019-05-01,27,N2EXMIDP,0,0
2019-05-01,28,APXMIDP ,1159.85,38.06
2019-05-01,28,N2EXMIDP,0,0
2019-05-01,29,APXMIDP ,1166.5,37.51
2019-05-01,29,N2EXMIDP,0,0
2019-05-01,30,APXMIDP ,1291.7,37.2
2019-05-01,30,N2EXMIDP,0,0
2019-05-01,31,APXMIDP ,1006.05,36.34
2019-05-01,31,N2EXMIDP,0,0
2019-05-01,32,APXMIDP ,918.85,38.77
2019-05-01,32,N2EXMIDP,0,0
2019-05-01,33,APXMIDP ,728.6,42.29
2019-05-01,33,N2EXMIDP,0,0
2019-05-01,34,APXMIDP ,857.55,53.41
2019-05-01,34,N2EXMIDP,0,0
2019-05-01,35,APXMIDP ,1040.45,56.82
2019-05-01,35,N2EXMIDP,0,0
2019-05-01,36,APXMIDP ,1250.7,58.66
2019-05-01,36,N2EXMIDP,0,0
2019-05-01,37,APXMIDP ,1171.2,57.31
2019-05-01,37,N2EXMIDP,0,0
2019-05-01,38,APXMIDP ,1313.05,56.36
2019-05-01,38,N2EXMIDP,0,0
2019-05-01,39,APXMIDP ,1328.9,55.08
2019-05-01,39,N2EXMIDP,0,0
2019-05-01,40,APXMIDP ,1113.75,53.23
2019-05-01,40,N2EXMIDP,0,0
2019-05-01,41,APXMIDP ,1147.8,53.72
2019-05-01,41,N2EXMIDP,0,0
2019-05-01,42,APXMIDP ,1278.5,52.16
2019-05-01,42,N2EXMIDP,0,0
2019-05-01,43,APXMIDP ,1128.95,50.25
2019-05-01,43,N2EXMIDP,0,0
2019-05-01,44,APXMIDP ,971.45,43.94
2019-05-01,44,N2EXMIDP,0,0
2019-05-01,45,APXMIDP ,990.75,43.18
2019-05-01,45,N2EXMIDP,0,0
2019-05-01,46,APXMIDP ,1281.05,41.38
2019-05-01,46,N2EXMIDP,0,0
2019-05-01,47,APXMIDP ,693.85,35.78
2019-05-01,47,N2EXMIDP,0,0
2019-05-01,48,APXMIDP ,316.75,39.54
2019-05-01,48,N2EXMIDP,0,0
2019-05-02,1,APXMIDP ,296.35,39.64
2019-05-02,1,N2EXMIDP,0,0
2019-05-02,2,APXMIDP ,231.35,35.6
2019-05-02,2,N2EXMIDP,0,0
2019-05-02,3,APXMIDP ,375.2,35.89
2019-05-02,3,N2EXMIDP,0,0
2019-05-02,4,APXMIDP ,338.75,36.5
2019-05-02,4,N2EXMIDP,0,0
2019-05-02,5,APXMIDP ,442.65,37.67
2019-05-02,5,N2EXMIDP,0,0
2019-05-02,6,APXMIDP ,480.7,37.07
2019-05-02,6,N2EXMIDP,0,0
2019-05-02,7,APXMIDP ,442.8,37.5
2019-05-02,7,N2EXMIDP,0,0
2019-05-02,8,APXMIDP ,530.6,37.1
2019-05-02,8,N2EXMIDP,0,0
2019-05-02,9,APXMIDP ,444.05,36.71
2019-05-02,9,N2EXMIDP,0,0
2019-05-02,10,APXMIDP ,526,36.41
2019-05-02,10,N2EXMIDP,0,0
2019-05-02,11,APXMIDP ,571.15,35.47
2019-05-02,11,N2EXMIDP,0,0
2019-05-02,12,APXMIDP ,562.9,34.84
2019-05-02,12,N2EXMIDP,0,0
2019-05-02,13,APXMIDP ,477.7,34.12
2019-05-02,13,N2EXMIDP,0,0
2019-05-02,14,APXMIDP ,528.95,34.43
2019-05-02,14,N2EXMIDP,0,0
2019-05-02,15,APXMIDP ,918.5,36.91
2019-05-02,15,N2EXMIDP,0,0
2019-05-02,16,APXMIDP ,854.9,41.73
2019-05-02,16,N2EXMIDP,0,0
2019-05-02,17,APXMIDP ,955.3,45.87
2019-05-02,17,N2EXMIDP,0,0
2019-05-02,18,APXMIDP ,866.6,44.92
2019-05-02,18,N2EXMIDP,0,0
2019-05-02,19,APXMIDP ,1235.2,48.58
2019-05-02,19,N2EXMIDP,0,0
2019-05-02,20,APXMIDP ,1194.05,45.56
2019-05-02,20,N2EXMIDP,0,0
2019-05-02,21,APXMIDP ,1255.45,41.76
2019-05-02,21,N2EXMIDP,0,0
2019-05-02,22,APXMIDP ,1329.25,42.36
2019-05-02,22,N2EXMIDP,0,0
2019-05-02,23,APXMIDP ,1491.25,44.63
2019-05-02,23,N2EXMIDP,0,0
2019-05-02,24,APXMIDP ,1496.3,46.38
2019-05-02,24,N2EXMIDP,0,0
2019-05-02,25,APXMIDP ,1616.75,48.75
2019-05-02,25,N2EXMIDP,0,0
2019-05-02,26,APXMIDP ,1615.7,48.91
2019-05-02,26,N2EXMIDP,0,0
2019-05-02,27,APXMIDP ,1750.9,43.32
2019-05-02,27,N2EXMIDP,0,0
2019-05-02,28,APXMIDP ,1520.3,40.91
2019-05-02,28,N2EXMIDP,0,0
2019-05-02,29,APXMIDP ,1708.8,39.59
2019-05-02,29,N2EXMIDP,0,0
2019-05-02,30,APXMIDP ,1639.4,39.46
2019-05-02,30,N2EXMIDP,0,0
2019-05-02,31,APXMIDP ,868.85,39.54
2019-05-02,31,N2EXMIDP,0,0
2019-05-02,32,APXMIDP ,1110.15,44.27
2019-05-02,32,N2EXMIDP,0,0
2019-05-02,33,APXMIDP ,1124.15,48.84
2019-05-02,33,N2EXMIDP,0,0
2019-05-02,34,APXMIDP ,1070.6,52.63
2019-05-02,34,N2EXMIDP,0,0
2019-05-02,35,APXMIDP ,1272.1,54.52
2019-05-02,35,N2EXMIDP,0,0
2019-05-02,36,APXMIDP ,1251.9,55.05
2019-05-02,36,N2EXMIDP,0,0
2019-05-02,37,APXMIDP ,1193.45,55.01
2019-05-02,37,N2EXMIDP,0,0
2019-05-02,38,APXMIDP ,1235.45,54.62
2019-05-02,38,N2EXMIDP,0,0
2019-05-02,39,APXMIDP ,826.2,52.08
2019-05-02,39,N2EXMIDP,0,0
2019-05-02,40,APXMIDP ,782.65,51.87
2019-05-02,40,N2EXMIDP,0,0
2019-05-02,41,APXMIDP ,882,53.45
2019-05-02,41,N2EXMIDP,0,0
2019-05-02,42,APXMIDP ,785,52.59
2019-05-02,42,N2EXMIDP,0,0
2019-05-02,43,APXMIDP ,593.75,53.14
2019-05-02,43,N2EXMIDP,0,0
2019-05-02,44,APXMIDP ,678.8,46.39
2019-05-02,44,N2EXMIDP,0,0
2019-05-02,45,APXMIDP ,826.35,41.17
2019-05-02,45,N2EXMIDP,0,0
2019-05-02,46,APXMIDP ,1078.8,41.15
2019-05-02,46,N2EXMIDP,0,0
2019-05-02,47,APXMIDP ,444.25,44.82
2019-05-02,47,N2EXMIDP,0,0
2019-05-02,48,APXMIDP ,327.05,48.47
2019-05-02,48,N2EXMIDP,0,0
2019-05-03,1,APXMIDP ,141,44.55
2019-05-03,1,N2EXMIDP,0,0
2019-05-03,2,APXMIDP ,180,39.03
2019-05-03,2,N2EXMIDP,0,0
2019-05-03,3,APXMIDP ,285.15,37.37
2019-05-03,3,N2EXMIDP,0,0
2019-05-03,4,APXMIDP ,314.5,37.28
2019-05-03,4,N2EXMIDP,0,0
2019-05-03,5,APXMIDP ,356.55,36.81
2019-05-03,5,N2EXMIDP,0,0
2019-05-03,6,APXMIDP ,387,37.25
2019-05-03,6,N2EXMIDP,0,0
2019-05-03,7,APXMIDP ,418.45,37.01
2019-05-03,7,N2EXMIDP,0,0
2019-05-03,8,APXMIDP ,386.7,36.82
2019-05-03,8,N2EXMIDP,0,0
2019-05-03,9,APXMIDP ,383.1,37.07
2019-05-03,9,N2EXMIDP,0,0
2019-05-03,10,APXMIDP ,427.15,38.74
2019-05-03,10,N2EXMIDP,0,0
2019-05-03,11,APXMIDP ,386.7,41.79
2019-05-03,11,N2EXMIDP,0,0
2019-05-03,12,APXMIDP ,399.1,39.52
2019-05-03,12,N2EXMIDP,0,0
2019-05-03,13,APXMIDP ,449.5,40.65
2019-05-03,13,N2EXMIDP,0,0
2019-05-03,14,APXMIDP ,859.6,42.89
2019-05-03,14,N2EXMIDP,0,0
2019-05-03,15,APXMIDP ,766.5,63.84
2019-05-03,15,N2EXMIDP,0,0
2019-05-03,16,APXMIDP ,776.05,66.85
2019-05-03,16,N2EXMIDP,0,0
2019-05-03,17,APXMIDP ,836.25,68.89
2019-05-03,17,N2EXMIDP,0,0
2019-05-03,18,APXMIDP ,826,65.92
2019-05-03,18,N2EXMIDP,0,0
2019-05-03,19,APXMIDP ,1097.35,64
2019-05-03,19,N2EXMIDP,0,0
2019-05-03,20,APXMIDP ,1086,63.57
2019-05-03,20,N2EXMIDP,0,0
2019-05-03,21,APXMIDP ,1278.5,63.75
2019-05-03,21,N2EXMIDP,0,0
2019-05-03,22,APXMIDP ,1446.9,63.27
2019-05-03,22,N2EXMIDP,0,0
2019-05-03,23,APXMIDP ,1234.75,57.37
2019-05-03,23,N2EXMIDP,0,0
2019-05-03,24,APXMIDP ,1393.6,55.91
2019-05-03,24,N2EXMIDP,0,0
2019-05-03,25,APXMIDP ,1306.05,51.34
2019-05-03,25,N2EXMIDP,0,0
2019-05-03,26,APXMIDP ,1419.05,50.9
2019-05-03,26,N2EXMIDP,0,0
2019-05-03,27,APXMIDP ,1197.05,45.88
2019-05-03,27,N2EXMIDP,0,0
2019-05-03,28,APXMIDP ,1325.5,45.06
2019-05-03,28,N2EXMIDP,0,0
2019-05-03,29,APXMIDP ,1358.9,44.34
2019-05-03,29,N2EXMIDP,0,0
2019-05-03,30,APXMIDP ,1309.2,44.35
2019-05-03,30,N2EXMIDP,0,0
2019-05-03,31,APXMIDP ,902.8,41.62
2019-05-03,31,N2EXMIDP,0,0
2019-05-03,32,APXMIDP ,981,42.28
2019-05-03,32,N2EXMIDP,0,0
2019-05-03,33,APXMIDP ,1154,42.76
2019-05-03,33,N2EXMIDP,0,0
2019-05-03,34,APXMIDP ,1324.1,43.34
2019-05-03,34,N2EXMIDP,0,0
2019-05-03,35,APXMIDP ,1121.7,45.05
2019-05-03,35,N2EXMIDP,0,0
2019-05-03,36,APXMIDP ,1163.7,45.1
2019-05-03,36,N2EXMIDP,0,0
2019-05-03,37,APXMIDP ,1234.55,44.12
2019-05-03,37,N2EXMIDP,0,0
2019-05-03,38,APXMIDP ,1240.05,43.16
2019-05-03,38,N2EXMIDP,0,0
2019-05-03,39,APXMIDP ,1525.65,43.76
2019-05-03,39,N2EXMIDP,0,0
2019-05-03,40,APXMIDP ,1212.1,46.76
2019-05-03,40,N2EXMIDP,0,0
2019-05-03,41,APXMIDP ,1276.45,48.42
2019-05-03,41,N2EXMIDP,0,0
2019-05-03,42,APXMIDP ,1094.65,46.6
2019-05-03,42,N2EXMIDP,0,0
2019-05-03,43,APXMIDP ,1250.15,43.26
2019-05-03,43,N2EXMIDP,0,0
2019-05-03,44,APXMIDP ,1297.95,40.71
2019-05-03,44,N2EXMIDP,0,0
2019-05-03,45,APXMIDP ,1677.85,40.98
2019-05-03,45,N2EXMIDP,0,0
2019-05-03,46,APXMIDP ,1929.6,41.36
2019-05-03,46,N2EXMIDP,0,0
2019-05-03,47,APXMIDP ,1169.5,44.37
2019-05-03,47,N2EXMIDP,0,0
2019-05-03,48,APXMIDP ,1022.2,47.08
2019-05-03,48,N2EXMIDP,0,0
2019-05-04,1,APXMIDP ,652.6,40.76
2019-05-04,1,N2EXMIDP,0,0
2019-05-04,2,APXMIDP ,758.3,39.08
2019-05-04,2,N2EXMIDP,0,0
2019-05-04,3,APXMIDP ,663.55,40.64
2019-05-04,3,N2EXMIDP,0,0
2019-05-04,4,APXMIDP ,655.25,40.88
2019-05-04,4,N2EXMIDP,0,0
2019-05-04,5,APXMIDP ,502.85,38.49
2019-05-04,5,N2EXMIDP,0,0
2019-05-04,6,APXMIDP ,551.95,35.93
2019-05-04,6,N2EXMIDP,0,0
2019-05-04,7,APXMIDP ,664.45,29.67
2019-05-04,7,N2EXMIDP,0,0
2019-05-04,8,APXMIDP ,731.25,29.2
2019-05-04,8,N2EXMIDP,0,0
2019-05-04,9,APXMIDP ,701.1,29.71
2019-05-04,9,N2EXMIDP,0,0
2019-05-04,10,APXMIDP ,655.65,28.58
2019-05-04,10,N2EXMIDP,0,0
2019-05-04,11,APXMIDP ,624.4,29.16
2019-05-04,11,N2EXMIDP,0,0
2019-05-04,12,APXMIDP ,640.55,28.47
2019-05-04,12,N2EXMIDP,0,0
2019-05-04,13,APXMIDP ,584.9,31.44
2019-05-04,13,N2EXMIDP,0,0
2019-05-04,14,APXMIDP ,919.6,35.24
2019-05-04,14,N2EXMIDP,0,0
2019-05-04,15,APXMIDP ,777.7,41.71
2019-05-04,15,N2EXMIDP,0,0
2019-05-04,16,APXMIDP ,774,41.36
2019-05-04,16,N2EXMIDP,0,0
2019-05-04,17,APXMIDP ,1055.15,37.25
2019-05-04,17,N2EXMIDP,0,0
2019-05-04,18,APXMIDP ,835.6,35.09
2019-05-04,18,N2EXMIDP,0,0
2019-05-04,19,APXMIDP ,806.65,33
2019-05-04,19,N2EXMIDP,0,0
2019-05-04,20,APXMIDP ,842.55,32.35
2019-05-04,20,N2EXMIDP,0,0
2019-05-04,21,APXMIDP ,1184.55,31.56
2019-05-04,21,N2EXMIDP,0,0
2019-05-04,22,APXMIDP ,1227.2,31.03
2019-05-04,22,N2EXMIDP,0,0
2019-05-04,23,APXMIDP ,1516.95,29.3
2019-05-04,23,N2EXMIDP,0,0
2019-05-04,24,APXMIDP ,1559.45,29.45
2019-05-04,24,N2EXMIDP,0,0
2019-05-04,25,APXMIDP ,1900,31.28
2019-05-04,25,N2EXMIDP,0,0
2019-05-04,26,APXMIDP ,2038.65,33.14
2019-05-04,26,N2EXMIDP,0,0
2019-05-04,27,APXMIDP ,2108.75,33.87
2019-05-04,27,N2EXMIDP,0,0
2019-05-04,28,APXMIDP ,1889.75,31.2
2019-05-04,28,N2EXMIDP,0,0
2019-05-04,29,APXMIDP ,1772,31.99
2019-05-04,29,N2EXMIDP,0,0
2019-05-04,30,APXMIDP ,1792.1,32.22
2019-05-04,30,N2EXMIDP,0,0
2019-05-04,31,APXMIDP ,1389.1,31.87
2019-05-04,31,N2EXMIDP,0,0
2019-05-04,32,APXMIDP ,1125.5,30.84
2019-05-04,32,N2EXMIDP,0,0
2019-05-04,33,APXMIDP ,1077.1,29.3
2019-05-04,33,N2EXMIDP,0,0
2019-05-04,34,APXMIDP ,1040.7,30.01
2019-05-04,34,N2EXMIDP,0,0
2019-05-04,35,APXMIDP ,831.05,36.6
2019-05-04,35,N2EXMIDP,0,0
2019-05-04,36,APXMIDP ,877.35,34.69
2019-05-04,36,N2EXMIDP,0,0
2019-05-04,37,APXMIDP ,953.2,36.66
2019-05-04,37,N2EXMIDP,0,0
2019-05-04,38,APXMIDP ,1163.4,39.12
2019-05-04,38,N2EXMIDP,0,0
2019-05-04,39,APXMIDP ,1347.6,47.21
2019-05-04,39,N2EXMIDP,0,0
2019-05-04,40,APXMIDP ,992.85,48.29
2019-05-04,40,N2EXMIDP,0,0
2019-05-04,41,APXMIDP ,1161.65,48.58
2019-05-04,41,N2EXMIDP,0,0
2019-05-04,42,APXMIDP ,1093.7,49.27
2019-05-04,42,N2EXMIDP,0,0
2019-05-04,43,APXMIDP ,1022.25,50.84
2019-05-04,43,N2EXMIDP,0,0
2019-05-04,44,APXMIDP ,966.95,50.88
2019-05-04,44,N2EXMIDP,0,0
2019-05-04,45,APXMIDP ,1087.1,49.67
2019-05-04,45,N2EXMIDP,0,0
2019-05-04,46,APXMIDP ,881.1,47.94
2019-05-04,46,N2EXMIDP,0,0
2019-05-04,47,APXMIDP ,664.8,48.27
2019-05-04,47,N2EXMIDP,0,0
2019-05-04,48,APXMIDP ,458.7,46
2019-05-04,48,N2EXMIDP,0,0
2019-05-05,1,APXMIDP ,305.3,39.75
2019-05-05,1,N2EXMIDP,0,0
2019-05-05,2,APXMIDP ,248.25,37.27
2019-05-05,2,N2EXMIDP,0,0
2019-05-05,3,APXMIDP ,246.65,35.46
2019-05-05,3,N2EXMIDP,0,0
2019-05-05,4,APXMIDP ,260.5,36.61
2019-05-05,4,N2EXMIDP,0,0
2019-05-05,5,APXMIDP ,222.6,38.08
2019-05-05,5,N2EXMIDP,0,0
2019-05-05,6,APXMIDP ,200.65,37.23
2019-05-05,6,N2EXMIDP,0,0
2019-05-05,7,APXMIDP ,301.8,40.9
2019-05-05,7,N2EXMIDP,0,0
2019-05-05,8,APXMIDP ,273.7,41.59
2019-05-05,8,N2EXMIDP,0,0
2019-05-05,9,APXMIDP ,267.6,43.48
2019-05-05,9,N2EXMIDP,0,0
2019-05-05,10,APXMIDP ,252,43.51
2019-05-05,10,N2EXMIDP,0,0
2019-05-05,11,APXMIDP ,209.7,44.34
2019-05-05,11,N2EXMIDP,0,0
2019-05-05,12,APXMIDP ,226.8,45.82
2019-05-05,12,N2EXMIDP,0,0
2019-05-05,13,APXMIDP ,266.25,44.39
2019-05-05,13,N2EXMIDP,0,0
2019-05-05,14,APXMIDP ,520.75,39.17
2019-05-05,14,N2EXMIDP,0,0
2019-05-05,15,APXMIDP ,880.25,44.21
2019-05-05,15,N2EXMIDP,0,0
2019-05-05,16,APXMIDP ,754.8,48.97
2019-05-05,16,N2EXMIDP,0,0
2019-05-05,17,APXMIDP ,812.65,44.8
2019-05-05,17,N2EXMIDP,0,0
2019-05-05,18,APXMIDP ,1083.8,44.81
2019-05-05,18,N2EXMIDP,0,0
2019-05-05,19,APXMIDP ,736.65,43.01
2019-05-05,19,N2EXMIDP,0,0
2019-05-05,20,APXMIDP ,877.8,41.85
2019-05-05,20,N2EXMIDP,0,0
2019-05-05,21,APXMIDP ,1085.65,41.8
2019-05-05,21,N2EXMIDP,0,0
2019-05-05,22,APXMIDP ,859.2,39.96
2019-05-05,22,N2EXMIDP,0,0
2019-05-05,23,APXMIDP ,1198.25,37.38
2019-05-05,23,N2EXMIDP,0,0
2019-05-05,24,APXMIDP ,1169.55,41.76
2019-05-05,24,N2EXMIDP,0,0
2019-05-05,25,APXMIDP ,1041.75,42.91
2019-05-05,25,N2EXMIDP,0,0
2019-05-05,26,APXMIDP ,1026.65,43.33
2019-05-05,26,N2EXMIDP,0,0
2019-05-05,27,APXMIDP ,1071.5,45.02
2019-05-05,27,N2EXMIDP,0,0
2019-05-05,28,APXMIDP ,1305,42.66
2019-05-05,28,N2EXMIDP,0,0
2019-05-05,29,APXMIDP ,1124,39.99
2019-05-05,29,N2EXMIDP,0,0
2019-05-05,30,APXMIDP ,940.9,39.29
2019-05-05,30,N2EXMIDP,0,0
2019-05-05,31,APXMIDP ,1610.8,37.16
2019-05-05,31,N2EXMIDP,0,0
2019-05-05,32,APXMIDP ,1343.6,38.02
2019-05-05,32,N2EXMIDP,0,0
2019-05-05,33,APXMIDP ,1311.3,38.08
2019-05-05,33,N2EXMIDP,0,0
2019-05-05,34,APXMIDP ,1169.45,38.66
2019-05-05,34,N2EXMIDP,0,0
2019-05-05,35,APXMIDP ,1241.75,37.55
2019-05-05,35,N2EXMIDP,0,0
2019-05-05,36,APXMIDP ,1150.45,41.52
2019-05-05,36,N2EXMIDP,0,0
2019-05-05,37,APXMIDP ,1193.45,44.56
2019-05-05,37,N2EXMIDP,0,0
2019-05-05,38,APXMIDP ,1518.25,45.61
2019-05-05,38,N2EXMIDP,0,0
2019-05-05,39,APXMIDP ,921.35,46.9
2019-05-05,39,N2EXMIDP,0,0
2019-05-05,40,APXMIDP ,935.6,46.27
2019-05-05,40,N2EXMIDP,0,0
2019-05-05,41,APXMIDP ,988.25,46.58
2019-05-05,41,N2EXMIDP,0,0
2019-05-05,42,APXMIDP ,844.1,47.88
2019-05-05,42,N2EXMIDP,0,0
2019-05-05,43,APXMIDP ,923.5,48.89
2019-05-05,43,N2EXMIDP,0,0
2019-05-05,44,APXMIDP ,680.1,45.87
2019-05-05,44,N2EXMIDP,0,0
2019-05-05,45,APXMIDP ,785.6,45.96
2019-05-05,45,N2EXMIDP,0,0
2019-05-05,46,APXMIDP ,817.25,40.44
2019-05-05,46,N2EXMIDP,0,0
2019-05-05,47,APXMIDP ,359.75,46.89
2019-05-05,47,N2EXMIDP,0,0
2019-05-05,48,APXMIDP ,234.4,46.56
2019-05-05,48,N2EXMIDP,0,0
2019-05-06,1,APXMIDP ,177.55,42.99
2019-05-06,1,N2EXMIDP,0,0
2019-05-06,2,APXMIDP ,291.15,38.65
2019-05-06,2,N2EXMIDP,0,0
2019-05-06,3,APXMIDP ,318.55,35.28
2019-05-06,3,N2EXMIDP,0,0
2019-05-06,4,APXMIDP ,349.35,34.19
2019-05-06,4,N2EXMIDP,0,0
2019-05-06,5,APXMIDP ,321,34.31
2019-05-06,5,N2EXMIDP,0,0
2019-05-06,6,APXMIDP ,405.55,33.52
2019-05-06,6,N2EXMIDP,0,0
2019-05-06,7,APXMIDP ,454.35,34.17
2019-05-06,7,N2EXMIDP,0,0
2019-05-06,8,APXMIDP ,464.45,33.07
2019-05-06,8,N2EXMIDP,0,0
2019-05-06,9,APXMIDP ,574.85,36.57
2019-05-06,9,N2EXMIDP,0,0
2019-05-06,10,APXMIDP ,498.75,35.63
2019-05-06,10,N2EXMIDP,0,0
2019-05-06,11,APXMIDP ,629.05,45.04
2019-05-06,11,N2EXMIDP,0,0
2019-05-06,12,APXMIDP ,493.5,43.24
2019-05-06,12,N2EXMIDP,0,0
2019-05-06,13,APXMIDP ,723.75,43.82
2019-05-06,13,N2EXMIDP,0,0
2019-05-06,14,APXMIDP ,1166,38.59
2019-05-06,14,N2EXMIDP,0,0
2019-05-06,15,APXMIDP ,553.6,54.09
2019-05-06,15,N2EXMIDP,0,0
2019-05-06,16,APXMIDP ,556.9,54.72
2019-05-06,16,N2EXMIDP,0,0
2019-05-06,17,APXMIDP ,923.9,45.28
2019-05-06,17,N2EXMIDP,0,0
2019-05-06,18,APXMIDP ,807,44.54
2019-05-06,18,N2EXMIDP,0,0
2019-05-06,19,APXMIDP ,964.5,40.07
2019-05-06,19,N2EXMIDP,0,0
2019-05-06,20,APXMIDP ,941,39.46
2019-05-06,20,N2EXMIDP,0,0
2019-05-06,21,APXMIDP ,1265.65,37.52
2019-05-06,21,N2EXMIDP,0,0
2019-05-06,22,APXMIDP ,1339.5,40.47
2019-05-06,22,N2EXMIDP,0,0
2019-05-06,23,APXMIDP ,962,37.23
2019-05-06,23,N2EXMIDP,0,0
2019-05-06,24,APXMIDP ,1041,37.69
2019-05-06,24,N2EXMIDP,0,0
2019-05-06,25,APXMIDP ,1350.45,38.95
2019-05-06,25,N2EXMIDP,0,0
2019-05-06,26,APXMIDP ,1274.2,38.56
2019-05-06,26,N2EXMIDP,0,0
2019-05-06,27,APXMIDP ,1188.45,38.45
2019-05-06,27,N2EXMIDP,0,0
2019-05-06,28,APXMIDP ,1202.9,38.05
2019-05-06,28,N2EXMIDP,0,0
2019-05-06,29,APXMIDP ,1300.45,37.47
2019-05-06,29,N2EXMIDP,0,0
2019-05-06,30,APXMIDP ,1153.55,37.58
2019-05-06,30,N2EXMIDP,0,0
2019-05-06,31,APXMIDP ,731.15,37.52
2019-05-06,31,N2EXMIDP,0,0
2019-05-06,32,APXMIDP ,482.6,38.87
2019-05-06,32,N2EXMIDP,0,0
2019-05-06,33,APXMIDP ,533.85,40.84
2019-05-06,33,N2EXMIDP,0,0
2019-05-06,34,APXMIDP ,640.65,42.83
2019-05-06,34,N2EXMIDP,0,0
2019-05-06,35,APXMIDP ,729.7,49.34
2019-05-06,35,N2EXMIDP,0,0
2019-05-06,36,APXMIDP ,890,55.47
2019-05-06,36,N2EXMIDP,0,0
2019-05-06,37,APXMIDP ,779.45,52.46
2019-05-06,37,N2EXMIDP,0,0
2019-05-06,38,APXMIDP ,897.65,50.46
2019-05-06,38,N2EXMIDP,0,0
2019-05-06,39,APXMIDP ,640.65,51.14
2019-05-06,39,N2EXMIDP,0,0
2019-05-06,40,APXMIDP ,662.05,50.81
2019-05-06,40,N2EXMIDP,0,0
2019-05-06,41,APXMIDP ,656.35,53.07
2019-05-06,41,N2EXMIDP,0,0
2019-05-06,42,APXMIDP ,791.2,53.76
2019-05-06,42,N2EXMIDP,0,0
2019-05-06,43,APXMIDP ,962.5,54.56
2019-05-06,43,N2EXMIDP,0,0
2019-05-06,44,APXMIDP ,833.15,45.1
2019-05-06,44,N2EXMIDP,0,0
2019-05-06,45,APXMIDP ,859.9,47.77
2019-05-06,45,N2EXMIDP,0,0
2019-05-06,46,APXMIDP ,1000.55,46.49
2019-05-06,46,N2EXMIDP,0,0
2019-05-06,47,APXMIDP ,453.7,28.46
2019-05-06,47,N2EXMIDP,0,0
2019-05-06,48,APXMIDP ,353,27.66
2019-05-06,48,N2EXMIDP,0,0
2019-05-07,1,APXMIDP ,105.35,33.63
2019-05-07,1,N2EXMIDP,0,0
2019-05-07,2,APXMIDP ,352.1,32.83
2019-05-07,2,N2EXMIDP,0,0
2019-05-07,3,APXMIDP ,430.55,34.14
2019-05-07,3,N2EXMIDP,0,0
2019-05-07,4,APXMIDP ,300.9,34.31
2019-05-07,4,N2EXMIDP,0,0
2019-05-07,5,APXMIDP ,390.55,34.91
2019-05-07,5,N2EXMIDP,0,0
2019-05-07,6,APXMIDP ,388.5,34.03
2019-05-07,6,N2EXMIDP,0,0
2019-05-07,7,APXMIDP ,258.7,36.94
2019-05-07,7,N2EXMIDP,0,0
2019-05-07,8,APXMIDP ,479.85,38.27
2019-05-07,8,N2EXMIDP,0,0
2019-05-07,9,APXMIDP ,484.25,53.61
2019-05-07,9,N2EXMIDP,0,0
2019-05-07,10,APXMIDP ,211.75,42.99
2019-05-07,10,N2EXMIDP,0,0
2019-05-07,11,APXMIDP ,148.4,39.52
2019-05-07,11,N2EXMIDP,0,0
2019-05-07,12,APXMIDP ,215.7,41.23
2019-05-07,12,N2EXMIDP,0,0
2019-05-07,13,APXMIDP ,351.55,47.8
2019-05-07,13,N2EXMIDP,0,0
2019-05-07,14,APXMIDP ,839.1,59.29
2019-05-07,14,N2EXMIDP,0,0
2019-05-07,15,APXMIDP ,833.65,65.49
2019-05-07,15,N2EXMIDP,0,0
2019-05-07,16,APXMIDP ,816.5,72.37
2019-05-07,16,N2EXMIDP,0,0
2019-05-07,17,APXMIDP ,659.05,69.28
2019-05-07,17,N2EXMIDP,0,0
2019-05-07,18,APXMIDP ,696.4,60.74
2019-05-07,18,N2EXMIDP,0,0
2019-05-07,19,APXMIDP ,835.8,48.24
2019-05-07,19,N2EXMIDP,0,0
2019-05-07,20,APXMIDP ,958.7,45.31
2019-05-07,20,N2EXMIDP,0,0
2019-05-07,21,APXMIDP ,948.75,45.22
2019-05-07,21,N2EXMIDP,0,0
2019-05-07,22,APXMIDP ,1011.35,44.18
2019-05-07,22,N2EXMIDP,0,0
2019-05-07,23,APXMIDP ,1005.2,38.56
2019-05-07,23,N2EXMIDP,0,0
2019-05-07,24,APXMIDP ,1094.85,37.47
2019-05-07,24,N2EXMIDP,0,0
2019-05-07,25,APXMIDP ,1211.3,38.53
2019-05-07,25,N2EXMIDP,0,0
2019-05-07,26,APXMIDP ,1179.5,39.08
2019-05-07,26,N2EXMIDP,0,0
2019-05-07,27,APXMIDP ,1252.75,38.04
2019-05-07,27,N2EXMIDP,0,0
2019-05-07,28,APXMIDP ,1166.95,38.23
2019-05-07,28,N2EXMIDP,0,0
2019-05-07,29,APXMIDP ,1258.3,38.34
2019-05-07,29,N2EXMIDP,0,0
2019-05-07,30,APXMIDP ,1244.65,38.02
2019-05-07,30,N2EXMIDP,0,0
2019-05-07,31,APXMIDP ,1149.45,43.84
2019-05-07,31,N2EXMIDP,0,0
2019-05-07,32,APXMIDP ,979.55,45.94
2019-05-07,32,N2EXMIDP,0,0
2019-05-07,33,APXMIDP ,1044.8,44.73
2019-05-07,33,N2EXMIDP,0,0
2019-05-07,34,APXMIDP ,1263.9,49.91
2019-05-07,34,N2EXMIDP,0,0
2019-05-07,35,APXMIDP ,1389.3,58.43
2019-05-07,35,N2EXMIDP,0,0
2019-05-07,36,APXMIDP ,1720.8,59.65
2019-05-07,36,N2EXMIDP,0,0
2019-05-07,37,APXMIDP ,1337.05,65.15
2019-05-07,37,N2EXMIDP,0,0
2019-05-07,38,APXMIDP ,1634.3,62.22
2019-05-07,38,N2EXMIDP,0,0
2019-05-07,39,APXMIDP ,1134.75,64.18
2019-05-07,39,N2EXMIDP,0,0
2019-05-07,40,APXMIDP ,1060.15,63.13
2019-05-07,40,N2EXMIDP,0,0
2019-05-07,41,APXMIDP ,894.8,57.76
2019-05-07,41,N2EXMIDP,0,0
2019-05-07,42,APXMIDP ,926.8,57.28
2019-05-07,42,N2EXMIDP,0,0
2019-05-07,43,APXMIDP ,736.2,55.7
2019-05-07,43,N2EXMIDP,0,0
2019-05-07,44,APXMIDP ,947.9,51.34
2019-05-07,44,N2EXMIDP,0,0
2019-05-07,45,APXMIDP ,1222.25,48.56
2019-05-07,45,N2EXMIDP,0,0
2019-05-07,46,APXMIDP ,1440.3,43.48
2019-05-07,46,N2EXMIDP,0,0
2019-05-07,47,APXMIDP ,937.05,36.6
2019-05-07,47,N2EXMIDP,0,0
2019-05-07,48,APXMIDP ,606.7,50.77
2019-05-07,48,N2EXMIDP,0,0
2019-05-08,1,APXMIDP ,496.15,48
2019-05-08,1,N2EXMIDP,0,0
2019-05-08,2,APXMIDP ,472.2,46.3
2019-05-08,2,N2EXMIDP,0,0
2019-05-08,3,APXMIDP ,601.05,40.71
2019-05-08,3,N2EXMIDP,0,0
2019-05-08,4,APXMIDP ,653.7,40.06
2019-05-08,4,N2EXMIDP,0,0
2019-05-08,5,APXMIDP ,530.1,40.45
2019-05-08,5,N2EXMIDP,0,0
2019-05-08,6,APXMIDP ,717.6,40.75
2019-05-08,6,N2EXMIDP,0,0
2019-05-08,7,APXMIDP ,403.45,42.2
2019-05-08,7,N2EXMIDP,0,0
2019-05-08,8,APXMIDP ,497.75,42.07
2019-05-08,8,N2EXMIDP,0,0
2019-05-08,9,APXMIDP ,511.75,41.43
2019-05-08,9,N2EXMIDP,0,0
2019-05-08,10,APXMIDP ,775.85,38.2
2019-05-08,10,N2EXMIDP,0,0
2019-05-08,11,APXMIDP ,1080.6,38.92
2019-05-08,11,N2EXMIDP,0,0
2019-05-08,12,APXMIDP ,944,39.03
2019-05-08,12,N2EXMIDP,0,0
2019-05-08,13,APXMIDP ,1030.75,43.7
2019-05-08,13,N2EXMIDP,0,0
2019-05-08,14,APXMIDP ,1259.25,47.98
2019-05-08,14,N2EXMIDP,0,0
2019-05-08,15,APXMIDP ,1158.35,53.43
2019-05-08,15,N2EXMIDP,0,0
2019-05-08,16,APXMIDP ,1375.65,56.71
2019-05-08,16,N2EXMIDP,0,0
2019-05-08,17,APXMIDP ,1280,56.35
2019-05-08,17,N2EXMIDP,0,0
2019-05-08,18,APXMIDP ,1406.1,55.29
2019-05-08,18,N2EXMIDP,0,0
2019-05-08,19,APXMIDP ,1180.8,58.19
2019-05-08,19,N2EXMIDP,0,0
2019-05-08,20,APXMIDP ,1442.45,58
2019-05-08,20,N2EXMIDP,0,0
2019-05-08,21,APXMIDP ,1427,55.78
2019-05-08,21,N2EXMIDP,0,0
2019-05-08,22,APXMIDP ,1514.2,53.83
2019-05-08,22,N2EXMIDP,0,0
2019-05-08,23,APXMIDP ,1507.45,44.62
2019-05-08,23,N2EXMIDP,0,0
2019-05-08,24,APXMIDP ,1487.65,43.73
2019-05-08,24,N2EXMIDP,0,0
2019-05-08,25,APXMIDP ,1653.65,46.16
2019-05-08,25,N2EXMIDP,0,0
2019-05-08,26,APXMIDP ,1818.25,46.17
2019-05-08,26,N2EXMIDP,0,0
2019-05-08,27,APXMIDP ,1564.9,45.6
2019-05-08,27,N2EXMIDP,0,0
2019-05-08,28,APXMIDP ,1765.25,44.23
2019-05-08,28,N2EXMIDP,0,0
2019-05-08,29,APXMIDP ,1598.65,42.92
2019-05-08,29,N2EXMIDP,0,0
2019-05-08,30,APXMIDP ,1622.35,41.48
2019-05-08,30,N2EXMIDP,0,0
2019-05-08,31,APXMIDP ,1668.4,43.3
2019-05-08,31,N2EXMIDP,0,0
2019-05-08,32,APXMIDP ,1644.85,45.43
2019-05-08,32,N2EXMIDP,0,0
2019-05-08,33,APXMIDP ,1573.1,47.96
2019-05-08,33,N2EXMIDP,0,0
2019-05-08,34,APXMIDP ,1563.35,50.3
2019-05-08,34,N2EXMIDP,0,0
2019-05-08,35,APXMIDP ,2176.85,52.8
2019-05-08,35,N2EXMIDP,0,0
2019-05-08,36,APXMIDP ,2145.7,51.36
2019-05-08,36,N2EXMIDP,0,0
2019-05-08,37,APXMIDP ,2404,50.1
2019-05-08,37,N2EXMIDP,0,0
2019-05-08,38,APXMIDP ,2466.45,51.23
2019-05-08,38,N2EXMIDP,0,0
2019-05-08,39,APXMIDP ,1624.6,55.25
2019-05-08,39,N2EXMIDP,0,0
2019-05-08,40,APXMIDP ,1504.6,54.23
2019-05-08,40,N2EXMIDP,0,0
2019-05-08,41,APXMIDP ,1357.4,53.64
2019-05-08,41,N2EXMIDP,0,0
2019-05-08,42,APXMIDP ,1576.8,55.15
2019-05-08,42,N2EXMIDP,0,0
2019-05-08,43,APXMIDP ,1320.55,55.25
2019-05-08,43,N2EXMIDP,0,0
2019-05-08,44,APXMIDP ,1155.6,49.42
2019-05-08,44,N2EXMIDP,0,0
2019-05-08,45,APXMIDP ,1137.3,45.27
2019-05-08,45,N2EXMIDP,0,0
2019-05-08,46,APXMIDP ,1835.4,41.77
2019-05-08,46,N2EXMIDP,0,0
2019-05-08,47,APXMIDP ,1022.3,38.34
2019-05-08,47,N2EXMIDP,0,0
2019-05-08,48,APXMIDP ,819.9,36.7
2019-05-08,48,N2EXMIDP,0,0
2019-05-09,1,APXMIDP ,764.5,34.23
2019-05-09,1,N2EXMIDP,0,0
2019-05-09,2,APXMIDP ,815.05,34.09
2019-05-09,2,N2EXMIDP,0,0
2019-05-09,3,APXMIDP ,653.05,34.77
2019-05-09,3,N2EXMIDP,0,0
2019-05-09,4,APXMIDP ,648.75,35.59
2019-05-09,4,N2EXMIDP,0,0
2019-05-09,5,APXMIDP ,728,35.98
2019-05-09,5,N2EXMIDP,0,0
2019-05-09,6,APXMIDP ,699.95,36.51
2019-05-09,6,N2EXMIDP,0,0
2019-05-09,7,APXMIDP ,664.75,41.89
2019-05-09,7,N2EXMIDP,0,0
2019-05-09,8,APXMIDP ,638.95,41.54
2019-05-09,8,N2EXMIDP,0,0
2019-05-09,9,APXMIDP ,793.95,40.05
2019-05-09,9,N2EXMIDP,0,0
2019-05-09,10,APXMIDP ,860.8,38.8
2019-05-09,10,N2EXMIDP,0,0
2019-05-09,11,APXMIDP ,724.35,39.24
2019-05-09,11,N2EXMIDP,0,0
2019-05-09,12,APXMIDP ,1090.9,35.86
2019-05-09,12,N2EXMIDP,0,0
2019-05-09,13,APXMIDP ,1306.1,42.92
2019-05-09,13,N2EXMIDP,0,0
2019-05-09,14,APXMIDP ,1932.6,43.06
2019-05-09,14,N2EXMIDP,0,0
2019-05-09,15,APXMIDP ,1170.55,48.29
2019-05-09,15,N2EXMIDP,0,0
2019-05-09,16,APXMIDP ,1181.5,53.15
2019-05-09,16,N2EXMIDP,0,0
2019-05-09,17,APXMIDP ,1246.35,48.53
2019-05-09,17,N2EXMIDP,0,0
2019-05-09,18,APXMIDP ,1586.8,48.6
2019-05-09,18,N2EXMIDP,0,0
2019-05-09,19,APXMIDP ,1688.5,48.01
2019-05-09,19,N2EXMIDP,0,0
2019-05-09,20,APXMIDP ,1718.65,45.97
2019-05-09,20,N2EXMIDP,0,0
2019-05-09,21,APXMIDP ,2014.7,52.69
2019-05-09,21,N2EXMIDP,0,0
2019-05-09,22,APXMIDP ,1933.45,53.07
2019-05-09,22,N2EXMIDP,0,0
2019-05-09,23,APXMIDP ,1626.6,57.49
2019-05-09,23,N2EXMIDP,0,0
2019-05-09,24,APXMIDP ,1414.85,56.81
2019-05-09,24,N2EXMIDP,0,0
2019-05-09,25,APXMIDP ,1444.35,52.57
2019-05-09,25,N2EXMIDP,0,0
2019-05-09,26,APXMIDP ,1624.05,52.47
2019-05-09,26,N2EXMIDP,0,0
2019-05-09,27,APXMIDP ,1984.3,58.1
2019-05-09,27,N2EXMIDP,0,0
2019-05-09,28,APXMIDP ,2418.2,58.5
2019-05-09,28,N2EXMIDP,0,0
2019-05-09,29,APXMIDP ,2387.15,60.44
2019-05-09,29,N2EXMIDP,0,0
2019-05-09,30,APXMIDP ,1997.95,58.94
2019-05-09,30,N2EXMIDP,0,0
2019-05-09,31,APXMIDP ,1967.6,73.85
2019-05-09,31,N2EXMIDP,0,0
2019-05-09,32,APXMIDP ,1988.45,75.08
2019-05-09,32,N2EXMIDP,0,0
2019-05-09,33,APXMIDP ,1554.55,76.53
2019-05-09,33,N2EXMIDP,0,0
2019-05-09,34,APXMIDP ,1780.65,82.37
2019-05-09,34,N2EXMIDP,0,0
2019-05-09,35,APXMIDP ,1887.65,89.11
2019-05-09,35,N2EXMIDP,0,0
2019-05-09,36,APXMIDP ,1946.05,91.94
2019-05-09,36,N2EXMIDP,0,0
2019-05-09,37,APXMIDP ,2158.25,92.58
2019-05-09,37,N2EXMIDP,0,0
2019-05-09,38,APXMIDP ,1933.05,90.41
2019-05-09,38,N2EXMIDP,0,0
2019-05-09,39,APXMIDP ,1185.55,93.65
2019-05-09,39,N2EXMIDP,0,0
2019-05-09,40,APXMIDP ,1151.5,97.45
2019-05-09,40,N2EXMIDP,0,0
2019-05-09,41,APXMIDP ,1066.5,94.09
2019-05-09,41,N2EXMIDP,0,0
2019-05-09,42,APXMIDP ,1211.35,85.4
2019-05-09,42,N2EXMIDP,0,0
2019-05-09,43,APXMIDP ,1486.15,69.22
2019-05-09,43,N2EXMIDP,0,0
2019-05-09,44,APXMIDP ,1362.5,60.85
2019-05-09,44,N2EXMIDP,0,0
2019-05-09,45,APXMIDP ,1081.55,54.35
2019-05-09,45,N2EXMIDP,0,0
2019-05-09,46,APXMIDP ,1081.4,52.08
2019-05-09,46,N2EXMIDP,0,0
2019-05-09,47,APXMIDP ,666.4,44.81
2019-05-09,47,N2EXMIDP,0,0
2019-05-09,48,APXMIDP ,372.95,44.2
2019-05-09,48,N2EXMIDP,0,0
2019-05-10,1,APXMIDP ,385.95,47.88
2019-05-10,1,N2EXMIDP,0,0
2019-05-10,2,APXMIDP ,360.45,46.69
2019-05-10,2,N2EXMIDP,0,0
2019-05-10,3,APXMIDP ,410.65,44.17
2019-05-10,3,N2EXMIDP,0,0
2019-05-10,4,APXMIDP ,410.05,44.68
2019-05-10,4,N2EXMIDP,0,0
2019-05-10,5,APXMIDP ,389.25,45.02
2019-05-10,5,N2EXMIDP,0,0
2019-05-10,6,APXMIDP ,389.9,44.89
2019-05-10,6,N2EXMIDP,0,0
2019-05-10,7,APXMIDP ,397.85,43.23
2019-05-10,7,N2EXMIDP,0,0
2019-05-10,8,APXMIDP ,400.6,43
2019-05-10,8,N2EXMIDP,0,0
2019-05-10,9,APXMIDP ,426.85,42.51
2019-05-10,9,N2EXMIDP,0,0
2019-05-10,10,APXMIDP ,521.5,42.83
2019-05-10,10,N2EXMIDP,0,0
2019-05-10,11,APXMIDP ,434.35,47.15
2019-05-10,11,N2EXMIDP,0,0
2019-05-10,12,APXMIDP ,416.4,47.08
2019-05-10,12,N2EXMIDP,0,0
2019-05-10,13,APXMIDP ,624.35,43.89
2019-05-10,13,N2EXMIDP,0,0
2019-05-10,14,APXMIDP ,918.65,46.08
2019-05-10,14,N2EXMIDP,0,0
2019-05-10,15,APXMIDP ,732.25,48.24
2019-05-10,15,N2EXMIDP,0,0
2019-05-10,16,APXMIDP ,597.35,59.35
2019-05-10,16,N2EXMIDP,0,0
2019-05-10,17,APXMIDP ,641.6,62.26
2019-05-10,17,N2EXMIDP,0,0
2019-05-10,18,APXMIDP ,857.15,51.87
2019-05-10,18,N2EXMIDP,0,0
2019-05-10,19,APXMIDP ,1124.3,56.2
2019-05-10,19,N2EXMIDP,0,0
2019-05-10,20,APXMIDP ,1275.6,50.9
2019-05-10,20,N2EXMIDP,0,0
2019-05-10,21,APXMIDP ,1145.65,44.35
2019-05-10,21,N2EXMIDP,0,0
2019-05-10,22,APXMIDP ,1055.4,45.35
2019-05-10,22,N2EXMIDP,0,0
2019-05-10,23,APXMIDP ,1498.05,50.87
2019-05-10,23,N2EXMIDP,0,0
2019-05-10,24,APXMIDP ,2216.7,47.82
2019-05-10,24,N2EXMIDP,0,0
2019-05-10,25,APXMIDP ,1732.85,48.22
2019-05-10,25,N2EXMIDP,0,0
2019-05-10,26,APXMIDP ,1741.2,45.74
2019-05-10,26,N2EXMIDP,0,0
2019-05-10,27,APXMIDP ,2404.65,45.23
2019-05-10,27,N2EXMIDP,0,0
2019-05-10,28,APXMIDP ,2157.55,43.84
2019-05-10,28,N2EXMIDP,0,0
2019-05-10,29,APXMIDP ,2213.65,43.55
2019-05-10,29,N2EXMIDP,0,0
2019-05-10,30,APXMIDP ,2373.55,41.85
2019-05-10,30,N2EXMIDP,0,0
2019-05-10,31,APXMIDP ,952.2,40.89
2019-05-10,31,N2EXMIDP,0,0
2019-05-10,32,APXMIDP ,1464.3,45.61
2019-05-10,32,N2EXMIDP,0,0
2019-05-10,33,APXMIDP ,1301.45,49.4
2019-05-10,33,N2EXMIDP,0,0
2019-05-10,34,APXMIDP ,976.3,54.18
2019-05-10,34,N2EXMIDP,0,0
2019-05-10,35,APXMIDP ,1147.05,53.36
2019-05-10,35,N2EXMIDP,0,0
2019-05-10,36,APXMIDP ,1105,56.05
2019-05-10,36,N2EXMIDP,0,0
2019-05-10,37,APXMIDP ,1072.4,57.86
2019-05-10,37,N2EXMIDP,0,0
2019-05-10,38,APXMIDP ,1308.55,58.94
2019-05-10,38,N2EXMIDP,0,0
2019-05-10,39,APXMIDP ,1388.15,60.38
2019-05-10,39,N2EXMIDP,0,0
2019-05-10,40,APXMIDP ,1325.05,56.71
2019-05-10,40,N2EXMIDP,0,0
2019-05-10,41,APXMIDP ,1343.4,50.93
2019-05-10,41,N2EXMIDP,0,0
2019-05-10,42,APXMIDP ,1413.95,50.93
2019-05-10,42,N2EXMIDP,0,0
2019-05-10,43,APXMIDP ,1380,51.86
2019-05-10,43,N2EXMIDP,0,0
2019-05-10,44,APXMIDP ,1317.15,47.51
2019-05-10,44,N2EXMIDP,0,0
2019-05-10,45,APXMIDP ,1745.45,46.38
2019-05-10,45,N2EXMIDP,0,0
2019-05-10,46,APXMIDP ,1528.7,45.91
2019-05-10,46,N2EXMIDP,0,0
2019-05-10,47,APXMIDP ,727.7,46.06
2019-05-10,47,N2EXMIDP,0,0
2019-05-10,48,APXMIDP ,444.55,49.64
2019-05-10,48,N2EXMIDP,0,0
2019-05-11,1,APXMIDP ,179.9,46.85
2019-05-11,1,N2EXMIDP,0,0
2019-05-11,2,APXMIDP ,288.75,44.23
2019-05-11,2,N2EXMIDP,0,0
2019-05-11,3,APXMIDP ,286.45,43.52
2019-05-11,3,N2EXMIDP,0,0
2019-05-11,4,APXMIDP ,237.7,44.99
2019-05-11,4,N2EXMIDP,0,0
2019-05-11,5,APXMIDP ,312.85,44.4
2019-05-11,5,N2EXMIDP,0,0
2019-05-11,6,APXMIDP ,280.85,43.84
2019-05-11,6,N2EXMIDP,0,0
2019-05-11,7,APXMIDP ,228.4,50.59
2019-05-11,7,N2EXMIDP,0,0
2019-05-11,8,APXMIDP ,243.35,49.95
2019-05-11,8,N2EXMIDP,0,0
2019-05-11,9,APXMIDP ,254.25,49.21
2019-05-11,9,N2EXMIDP,0,0
2019-05-11,10,APXMIDP ,211.5,48.73
2019-05-11,10,N2EXMIDP,0,0
2019-05-11,11,APXMIDP ,168.5,43.24
2019-05-11,11,N2EXMIDP,0,0
2019-05-11,12,APXMIDP ,225.15,41.59
2019-05-11,12,N2EXMIDP,0,0
2019-05-11,13,APXMIDP ,187.25,44.27
2019-05-11,13,N2EXMIDP,0,0
2019-05-11,14,APXMIDP ,482.85,44.84
2019-05-11,14,N2EXMIDP,0,0
2019-05-11,15,APXMIDP ,800.5,43.45
2019-05-11,15,N2EXMIDP,0,0
2019-05-11,16,APXMIDP ,773.65,44.76
2019-05-11,16,N2EXMIDP,0,0
2019-05-11,17,APXMIDP ,672.4,46.85
2019-05-11,17,N2EXMIDP,0,0
2019-05-11,18,APXMIDP ,794.65,46.97
2019-05-11,18,N2EXMIDP,0,0
2019-05-11,19,APXMIDP ,819.6,51.64
2019-05-11,19,N2EXMIDP,0,0
2019-05-11,20,APXMIDP ,1095.1,52.38
2019-05-11,20,N2EXMIDP,0,0
2019-05-11,21,APXMIDP ,943.5,49.59
2019-05-11,21,N2EXMIDP,0,0
2019-05-11,22,APXMIDP ,1022.75,46.98
2019-05-11,22,N2EXMIDP,0,0
2019-05-11,23,APXMIDP ,1193.45,41.75
2019-05-11,23,N2EXMIDP,0,0
2019-05-11,24,APXMIDP ,1103.55,39.61
2019-05-11,24,N2EXMIDP,0,0
2019-05-11,25,APXMIDP ,1105.1,39.49
2019-05-11,25,N2EXMIDP,0,0
2019-05-11,26,APXMIDP ,1162.6,39.09
2019-05-11,26,N2EXMIDP,0,0
2019-05-11,27,APXMIDP ,978.75,36.52
2019-05-11,27,N2EXMIDP,0,0
2019-05-11,28,APXMIDP ,950.55,35.95
2019-05-11,28,N2EXMIDP,0,0
2019-05-11,29,APXMIDP ,1172.15,32.68
2019-05-11,29,N2EXMIDP,0,0
2019-05-11,30,APXMIDP ,1289.95,30.98
2019-05-11,30,N2EXMIDP,0,0
2019-05-11,31,APXMIDP ,1094.55,30.06
2019-05-11,31,N2EXMIDP,0,0
2019-05-11,32,APXMIDP ,1168.9,30.49
2019-05-11,32,N2EXMIDP,0,0
2019-05-11,33,APXMIDP ,1280.65,32.71
2019-05-11,33,N2EXMIDP,0,0
2019-05-11,34,APXMIDP ,1256.4,33.24
2019-05-11,34,N2EXMIDP,0,0
2019-05-11,35,APXMIDP ,827.55,36.92
2019-05-11,35,N2EXMIDP,0,0
2019-05-11,36,APXMIDP ,762,39.49
2019-05-11,36,N2EXMIDP,0,0
2019-05-11,37,APXMIDP ,518.45,38.81
2019-05-11,37,N2EXMIDP,0,0
2019-05-11,38,APXMIDP ,699.7,39.49
2019-05-11,38,N2EXMIDP,0,0
2019-05-11,39,APXMIDP ,717.05,45.88
2019-05-11,39,N2EXMIDP,0,0
2019-05-11,40,APXMIDP ,543.05,45.78
2019-05-11,40,N2EXMIDP,0,0
2019-05-11,41,APXMIDP ,642.25,44.16
2019-05-11,41,N2EXMIDP,0,0
2019-05-11,42,APXMIDP ,546.65,47.1
2019-05-11,42,N2EXMIDP,0,0
2019-05-11,43,APXMIDP ,608.05,53.26
2019-05-11,43,N2EXMIDP,0,0
2019-05-11,44,APXMIDP ,712.85,50.3
2019-05-11,44,N2EXMIDP,0,0
2019-05-11,45,APXMIDP ,726,48.82
2019-05-11,45,N2EXMIDP,0,0
2019-05-11,46,APXMIDP ,892.9,42.19
2019-05-11,46,N2EXMIDP,0,0
2019-05-11,47,APXMIDP ,660.9,42.02
2019-05-11,47,N2EXMIDP,0,0
2019-05-11,48,APXMIDP ,484.65,45.84
2019-05-11,48,N2EXMIDP,0,0
2019-05-12,1,APXMIDP ,326.85,43.93
2019-05-12,1,N2EXMIDP,0,0
2019-05-12,2,APXMIDP ,442,43.17
2019-05-12,2,N2EXMIDP,0,0
2019-05-12,3,APXMIDP ,215.2,38.3
2019-05-12,3,N2EXMIDP,0,0
2019-05-12,4,APXMIDP ,214.9,38.25
2019-05-12,4,N2EXMIDP,0,0
2019-05-12,5,APXMIDP ,339.65,38.76
2019-05-12,5,N2EXMIDP,0,0
2019-05-12,6,APXMIDP ,432.05,38.44
2019-05-12,6,N2EXMIDP,0,0
2019-05-12,7,APXMIDP ,287.4,39.91
2019-05-12,7,N2EXMIDP,0,0
2019-05-12,8,APXMIDP ,330.9,38.08
2019-05-12,8,N2EXMIDP,0,0
2019-05-12,9,APXMIDP ,297.9,38.9
2019-05-12,9,N2EXMIDP,0,0
2019-05-12,10,APXMIDP ,429,39.36
2019-05-12,10,N2EXMIDP,0,0
2019-05-12,11,APXMIDP ,355.2,37.38
2019-05-12,11,N2EXMIDP,0,0
2019-05-12,12,APXMIDP ,400.8,36.97
2019-05-12,12,N2EXMIDP,0,0
2019-05-12,13,APXMIDP ,360.35,38.32
2019-05-12,13,N2EXMIDP,0,0
2019-05-12,14,APXMIDP ,581.3,38.84
2019-05-12,14,N2EXMIDP,0,0
2019-05-12,15,APXMIDP ,860.75,38
2019-05-12,15,N2EXMIDP,0,0
2019-05-12,16,APXMIDP ,593.5,40.07
2019-05-12,16,N2EXMIDP,0,0
2019-05-12,17,APXMIDP ,541.35,39.43
2019-05-12,17,N2EXMIDP,0,0
2019-05-12,18,APXMIDP ,562.25,39.29
2019-05-12,18,N2EXMIDP,0,0
2019-05-12,19,APXMIDP ,561.85,37.7
2019-05-12,19,N2EXMIDP,0,0
2019-05-12,20,APXMIDP ,526.1,38.14
2019-05-12,20,N2EXMIDP,0,0
2019-05-12,21,APXMIDP ,660.8,37.43
2019-05-12,21,N2EXMIDP,0,0
2019-05-12,22,APXMIDP ,624.45,37.52
2019-05-12,22,N2EXMIDP,0,0
2019-05-12,23,APXMIDP ,737.2,36.66
2019-05-12,23,N2EXMIDP,0,0
2019-05-12,24,APXMIDP ,822.45,36.51
2019-05-12,24,N2EXMIDP,0,0
2019-05-12,25,APXMIDP ,861.85,36.38
2019-05-12,25,N2EXMIDP,0,0
2019-05-12,26,APXMIDP ,947.7,36.36
2019-05-12,26,N2EXMIDP,0,0
2019-05-12,27,APXMIDP ,1013.3,35.28
2019-05-12,27,N2EXMIDP,0,0
2019-05-12,28,APXMIDP ,1045.15,35.47
2019-05-12,28,N2EXMIDP,0,0
2019-05-12,29,APXMIDP ,1227.85,35
2019-05-12,29,N2EXMIDP,0,0
2019-05-12,30,APXMIDP ,1104.2,34.99
2019-05-12,30,N2EXMIDP,0,0
2019-05-12,31,APXMIDP ,812.45,34.11
2019-05-12,31,N2EXMIDP,0,0
2019-05-12,32,APXMIDP ,666.4,33.13
2019-05-12,32,N2EXMIDP,0,0
2019-05-12,33,APXMIDP ,856.9,34.79
2019-05-12,33,N2EXMIDP,0,0
2019-05-12,34,APXMIDP ,828.9,35.75
2019-05-12,34,N2EXMIDP,0,0
2019-05-12,35,APXMIDP ,1048.5,36.72
2019-05-12,35,N2EXMIDP,0,0
2019-05-12,36,APXMIDP ,914.4,36.9
2019-05-12,36,N2EXMIDP,0,0
2019-05-12,37,APXMIDP ,750.15,37.72
2019-05-12,37,N2EXMIDP,0,0
2019-05-12,38,APXMIDP ,868.95,38.07
2019-05-12,38,N2EXMIDP,0,0
2019-05-12,39,APXMIDP ,670.65,49.31
2019-05-12,39,N2EXMIDP,0,0
2019-05-12,40,APXMIDP ,672.35,48.79
2019-05-12,40,N2EXMIDP,0,0
2019-05-12,41,APXMIDP ,732.55,48.78
2019-05-12,41,N2EXMIDP,0,0
2019-05-12,42,APXMIDP ,743.05,47.86
2019-05-12,42,N2EXMIDP,0,0
2019-05-12,43,APXMIDP ,767.9,50.84
2019-05-12,43,N2EXMIDP,0,0
2019-05-12,44,APXMIDP ,777.7,47.71
2019-05-12,44,N2EXMIDP,0,0
2019-05-12,45,APXMIDP ,757.3,43.65
2019-05-12,45,N2EXMIDP,0,0
2019-05-12,46,APXMIDP ,1243.4,40.1
2019-05-12,46,N2EXMIDP,0,0
2019-05-12,47,APXMIDP ,404.35,39.79
2019-05-12,47,N2EXMIDP,0,0
2019-05-12,48,APXMIDP ,396.9,38.88
2019-05-12,48,N2EXMIDP,0,0
2019-05-13,1,APXMIDP ,214,36.25
2019-05-13,1,N2EXMIDP,0,0
2019-05-13,2,APXMIDP ,209.65,36.11
2019-05-13,2,N2EXMIDP,0,0
2019-05-13,3,APXMIDP ,217.1,36.67
2019-05-13,3,N2EXMIDP,0,0
2019-05-13,4,APXMIDP ,282.65,37.38
2019-05-13,4,N2EXMIDP,0,0
2019-05-13,5,APXMIDP ,238.7,36.82
2019-05-13,5,N2EXMIDP,0,0
2019-05-13,6,APXMIDP ,249.2,35.33
2019-05-13,6,N2EXMIDP,0,0
2019-05-13,7,APXMIDP ,330.4,36.31
2019-05-13,7,N2EXMIDP,0,0
2019-05-13,8,APXMIDP ,279.55,35.8
2019-05-13,8,N2EXMIDP,0,0
2019-05-13,9,APXMIDP ,324.4,36.38
2019-05-13,9,N2EXMIDP,0,0
2019-05-13,10,APXMIDP ,406.45,35.76
2019-05-13,10,N2EXMIDP,0,0
2019-05-13,11,APXMIDP ,247.15,36.27
2019-05-13,11,N2EXMIDP,0,0
2019-05-13,12,APXMIDP ,258.35,37.12
2019-05-13,12,N2EXMIDP,0,0
2019-05-13,13,APXMIDP ,728.2,39.57
2019-05-13,13,N2EXMIDP,0,0
2019-05-13,14,APXMIDP ,1126.5,39.08
2019-05-13,14,N2EXMIDP,0,0
2019-05-13,15,APXMIDP ,833.5,43.53
2019-05-13,15,N2EXMIDP,0,0
2019-05-13,16,APXMIDP ,817.05,65.3
2019-05-13,16,N2EXMIDP,0,0
2019-05-13,17,APXMIDP ,895.15,63.03
2019-05-13,17,N2EXMIDP,0,0
2019-05-13,18,APXMIDP ,831.6,48.85
2019-05-13,18,N2EXMIDP,0,0
2019-05-13,19,APXMIDP ,934.3,39.88
2019-05-13,19,N2EXMIDP,0,0
2019-05-13,20,APXMIDP ,751.35,37.87
2019-05-13,20,N2EXMIDP,0,0
2019-05-13,21,APXMIDP ,739.55,37.89
2019-05-13,21,N2EXMIDP,0,0
2019-05-13,22,APXMIDP ,976.85,37.13
2019-05-13,22,N2EXMIDP,0,0
2019-05-13,23,APXMIDP ,1407.4,34.4
2019-05-13,23,N2EXMIDP,0,0
2019-05-13,24,APXMIDP ,1488.95,34.02
2019-05-13,24,N2EXMIDP,0,0
2019-05-13,25,APXMIDP ,1383.1,34.42
2019-05-13,25,N2EXMIDP,0,0
2019-05-13,26,APXMIDP ,1565.4,34.12
2019-05-13,26,N2EXMIDP,0,0
2019-05-13,27,APXMIDP ,1748.65,34.48
2019-05-13,27,N2EXMIDP,0,0
2019-05-13,28,APXMIDP ,1831.85,34.44
2019-05-13,28,N2EXMIDP,0,0
2019-05-13,29,APXMIDP ,1926.95,34.33
2019-05-13,29,N2EXMIDP,0,0
2019-05-13,30,APXMIDP ,1919.1,34.18
2019-05-13,30,N2EXMIDP,0,0
2019-05-13,31,APXMIDP ,1112.55,34.18
2019-05-13,31,N2EXMIDP,0,0
2019-05-13,32,APXMIDP ,1193.85,34.31
2019-05-13,32,N2EXMIDP,0,0
2019-05-13,33,APXMIDP ,1282.5,34.36
2019-05-13,33,N2EXMIDP,0,0
2019-05-13,34,APXMIDP ,1008.25,35.74
2019-05-13,34,N2EXMIDP,0,0
2019-05-13,35,APXMIDP ,1234.4,37.12
2019-05-13,35,N2EXMIDP,0,0
2019-05-13,36,APXMIDP ,945.7,39.21
2019-05-13,36,N2EXMIDP,0,0
2019-05-13,37,APXMIDP ,1290.85,41.61
2019-05-13,37,N2EXMIDP,0,0
2019-05-13,38,APXMIDP ,1286.7,47.42
2019-05-13,38,N2EXMIDP,0,0
2019-05-13,39,APXMIDP ,1347.45,58.89
2019-05-13,39,N2EXMIDP,0,0
2019-05-13,40,APXMIDP ,1195.1,55.73
2019-05-13,40,N2EXMIDP,0,0
2019-05-13,41,APXMIDP ,1184.65,55.14
2019-05-13,41,N2EXMIDP,0,0
2019-05-13,42,APXMIDP ,1165.15,53.04
2019-05-13,42,N2EXMIDP,0,0
2019-05-13,43,APXMIDP ,860.85,55.89
2019-05-13,43,N2EXMIDP,0,0
2019-05-13,44,APXMIDP ,976.55,47.04
2019-05-13,44,N2EXMIDP,0,0
2019-05-13,45,APXMIDP ,917.05,39.42
2019-05-13,45,N2EXMIDP,0,0
2019-05-13,46,APXMIDP ,1611.7,37.46
2019-05-13,46,N2EXMIDP,0,0
2019-05-13,47,APXMIDP ,746.85,38.53
2019-05-13,47,N2EXMIDP,0,0
2019-05-13,48,APXMIDP ,596.3,35.84
2019-05-13,48,N2EXMIDP,0,0
2019-05-14,1,APXMIDP ,321.7,31.18
2019-05-14,1,N2EXMIDP,0,0
2019-05-14,2,APXMIDP ,316,30.7
2019-05-14,2,N2EXMIDP,0,0
2019-05-14,3,APXMIDP ,285.2,30.05
2019-05-14,3,N2EXMIDP,0,0
2019-05-14,4,APXMIDP ,304.6,30.16
2019-05-14,4,N2EXMIDP,0,0
2019-05-14,5,APXMIDP ,507.85,30.72
2019-05-14,5,N2EXMIDP,0,0
2019-05-14,6,APXMIDP ,526.15,30.2
2019-05-14,6,N2EXMIDP,0,0
2019-05-14,7,APXMIDP ,489.35,30.51
2019-05-14,7,N2EXMIDP,0,0
2019-05-14,8,APXMIDP ,471.25,30.62
2019-05-14,8,N2EXMIDP,0,0
2019-05-14,9,APXMIDP ,522.8,30.35
2019-05-14,9,N2EXMIDP,0,0
2019-05-14,10,APXMIDP ,639.7,29.53
2019-05-14,10,N2EXMIDP,0,0
2019-05-14,11,APXMIDP ,664.4,31.79
2019-05-14,11,N2EXMIDP,0,0
2019-05-14,12,APXMIDP ,414.55,30.4
2019-05-14,12,N2EXMIDP,0,0
2019-05-14,13,APXMIDP ,606.75,33.89
2019-05-14,13,N2EXMIDP,0,0
2019-05-14,14,APXMIDP ,752.25,38.31
2019-05-14,14,N2EXMIDP,0,0
2019-05-14,15,APXMIDP ,996.45,41.95
2019-05-14,15,N2EXMIDP,0,0
2019-05-14,16,APXMIDP ,786.55,46.34
2019-05-14,16,N2EXMIDP,0,0
2019-05-14,17,APXMIDP ,863.85,42.2
2019-05-14,17,N2EXMIDP,0,0
2019-05-14,18,APXMIDP ,1313.35,36.92
2019-05-14,18,N2EXMIDP,0,0
2019-05-14,19,APXMIDP ,1240.5,37.11
2019-05-14,19,N2EXMIDP,0,0
2019-05-14,20,APXMIDP ,1163.9,32.13
2019-05-14,20,N2EXMIDP,0,0
2019-05-14,21,APXMIDP ,1056.6,31.9
2019-05-14,21,N2EXMIDP,0,0
2019-05-14,22,APXMIDP ,1205.35,31.69
2019-05-14,22,N2EXMIDP,0,0
2019-05-14,23,APXMIDP ,1384.55,31.84
2019-05-14,23,N2EXMIDP,0,0
2019-05-14,24,APXMIDP ,1217.55,31.72
2019-05-14,24,N2EXMIDP,0,0
2019-05-14,25,APXMIDP ,1387.95,31.91
2019-05-14,25,N2EXMIDP,0,0
2019-05-14,26,APXMIDP ,1482.65,31.44
2019-05-14,26,N2EXMIDP,0,0
2019-05-14,27,APXMIDP ,1563.45,31.37
2019-05-14,27,N2EXMIDP,0,0
2019-05-14,28,APXMIDP ,1552.25,31.2
2019-05-14,28,N2EXMIDP,0,0
2019-05-14,29,APXMIDP ,1366.05,31
2019-05-14,29,N2EXMIDP,0,0
2019-05-14,30,APXMIDP ,1423.55,30.56
2019-05-14,30,N2EXMIDP,0,0
2019-05-14,31,APXMIDP ,2416.85,34.84
2019-05-14,31,N2EXMIDP,0,0
2019-05-14,32,APXMIDP ,2092.15,34
2019-05-14,32,N2EXMIDP,0,0
2019-05-14,33,APXMIDP ,2099.9,33.84
2019-05-14,33,N2EXMIDP,0,0
2019-05-14,34,APXMIDP ,1783.8,34.22
2019-05-14,34,N2EXMIDP,0,0
2019-05-14,35,APXMIDP ,1330.9,35.55
2019-05-14,35,N2EXMIDP,0,0
2019-05-14,36,APXMIDP ,1311.25,36.66
2019-05-14,36,N2EXMIDP,0,0
2019-05-14,37,APXMIDP ,1226.6,36.8
2019-05-14,37,N2EXMIDP,0,0
2019-05-14,38,APXMIDP ,1583,40.19
2019-05-14,38,N2EXMIDP,0,0
2019-05-14,39,APXMIDP ,977.45,49.5
2019-05-14,39,N2EXMIDP,0,0
2019-05-14,40,APXMIDP ,1056.8,48.76
2019-05-14,40,N2EXMIDP,0,0
2019-05-14,41,APXMIDP ,1214.1,52.5
2019-05-14,41,N2EXMIDP,0,0
2019-05-14,42,APXMIDP ,1257.05,52.14
2019-05-14,42,N2EXMIDP,0,0
2019-05-14,43,APXMIDP ,1376.3,46.91
2019-05-14,43,N2EXMIDP,0,0
2019-05-14,44,APXMIDP ,1659.95,44.14
2019-05-14,44,N2EXMIDP,0,0
2019-05-14,45,APXMIDP ,1318.05,37.71
2019-05-14,45,N2EXMIDP,0,0
2019-05-14,46,APXMIDP ,1813.3,40.22
2019-05-14,46,N2EXMIDP,0,0
2019-05-14,47,APXMIDP ,513.55,39.81
2019-05-14,47,N2EXMIDP,0,0
2019-05-14,48,APXMIDP ,558.75,36.73
2019-05-14,48,N2EXMIDP,0,0
2019-05-15,1,APXMIDP ,167.35,34.66
2019-05-15,1,N2EXMIDP,0,0
2019-05-15,2,APXMIDP ,194.7,31.34
2019-05-15,2,N2EXMIDP,0,0
2019-05-15,3,APXMIDP ,314.9,31.57
2019-05-15,3,N2EXMIDP,0,0
2019-05-15,4,APXMIDP ,219.55,31.98
2019-05-15,4,N2EXMIDP,0,0
2019-05-15,5,APXMIDP ,347.55,33.37
2019-05-15,5,N2EXMIDP,0,0
2019-05-15,6,APXMIDP ,470,31.11
2019-05-15,6,N2EXMIDP,0,0
2019-05-15,7,APXMIDP ,349.7,31.56
2019-05-15,7,N2EXMIDP,0,0
2019-05-15,8,APXMIDP ,412.85,31.95
2019-05-15,8,N2EXMIDP,0,0
2019-05-15,9,APXMIDP ,371.05,31.44
2019-05-15,9,N2EXMIDP,0,0
2019-05-15,10,APXMIDP ,359,31.63
2019-05-15,10,N2EXMIDP,0,0
2019-05-15,11,APXMIDP ,322.85,36.69
2019-05-15,11,N2EXMIDP,0,0
2019-05-15,12,APXMIDP ,630,35.28
2019-05-15,12,N2EXMIDP,0,0
2019-05-15,13,APXMIDP ,560.75,40.41
2019-05-15,13,N2EXMIDP,0,0
2019-05-15,14,APXMIDP ,650.3,44.93
2019-05-15,14,N2EXMIDP,0,0
2019-05-15,15,APXMIDP ,418.4,35.05
2019-05-15,15,N2EXMIDP,0,0
2019-05-15,16,APXMIDP ,675.35,44.82
2019-05-15,16,N2EXMIDP,0,0
2019-05-15,17,APXMIDP ,759.45,42.01
2019-05-15,17,N2EXMIDP,0,0
2019-05-15,18,APXMIDP ,903,41.7
2019-05-15,18,N2EXMIDP,0,0
2019-05-15,19,APXMIDP ,886.15,35.56
2019-05-15,19,N2EXMIDP,0,0
2019-05-15,20,APXMIDP ,587.55,35.04
2019-05-15,20,N2EXMIDP,0,0
2019-05-15,21,APXMIDP ,1235.35,36.19
2019-05-15,21,N2EXMIDP,0,0
2019-05-15,22,APXMIDP ,1530.1,35.6
2019-05-15,22,N2EXMIDP,0,0
2019-05-15,23,APXMIDP ,1070.65,34.73
2019-05-15,23,N2EXMIDP,0,0
2019-05-15,24,APXMIDP ,1193.8,34.05
2019-05-15,24,N2EXMIDP,0,0
2019-05-15,25,APXMIDP ,1158.9,33.86
2019-05-15,25,N2EXMIDP,0,0
2019-05-15,26,APXMIDP ,1045.95,33.75
2019-05-15,26,N2EXMIDP,0,0
2019-05-15,27,APXMIDP ,1221.25,33.17
2019-05-15,27,N2EXMIDP,0,0
2019-05-15,28,APXMIDP ,1108.7,33.16
2019-05-15,28,N2EXMIDP,0,0
2019-05-15,29,APXMIDP ,1116.7,33.08
2019-05-15,29,N2EXMIDP,0,0
2019-05-15,30,APXMIDP ,1456.2,32.53
2019-05-15,30,N2EXMIDP,0,0
2019-05-15,31,APXMIDP ,1023.5,32.81
2019-05-15,31,N2EXMIDP,0,0
2019-05-15,32,APXMIDP ,1178.55,33.52
2019-05-15,32,N2EXMIDP,0,0
2019-05-15,33,APXMIDP ,989.3,33.45
2019-05-15,33,N2EXMIDP,0,0
2019-05-15,34,APXMIDP ,975.25,33.79
2019-05-15,34,N2EXMIDP,0,0
2019-05-15,35,APXMIDP ,1215.15,35.68
2019-05-15,35,N2EXMIDP,0,0
2019-05-15,36,APXMIDP ,1501.65,47.67
2019-05-15,36,N2EXMIDP,0,0
2019-05-15,37,APXMIDP ,1282.4,45.62
2019-05-15,37,N2EXMIDP,0,0
2019-05-15,38,APXMIDP ,1271.7,44.26
2019-05-15,38,N2EXMIDP,0,0
2019-05-15,39,APXMIDP ,1338.5,43.15
2019-05-15,39,N2EXMIDP,0,0
2019-05-15,40,APXMIDP ,1237.5,42.1
2019-05-15,40,N2EXMIDP,0,0
2019-05-15,41,APXMIDP ,1487.75,39
2019-05-15,41,N2EXMIDP,0,0
2019-05-15,42,APXMIDP ,1546,42.24
2019-05-15,42,N2EXMIDP,0,0
2019-05-15,43,APXMIDP ,1442.6,41.8
2019-05-15,43,N2EXMIDP,0,0
2019-05-15,44,APXMIDP ,1507.55,39.64
2019-05-15,44,N2EXMIDP,0,0
2019-05-15,45,APXMIDP ,1870.3,38.71
2019-05-15,45,N2EXMIDP,0,0
2019-05-15,46,APXMIDP ,2224.65,37.77
2019-05-15,46,N2EXMIDP,0,0
2019-05-15,47,APXMIDP ,619.65,43.69
2019-05-15,47,N2EXMIDP,0,0
2019-05-15,48,APXMIDP ,386,47.19
2019-05-15,48,N2EXMIDP,0,0
2019-05-16,1,APXMIDP ,352.6,38.67
2019-05-16,1,N2EXMIDP,0,0
2019-05-16,2,APXMIDP ,377.5,35
2019-05-16,2,N2EXMIDP,0,0
2019-05-16,3,APXMIDP ,295.7,34.07
2019-05-16,3,N2EXMIDP,0,0
2019-05-16,4,APXMIDP ,314.6,32.41
2019-05-16,4,N2EXMIDP,0,0
2019-05-16,5,APXMIDP ,319.75,32.12
2019-05-16,5,N2EXMIDP,0,0
2019-05-16,6,APXMIDP ,449.3,32.64
2019-05-16,6,N2EXMIDP,0,0
2019-05-16,7,APXMIDP ,619.7,33.71
2019-05-16,7,N2EXMIDP,0,0
2019-05-16,8,APXMIDP ,512.75,32.87
2019-05-16,8,N2EXMIDP,0,0
2019-05-16,9,APXMIDP ,556.85,32.4
2019-05-16,9,N2EXMIDP,0,0
2019-05-16,10,APXMIDP ,556.9,32.37
2019-05-16,10,N2EXMIDP,0,0
2019-05-16,11,APXMIDP ,382.25,34.14
2019-05-16,11,N2EXMIDP,0,0
2019-05-16,12,APXMIDP ,392.25,33.1
2019-05-16,12,N2EXMIDP,0,0
2019-05-16,13,APXMIDP ,655.55,38.93
2019-05-16,13,N2EXMIDP,0,0
2019-05-16,14,APXMIDP ,1031.6,43.37
2019-05-16,14,N2EXMIDP,0,0
2019-05-16,15,APXMIDP ,822.85,31.45
2019-05-16,15,N2EXMIDP,0,0
2019-05-16,16,APXMIDP ,967.3,34.46
2019-05-16,16,N2EXMIDP,0,0
2019-05-16,17,APXMIDP ,1144.05,35.87
2019-05-16,17,N2EXMIDP,0,0
2019-05-16,18,APXMIDP ,1313.45,34.35
2019-05-16,18,N2EXMIDP,0,0
2019-05-16,19,APXMIDP ,1432.2,33.87
2019-05-16,19,N2EXMIDP,0,0
2019-05-16,20,APXMIDP ,1446.2,33.62
2019-05-16,20,N2EXMIDP,0,0
2019-05-16,21,APXMIDP ,1537.3,34.03
2019-05-16,21,N2EXMIDP,0,0
2019-05-16,22,APXMIDP ,1600.5,33.88
2019-05-16,22,N2EXMIDP,0,0
2019-05-16,23,APXMIDP ,1607.5,32.33
2019-05-16,23,N2EXMIDP,0,0
2019-05-16,24,APXMIDP ,1779.85,32.46
2019-05-16,24,N2EXMIDP,0,0
2019-05-16,25,APXMIDP ,1666.45,32.81
2019-05-16,25,N2EXMIDP,0,0
2019-05-16,26,APXMIDP ,1980.95,32.8
2019-05-16,26,N2EXMIDP,0,0
2019-05-16,27,APXMIDP ,1661,32.86
2019-05-16,27,N2EXMIDP,0,0
2019-05-16,28,APXMIDP ,1611.35,32.73
2019-05-16,28,N2EXMIDP,0,0
2019-05-16,29,APXMIDP ,1629.85,32.31
2019-05-16,29,N2EXMIDP,0,0
2019-05-16,30,APXMIDP ,1629.75,31.86
2019-05-16,30,N2EXMIDP,0,0
2019-05-16,31,APXMIDP ,1922.1,30.71
2019-05-16,31,N2EXMIDP,0,0
2019-05-16,32,APXMIDP ,1729.4,31.02
2019-05-16,32,N2EXMIDP,0,0
2019-05-16,33,APXMIDP ,1701.15,29.78
2019-05-16,33,N2EXMIDP,0,0
2019-05-16,34,APXMIDP ,2096.95,33.44
2019-05-16,34,N2EXMIDP,0,0
2019-05-16,35,APXMIDP ,1616.2,35.38
2019-05-16,35,N2EXMIDP,0,0
2019-05-16,36,APXMIDP ,1587,35.93
2019-05-16,36,N2EXMIDP,0,0
2019-05-16,37,APXMIDP ,1383.75,36.32
2019-05-16,37,N2EXMIDP,0,0
2019-05-16,38,APXMIDP ,1336.3,37.61
2019-05-16,38,N2EXMIDP,0,0
2019-05-16,39,APXMIDP ,1201,36.04
2019-05-16,39,N2EXMIDP,0,0
2019-05-16,40,APXMIDP ,1288.4,35.82
2019-05-16,40,N2EXMIDP,0,0
2019-05-16,41,APXMIDP ,1462.05,34.9
2019-05-16,41,N2EXMIDP,0,0
2019-05-16,42,APXMIDP ,1746.25,35.14
2019-05-16,42,N2EXMIDP,0,0
2019-05-16,43,APXMIDP ,1671.35,37.54
2019-05-16,43,N2EXMIDP,0,0
2019-05-16,44,APXMIDP ,1378.6,35.36
2019-05-16,44,N2EXMIDP,0,0
2019-05-16,45,APXMIDP ,1920.35,35.28
2019-05-16,45,N2EXMIDP,0,0
2019-05-16,46,APXMIDP ,1744.95,31.17
2019-05-16,46,N2EXMIDP,0,0
2019-05-16,47,APXMIDP ,897.7,34.89
2019-05-16,47,N2EXMIDP,0,0
2019-05-16,48,APXMIDP ,611.45,33.39
2019-05-16,48,N2EXMIDP,0,0
2019-05-17,1,APXMIDP ,414.2,31.63
2019-05-17,1,N2EXMIDP,0,0
2019-05-17,2,APXMIDP ,533.95,30.37
2019-05-17,2,N2EXMIDP,0,0
2019-05-17,3,APXMIDP ,534.7,28.71
2019-05-17,3,N2EXMIDP,0,0
2019-05-17,4,APXMIDP ,565.85,28.88
2019-05-17,4,N2EXMIDP,0,0
2019-05-17,5,APXMIDP ,534.85,28.36
2019-05-17,5,N2EXMIDP,0,0
2019-05-17,6,APXMIDP ,540.1,28.35
2019-05-17,6,N2EXMIDP,0,0
2019-05-17,7,APXMIDP ,634.05,29.35
2019-05-17,7,N2EXMIDP,0,0
2019-05-17,8,APXMIDP ,679.8,28.97
2019-05-17,8,N2EXMIDP,0,0
2019-05-17,9,APXMIDP ,671.75,29.25
2019-05-17,9,N2EXMIDP,0,0
2019-05-17,10,APXMIDP ,665.05,28.95
2019-05-17,10,N2EXMIDP,0,0
2019-05-17,11,APXMIDP ,582.25,30.88
2019-05-17,11,N2EXMIDP,0,0
2019-05-17,12,APXMIDP ,591.1,30.1
2019-05-17,12,N2EXMIDP,0,0
2019-05-17,13,APXMIDP ,925.95,35.69
2019-05-17,13,N2EXMIDP,0,0
2019-05-17,14,APXMIDP ,1049.3,30.3
2019-05-17,14,N2EXMIDP,0,0
2019-05-17,15,APXMIDP ,933.9,28.03
2019-05-17,15,N2EXMIDP,0,0
2019-05-17,16,APXMIDP ,892.15,38.08
2019-05-17,16,N2EXMIDP,0,0
2019-05-17,17,APXMIDP ,1221.2,47.42
2019-05-17,17,N2EXMIDP,0,0
2019-05-17,18,APXMIDP ,1157.5,50.57
2019-05-17,18,N2EXMIDP,0,0
2019-05-17,19,APXMIDP ,1507.65,51.75
2019-05-17,19,N2EXMIDP,0,0
2019-05-17,20,APXMIDP ,1571.85,47.18
2019-05-17,20,N2EXMIDP,0,0
2019-05-17,21,APXMIDP ,1556.5,50.41
2019-05-17,21,N2EXMIDP,0,0
2019-05-17,22,APXMIDP ,1704.85,52.85
2019-05-17,22,N2EXMIDP,0,0
2019-05-17,23,APXMIDP ,1694.7,54.82
2019-05-17,23,N2EXMIDP,0,0
2019-05-17,24,APXMIDP ,1907.4,54.78
2019-05-17,24,N2EXMIDP,0,0
2019-05-17,25,APXMIDP ,1830.85,51.67
2019-05-17,25,N2EXMIDP,0,0
2019-05-17,26,APXMIDP ,1601.9,48.43
2019-05-17,26,N2EXMIDP,0,0
2019-05-17,27,APXMIDP ,1484.8,42.6
2019-05-17,27,N2EXMIDP,0,0
2019-05-17,28,APXMIDP ,1477,41.89
2019-05-17,28,N2EXMIDP,0,0
2019-05-17,29,APXMIDP ,1660.8,40.37
2019-05-17,29,N2EXMIDP,0,0
2019-05-17,30,APXMIDP ,1687,40.32
2019-05-17,30,N2EXMIDP,0,0
2019-05-17,31,APXMIDP ,1048.2,38.59
2019-05-17,31,N2EXMIDP,0,0
2019-05-17,32,APXMIDP ,1212.75,39.29
2019-05-17,32,N2EXMIDP,0,0
2019-05-17,33,APXMIDP ,1101.85,40.96
2019-05-17,33,N2EXMIDP,0,0
2019-05-17,34,APXMIDP ,1161.4,46.12
2019-05-17,34,N2EXMIDP,0,0
2019-05-17,35,APXMIDP ,1031.1,48.85
2019-05-17,35,N2EXMIDP,0,0
2019-05-17,36,APXMIDP ,1223.05,50.58
2019-05-17,36,N2EXMIDP,0,0
2019-05-17,37,APXMIDP ,1095.6,50.4
2019-05-17,37,N2EXMIDP,0,0
2019-05-17,38,APXMIDP ,1359.35,49.91
2019-05-17,38,N2EXMIDP,0,0
2019-05-17,39,APXMIDP ,1131.95,47.4
2019-05-17,39,N2EXMIDP,0,0
2019-05-17,40,APXMIDP ,1000.05,43.36
2019-05-17,40,N2EXMIDP,0,0
2019-05-17,41,APXMIDP ,939.3,43.78
2019-05-17,41,N2EXMIDP,0,0
2019-05-17,42,APXMIDP ,975,42.68
2019-05-17,42,N2EXMIDP,0,0
2019-05-17,43,APXMIDP ,1089.2,42.69
2019-05-17,43,N2EXMIDP,0,0
2019-05-17,44,APXMIDP ,949.4,38.12
2019-05-17,44,N2EXMIDP,0,0
2019-05-17,45,APXMIDP ,1312.3,39.53
2019-05-17,45,N2EXMIDP,0,0
2019-05-17,46,APXMIDP ,1220.65,37.8
2019-05-17,46,N2EXMIDP,0,0
2019-05-17,47,APXMIDP ,615,36.63
2019-05-17,47,N2EXMIDP,0,0
2019-05-17,48,APXMIDP ,341.8,33.8
2019-05-17,48,N2EXMIDP,0,0
2019-05-18,1,APXMIDP ,412.75,34.12
2019-05-18,1,N2EXMIDP,0,0
2019-05-18,2,APXMIDP ,366.65,32
2019-05-18,2,N2EXMIDP,0,0
2019-05-18,3,APXMIDP ,372,32.87
2019-05-18,3,N2EXMIDP,0,0
2019-05-18,4,APXMIDP ,434.5,33.12
2019-05-18,4,N2EXMIDP,0,0
2019-05-18,5,APXMIDP ,416.35,32.82
2019-05-18,5,N2EXMIDP,0,0
2019-05-18,6,APXMIDP ,371.5,33.33
2019-05-18,6,N2EXMIDP,0,0
2019-05-18,7,APXMIDP ,346.85,33.39
2019-05-18,7,N2EXMIDP,0,0
2019-05-18,8,APXMIDP ,387.95,33.02
2019-05-18,8,N2EXMIDP,0,0
2019-05-18,9,APXMIDP ,364.95,33.28
2019-05-18,9,N2EXMIDP,0,0
2019-05-18,10,APXMIDP ,399,33.1
2019-05-18,10,N2EXMIDP,0,0
2019-05-18,11,APXMIDP ,480.25,32.48
2019-05-18,11,N2EXMIDP,0,0
2019-05-18,12,APXMIDP ,417.25,33.06
2019-05-18,12,N2EXMIDP,0,0
2019-05-18,13,APXMIDP ,861.9,36.58
2019-05-18,13,N2EXMIDP,0,0
2019-05-18,14,APXMIDP ,784.35,36.06
2019-05-18,14,N2EXMIDP,0,0
2019-05-18,15,APXMIDP ,714,35.15
2019-05-18,15,N2EXMIDP,0,0
2019-05-18,16,APXMIDP ,620,36.81
2019-05-18,16,N2EXMIDP,0,0
2019-05-18,17,APXMIDP ,770,38.98
2019-05-18,17,N2EXMIDP,0,0
2019-05-18,18,APXMIDP ,886.3,41.82
2019-05-18,18,N2EXMIDP,0,0
2019-05-18,19,APXMIDP ,790.3,48.52
2019-05-18,19,N2EXMIDP,0,0
2019-05-18,20,APXMIDP ,997.8,49
2019-05-18,20,N2EXMIDP,0,0
2019-05-18,21,APXMIDP ,896.45,50.97
2019-05-18,21,N2EXMIDP,0,0
2019-05-18,22,APXMIDP ,1119.2,51.67
2019-05-18,22,N2EXMIDP,0,0
2019-05-18,23,APXMIDP ,1030.3,48.45
2019-05-18,23,N2EXMIDP,0,0
2019-05-18,24,APXMIDP ,798.3,45.01
2019-05-18,24,N2EXMIDP,0,0
2019-05-18,25,APXMIDP ,891.75,43.35
2019-05-18,25,N2EXMIDP,0,0
2019-05-18,26,APXMIDP ,1026.25,40.92
2019-05-18,26,N2EXMIDP,0,0
2019-05-18,27,APXMIDP ,653.4,37.22
2019-05-18,27,N2EXMIDP,0,0
2019-05-18,28,APXMIDP ,784.85,36.09
2019-05-18,28,N2EXMIDP,0,0
2019-05-18,29,APXMIDP ,877.65,34.72
2019-05-18,29,N2EXMIDP,0,0
2019-05-18,30,APXMIDP ,1205.05,34.36
2019-05-18,30,N2EXMIDP,0,0
2019-05-18,31,APXMIDP ,915.25,37.03
2019-05-18,31,N2EXMIDP,0,0
2019-05-18,32,APXMIDP ,923.45,38.75
2019-05-18,32,N2EXMIDP,0,0
2019-05-18,33,APXMIDP ,789.9,38
2019-05-18,33,N2EXMIDP,0,0
2019-05-18,34,APXMIDP ,974.65,42.88
2019-05-18,34,N2EXMIDP,0,0
2019-05-18,35,APXMIDP ,796.85,53.55
2019-05-18,35,N2EXMIDP,0,0
2019-05-18,36,APXMIDP ,698.05,57.93
2019-05-18,36,N2EXMIDP,0,0
2019-05-18,37,APXMIDP ,992.95,62.64
2019-05-18,37,N2EXMIDP,0,0
2019-05-18,38,APXMIDP ,884.25,62.23
2019-05-18,38,N2EXMIDP,0,0
2019-05-18,39,APXMIDP ,893.35,64.18
2019-05-18,39,N2EXMIDP,0,0
2019-05-18,40,APXMIDP ,622.45,62.96
2019-05-18,40,N2EXMIDP,0,0
2019-05-18,41,APXMIDP ,564.3,62.61
2019-05-18,41,N2EXMIDP,0,0
2019-05-18,42,APXMIDP ,562.05,62.03
2019-05-18,42,N2EXMIDP,0,0
2019-05-18,43,APXMIDP ,710.05,58.94
2019-05-18,43,N2EXMIDP,0,0
2019-05-18,44,APXMIDP ,585.15,51.5
2019-05-18,44,N2EXMIDP,0,0
2019-05-18,45,APXMIDP ,604.3,43.7
2019-05-18,45,N2EXMIDP,0,0
2019-05-18,46,APXMIDP ,915.85,43.14
2019-05-18,46,N2EXMIDP,0,0
2019-05-18,47,APXMIDP ,1038.3,41.76
2019-05-18,47,N2EXMIDP,0,0
2019-05-18,48,APXMIDP ,640.35,40.88
2019-05-18,48,N2EXMIDP,0,0
2019-05-19,1,APXMIDP ,529.35,39.86
2019-05-19,1,N2EXMIDP,0,0
2019-05-19,2,APXMIDP ,522.5,39.6
2019-05-19,2,N2EXMIDP,0,0
2019-05-19,3,APXMIDP ,566.25,37.24
2019-05-19,3,N2EXMIDP,0,0
2019-05-19,4,APXMIDP ,523.75,36.14
2019-05-19,4,N2EXMIDP,0,0
2019-05-19,5,APXMIDP ,439.35,36.04
2019-05-19,5,N2EXMIDP,0,0
2019-05-19,6,APXMIDP ,466.15,35.75
2019-05-19,6,N2EXMIDP,0,0
2019-05-19,7,APXMIDP ,944.95,34.47
2019-05-19,7,N2EXMIDP,0,0
2019-05-19,8,APXMIDP ,1065.45,34.98
2019-05-19,8,N2EXMIDP,0,0
2019-05-19,9,APXMIDP ,919.95,33.22
2019-05-19,9,N2EXMIDP,0,0
2019-05-19,10,APXMIDP ,837.2,32.67
2019-05-19,10,N2EXMIDP,0,0
2019-05-19,11,APXMIDP ,867.4,33.12
2019-05-19,11,N2EXMIDP,0,0
2019-05-19,12,APXMIDP ,555.45,33.64
2019-05-19,12,N2EXMIDP,0,0
2019-05-19,13,APXMIDP ,520.35,35.55
2019-05-19,13,N2EXMIDP,0,0
2019-05-19,14,APXMIDP ,231.1,34.09
2019-05-19,14,N2EXMIDP,0,0
2019-05-19,15,APXMIDP ,1345.35,37.05
2019-05-19,15,N2EXMIDP,0,0
2019-05-19,16,APXMIDP ,925.05,37.7
2019-05-19,16,N2EXMIDP,0,0
2019-05-19,17,APXMIDP ,933.25,37.8
2019-05-19,17,N2EXMIDP,0,0
2019-05-19,18,APXMIDP ,1074.6,37.5
2019-05-19,18,N2EXMIDP,0,0
2019-05-19,19,APXMIDP ,849.35,39.79
2019-05-19,19,N2EXMIDP,0,0
2019-05-19,20,APXMIDP ,875.75,40.44
2019-05-19,20,N2EXMIDP,0,0
2019-05-19,21,APXMIDP ,1213.75,39.05
2019-05-19,21,N2EXMIDP,0,0
2019-05-19,22,APXMIDP ,1128.45,39.36
2019-05-19,22,N2EXMIDP,0,0
2019-05-19,23,APXMIDP ,856.5,43.18
2019-05-19,23,N2EXMIDP,0,0
2019-05-19,24,APXMIDP ,1037.1,42.95
2019-05-19,24,N2EXMIDP,0,0
2019-05-19,25,APXMIDP ,879.9,44.35
2019-05-19,25,N2EXMIDP,0,0
2019-05-19,26,APXMIDP ,1050.8,45.06
2019-05-19,26,N2EXMIDP,0,0
2019-05-19,27,APXMIDP ,1121.55,40.22
2019-05-19,27,N2EXMIDP,0,0
2019-05-19,28,APXMIDP ,1240.9,38.17
2019-05-19,28,N2EXMIDP,0,0
2019-05-19,29,APXMIDP ,1062.5,38.93
2019-05-19,29,N2EXMIDP,0,0
2019-05-19,30,APXMIDP ,1070.9,40.25
2019-05-19,30,N2EXMIDP,0,0
2019-05-19,31,APXMIDP ,1158.65,42.65
2019-05-19,31,N2EXMIDP,0,0
2019-05-19,32,APXMIDP ,1182.95,42.42
2019-05-19,32,N2EXMIDP,0,0
2019-05-19,33,APXMIDP ,1335.9,44.35
2019-05-19,33,N2EXMIDP,0,0
2019-05-19,34,APXMIDP ,1337.25,46.9
2019-05-19,34,N2EXMIDP,0,0
2019-05-19,35,APXMIDP ,1573.7,49.16
2019-05-19,35,N2EXMIDP,0,0
2019-05-19,36,APXMIDP ,1487.85,50.64
2019-05-19,36,N2EXMIDP,0,0
2019-05-19,37,APXMIDP ,1562.4,51.76
2019-05-19,37,N2EXMIDP,0,0
2019-05-19,38,APXMIDP ,1437.05,49.55
2019-05-19,38,N2EXMIDP,0,0
2019-05-19,39,APXMIDP ,989.7,51.72
2019-05-19,39,N2EXMIDP,0,0
2019-05-19,40,APXMIDP ,1107.85,52.5
2019-05-19,40,N2EXMIDP,0,0
2019-05-19,41,APXMIDP ,1061.95,50.36
2019-05-19,41,N2EXMIDP,0,0
2019-05-19,42,APXMIDP ,1000.65,49.9
2019-05-19,42,N2EXMIDP,0,0
2019-05-19,43,APXMIDP ,1175.15,48.42
2019-05-19,43,N2EXMIDP,0,0
2019-05-19,44,APXMIDP ,1152.95,47.42
2019-05-19,44,N2EXMIDP,0,0
2019-05-19,45,APXMIDP ,965.35,44.85
2019-05-19,45,N2EXMIDP,0,0
2019-05-19,46,APXMIDP ,1566.75,40.25
2019-05-19,46,N2EXMIDP,0,0
2019-05-19,47,APXMIDP ,480.75,44.48
2019-05-19,47,N2EXMIDP,0,0
2019-05-19,48,APXMIDP ,265.6,44.55
2019-05-19,48,N2EXMIDP,0,0
2019-05-20,1,APXMIDP ,277.55,38.79
2019-05-20,1,N2EXMIDP,0,0
2019-05-20,2,APXMIDP ,192.75,36.8
2019-05-20,2,N2EXMIDP,0,0
2019-05-20,3,APXMIDP ,169.45,35.55
2019-05-20,3,N2EXMIDP,0,0
2019-05-20,4,APXMIDP ,231.5,37.63
2019-05-20,4,N2EXMIDP,0,0
2019-05-20,5,APXMIDP ,230.5,37.78
2019-05-20,5,N2EXMIDP,0,0
2019-05-20,6,APXMIDP ,203.55,36.41
2019-05-20,6,N2EXMIDP,0,0
2019-05-20,7,APXMIDP ,133,38.03
2019-05-20,7,N2EXMIDP,0,0
2019-05-20,8,APXMIDP ,132.2,37.95
2019-05-20,8,N2EXMIDP,0,0
2019-05-20,9,APXMIDP ,259.6,38.23
2019-05-20,9,N2EXMIDP,0,0
2019-05-20,10,APXMIDP ,249.1,39.21
2019-05-20,10,N2EXMIDP,0,0
2019-05-20,11,APXMIDP ,180.7,41.01
2019-05-20,11,N2EXMIDP,0,0
2019-05-20,12,APXMIDP ,341.5,42.51
2019-05-20,12,N2EXMIDP,0,0
2019-05-20,13,APXMIDP ,506.1,40.64
2019-05-20,13,N2EXMIDP,0,0
2019-05-20,14,APXMIDP ,1298.1,41.16
2019-05-20,14,N2EXMIDP,0,0
2019-05-20,15,APXMIDP ,544.1,57.79
2019-05-20,15,N2EXMIDP,0,0
2019-05-20,16,APXMIDP ,766.35,62.08
2019-05-20,16,N2EXMIDP,0,0
2019-05-20,17,APXMIDP ,825.25,57.24
2019-05-20,17,N2EXMIDP,0,0
2019-05-20,18,APXMIDP ,1000.65,48.12
2019-05-20,18,N2EXMIDP,0,0
2019-05-20,19,APXMIDP ,1088.6,49.74
2019-05-20,19,N2EXMIDP,0,0
2019-05-20,20,APXMIDP ,1287.95,47.69
2019-05-20,20,N2EXMIDP,0,0
2019-05-20,21,APXMIDP ,1226.15,49.31
2019-05-20,21,N2EXMIDP,0,0
2019-05-20,22,APXMIDP ,1319.35,48.25
2019-05-20,22,N2EXMIDP,0,0
2019-05-20,23,APXMIDP ,929,44.9
2019-05-20,23,N2EXMIDP,0,0
2019-05-20,24,APXMIDP ,926.05,41.7
2019-05-20,24,N2EXMIDP,0,0
2019-05-20,25,APXMIDP ,1268.1,45.88
2019-05-20,25,N2EXMIDP,0,0
2019-05-20,26,APXMIDP ,1117,48.17
2019-05-20,26,N2EXMIDP,0,0
2019-05-20,27,APXMIDP ,1156.65,45.93
2019-05-20,27,N2EXMIDP,0,0
2019-05-20,28,APXMIDP ,1200.9,46.01
2019-05-20,28,N2EXMIDP,0,0
2019-05-20,29,APXMIDP ,1193.3,46.84
2019-05-20,29,N2EXMIDP,0,0
2019-05-20,30,APXMIDP ,991.25,44.6
2019-05-20,30,N2EXMIDP,0,0
2019-05-20,31,APXMIDP ,797.65,50.91
2019-05-20,31,N2EXMIDP,0,0
2019-05-20,32,APXMIDP ,896.85,56.29
2019-05-20,32,N2EXMIDP,0,0
2019-05-20,33,APXMIDP ,986.95,52.57
2019-05-20,33,N2EXMIDP,0,0
2019-05-20,34,APXMIDP ,983,56.07
2019-05-20,34,N2EXMIDP,0,0
2019-05-20,35,APXMIDP ,1275.5,53.38
2019-05-20,35,N2EXMIDP,0,0
2019-05-20,36,APXMIDP ,1234.3,55.56
2019-05-20,36,N2EXMIDP,0,0
2019-05-20,37,APXMIDP ,1455.6,54.02
2019-05-20,37,N2EXMIDP,0,0
2019-05-20,38,APXMIDP ,1300.85,53.47
2019-05-20,38,N2EXMIDP,0,0
2019-05-20,39,APXMIDP ,752.75,47.94
2019-05-20,39,N2EXMIDP,0,0
2019-05-20,40,APXMIDP ,858.1,46.36
2019-05-20,40,N2EXMIDP,0,0
2019-05-20,41,APXMIDP ,786.15,43.97
2019-05-20,41,N2EXMIDP,0,0
2019-05-20,42,APXMIDP ,871.45,44.5
2019-05-20,42,N2EXMIDP,0,0
2019-05-20,43,APXMIDP ,1028.6,46.12
2019-05-20,43,N2EXMIDP,0,0
2019-05-20,44,APXMIDP ,1014.65,45.38
2019-05-20,44,N2EXMIDP,0,0
2019-05-20,45,APXMIDP ,1164.75,39.25
2019-05-20,45,N2EXMIDP,0,0
2019-05-20,46,APXMIDP ,1452.8,38.2
2019-05-20,46,N2EXMIDP,0,0
2019-05-20,47,APXMIDP ,569.85,35.68
2019-05-20,47,N2EXMIDP,0,0
2019-05-20,48,APXMIDP ,247.75,38.59
2019-05-20,48,N2EXMIDP,0,0
2019-05-21,1,APXMIDP ,196.75,43
2019-05-21,1,N2EXMIDP,0,0
2019-05-21,2,APXMIDP ,206.5,40.39
2019-05-21,2,N2EXMIDP,0,0
2019-05-21,3,APXMIDP ,306.4,38.97
2019-05-21,3,N2EXMIDP,0,0
2019-05-21,4,APXMIDP ,335.8,39.06
2019-05-21,4,N2EXMIDP,0,0
2019-05-21,5,APXMIDP ,280.85,37.69
2019-05-21,5,N2EXMIDP,0,0
2019-05-21,6,APXMIDP ,312.5,38.07
2019-05-21,6,N2EXMIDP,0,0
2019-05-21,7,APXMIDP ,392,38.49
2019-05-21,7,N2EXMIDP,0,0
2019-05-21,8,APXMIDP ,434,38.56
2019-05-21,8,N2EXMIDP,0,0
2019-05-21,9,APXMIDP ,369.9,37.84
2019-05-21,9,N2EXMIDP,0,0
2019-05-21,10,APXMIDP ,495.85,37.02
2019-05-21,10,N2EXMIDP,0,0
2019-05-21,11,APXMIDP ,374.8,40.38
2019-05-21,11,N2EXMIDP,0,0
2019-05-21,12,APXMIDP ,466.85,36.35
2019-05-21,12,N2EXMIDP,0,0
2019-05-21,13,APXMIDP ,633.1,41.26
2019-05-21,13,N2EXMIDP,0,0
2019-05-21,14,APXMIDP ,1021.4,45.71
2019-05-21,14,N2EXMIDP,0,0
2019-05-21,15,APXMIDP ,805.3,48.48
2019-05-21,15,N2EXMIDP,0,0
2019-05-21,16,APXMIDP ,952.25,55.21
2019-05-21,16,N2EXMIDP,0,0
2019-05-21,17,APXMIDP ,923.65,42.64
2019-05-21,17,N2EXMIDP,0,0
2019-05-21,18,APXMIDP ,1034.8,37.36
2019-05-21,18,N2EXMIDP,0,0
2019-05-21,19,APXMIDP ,1625,48.54
2019-05-21,19,N2EXMIDP,0,0
2019-05-21,20,APXMIDP ,1595,42.29
2019-05-21,20,N2EXMIDP,0,0
2019-05-21,21,APXMIDP ,1321.15,40.98
2019-05-21,21,N2EXMIDP,0,0
2019-05-21,22,APXMIDP ,1571.5,38.08
2019-05-21,22,N2EXMIDP,0,0
2019-05-21,23,APXMIDP ,1467.45,38.26
2019-05-21,23,N2EXMIDP,0,0
2019-05-21,24,APXMIDP ,2031.7,38.51
2019-05-21,24,N2EXMIDP,0,0
2019-05-21,25,APXMIDP ,1647.15,38.62
2019-05-21,25,N2EXMIDP,0,0
2019-05-21,26,APXMIDP ,1763.45,39.1
2019-05-21,26,N2EXMIDP,0,0
2019-05-21,27,APXMIDP ,1906.55,38.29
2019-05-21,27,N2EXMIDP,0,0
2019-05-21,28,APXMIDP ,1727.45,37.39
2019-05-21,28,N2EXMIDP,0,0
2019-05-21,29,APXMIDP ,1720.2,37.46
2019-05-21,29,N2EXMIDP,0,0
2019-05-21,30,APXMIDP ,1708.95,37.51
2019-05-21,30,N2EXMIDP,0,0
2019-05-21,31,APXMIDP ,1266.9,35.92
2019-05-21,31,N2EXMIDP,0,0
2019-05-21,32,APXMIDP ,1358,38.05
2019-05-21,32,N2EXMIDP,0,0
2019-05-21,33,APXMIDP ,1262.95,36.07
2019-05-21,33,N2EXMIDP,0,0
2019-05-21,34,APXMIDP ,1415.4,39.21
2019-05-21,34,N2EXMIDP,0,0
2019-05-21,35,APXMIDP ,1372.05,39.17
2019-05-21,35,N2EXMIDP,0,0
2019-05-21,36,APXMIDP ,1251,40.99
2019-05-21,36,N2EXMIDP,0,0
2019-05-21,37,APXMIDP ,1240.75,44.61
2019-05-21,37,N2EXMIDP,0,0
2019-05-21,38,APXMIDP ,1162.6,47.55
2019-05-21,38,N2EXMIDP,0,0
2019-05-21,39,APXMIDP ,977.55,52.84
2019-05-21,39,N2EXMIDP,0,0
2019-05-21,40,APXMIDP ,942.35,52.82
2019-05-21,40,N2EXMIDP,0,0
2019-05-21,41,APXMIDP ,934.6,51.93
2019-05-21,41,N2EXMIDP,0,0
2019-05-21,42,APXMIDP ,988.1,49.17
2019-05-21,42,N2EXMIDP,0,0
2019-05-21,43,APXMIDP ,846.9,52.16
2019-05-21,43,N2EXMIDP,0,0
2019-05-21,44,APXMIDP ,869.45,49.27
2019-05-21,44,N2EXMIDP,0,0
2019-05-21,45,APXMIDP ,919.65,43.18
2019-05-21,45,N2EXMIDP,0,0
2019-05-21,46,APXMIDP ,1171.65,40.51
2019-05-21,46,N2EXMIDP,0,0
2019-05-21,47,APXMIDP ,797.9,42.57
2019-05-21,47,N2EXMIDP,0,0
2019-05-21,48,APXMIDP ,356.1,47.44
2019-05-21,48,N2EXMIDP,0,0
2019-05-22,1,APXMIDP ,299,45.34
2019-05-22,1,N2EXMIDP,0,0
2019-05-22,2,APXMIDP ,312.5,40.61
2019-05-22,2,N2EXMIDP,0,0
2019-05-22,3,APXMIDP ,462.4,34.9
2019-05-22,3,N2EXMIDP,0,0
2019-05-22,4,APXMIDP ,457.55,33.53
2019-05-22,4,N2EXMIDP,0,0
2019-05-22,5,APXMIDP ,665.7,33.74
2019-05-22,5,N2EXMIDP,0,0
2019-05-22,6,APXMIDP ,775.15,33.38
2019-05-22,6,N2EXMIDP,0,0
2019-05-22,7,APXMIDP ,473.1,36.87
2019-05-22,7,N2EXMIDP,0,0
2019-05-22,8,APXMIDP ,451.05,33.33
2019-05-22,8,N2EXMIDP,0,0
2019-05-22,9,APXMIDP ,462.6,33.08
2019-05-22,9,N2EXMIDP,0,0
2019-05-22,10,APXMIDP ,394.25,31.89
2019-05-22,10,N2EXMIDP,0,0
2019-05-22,11,APXMIDP ,330.15,32.06
2019-05-22,11,N2EXMIDP,0,0
2019-05-22,12,APXMIDP ,387.7,29.61
2019-05-22,12,N2EXMIDP,0,0
2019-05-22,13,APXMIDP ,376.25,33.21
2019-05-22,13,N2EXMIDP,0,0
2019-05-22,14,APXMIDP ,678.15,37.24
2019-05-22,14,N2EXMIDP,0,0
2019-05-22,15,APXMIDP ,630.7,44.67
2019-05-22,15,N2EXMIDP,0,0
2019-05-22,16,APXMIDP ,725.6,58.55
2019-05-22,16,N2EXMIDP,0,0
2019-05-22,17,APXMIDP ,736.2,59.74
2019-05-22,17,N2EXMIDP,0,0
2019-05-22,18,APXMIDP ,802.7,53.57
2019-05-22,18,N2EXMIDP,0,0
2019-05-22,19,APXMIDP ,1336.1,47.52
2019-05-22,19,N2EXMIDP,0,0
2019-05-22,20,APXMIDP ,871,42.14
2019-05-22,20,N2EXMIDP,0,0
2019-05-22,21,APXMIDP ,855.6,39.89
2019-05-22,21,N2EXMIDP,0,0
2019-05-22,22,APXMIDP ,940.95,38.16
2019-05-22,22,N2EXMIDP,0,0
2019-05-22,23,APXMIDP ,1233.95,37.38
2019-05-22,23,N2EXMIDP,0,0
2019-05-22,24,APXMIDP ,1008.6,35.28
2019-05-22,24,N2EXMIDP,0,0
2019-05-22,25,APXMIDP ,981.3,35.38
2019-05-22,25,N2EXMIDP,0,0
2019-05-22,26,APXMIDP ,1075.2,34.73
2019-05-22,26,N2EXMIDP,0,0
2019-05-22,27,APXMIDP ,949.3,34.3
2019-05-22,27,N2EXMIDP,0,0
2019-05-22,28,APXMIDP ,932.2,34.21
2019-05-22,28,N2EXMIDP,0,0
2019-05-22,29,APXMIDP ,935.65,34.17
2019-05-22,29,N2EXMIDP,0,0
2019-05-22,30,APXMIDP ,956.55,34.01
2019-05-22,30,N2EXMIDP,0,0
2019-05-22,31,APXMIDP ,402.45,32.2
2019-05-22,31,N2EXMIDP,0,0
2019-05-22,32,APXMIDP ,387.5,32.54
2019-05-22,32,N2EXMIDP,0,0
2019-05-22,33,APXMIDP ,562.45,32.91
2019-05-22,33,N2EXMIDP,0,0
2019-05-22,34,APXMIDP ,633.45,33.75
2019-05-22,34,N2EXMIDP,0,0
2019-05-22,35,APXMIDP ,537.95,38.59
2019-05-22,35,N2EXMIDP,0,0
2019-05-22,36,APXMIDP ,761.1,37.99
2019-05-22,36,N2EXMIDP,0,0
2019-05-22,37,APXMIDP ,975.35,39.72
2019-05-22,37,N2EXMIDP,0,0
2019-05-22,38,APXMIDP ,1027.55,42.2
2019-05-22,38,N2EXMIDP,0,0
2019-05-22,39,APXMIDP ,1029.2,44.09
2019-05-22,39,N2EXMIDP,0,0
2019-05-22,40,APXMIDP ,990.7,42.08
2019-05-22,40,N2EXMIDP,0,0
2019-05-22,41,APXMIDP ,1099.55,42.37
2019-05-22,41,N2EXMIDP,0,0
2019-05-22,42,APXMIDP ,1170.5,41.49
2019-05-22,42,N2EXMIDP,0,0
2019-05-22,43,APXMIDP ,1059.75,42.55
2019-05-22,43,N2EXMIDP,0,0
2019-05-22,44,APXMIDP ,1169.15,42.27
2019-05-22,44,N2EXMIDP,0,0
2019-05-22,45,APXMIDP ,1389.5,39.61
2019-05-22,45,N2EXMIDP,0,0
2019-05-22,46,APXMIDP ,1613.3,37.91
2019-05-22,46,N2EXMIDP,0,0
2019-05-22,47,APXMIDP ,825.05,41.26
2019-05-22,47,N2EXMIDP,0,0
2019-05-22,48,APXMIDP ,473.55,44.57
2019-05-22,48,N2EXMIDP,0,0
2019-05-23,1,APXMIDP ,313.5,43.99
2019-05-23,1,N2EXMIDP,0,0
2019-05-23,2,APXMIDP ,407,39.34
2019-05-23,2,N2EXMIDP,0,0
2019-05-23,3,APXMIDP ,321.55,35.97
2019-05-23,3,N2EXMIDP,0,0
2019-05-23,4,APXMIDP ,381.25,35.8
2019-05-23,4,N2EXMIDP,0,0
2019-05-23,5,APXMIDP ,378.35,35.88
2019-05-23,5,N2EXMIDP,0,0
2019-05-23,6,APXMIDP ,452.9,34.39
2019-05-23,6,N2EXMIDP,0,0
2019-05-23,7,APXMIDP ,257.2,35.05
2019-05-23,7,N2EXMIDP,0,0
2019-05-23,8,APXMIDP ,229.45,34.34
2019-05-23,8,N2EXMIDP,0,0
2019-05-23,9,APXMIDP ,301.45,33.3
2019-05-23,9,N2EXMIDP,0,0
2019-05-23,10,APXMIDP ,328.95,32.63
2019-05-23,10,N2EXMIDP,0,0
2019-05-23,11,APXMIDP ,338.05,34.89
2019-05-23,11,N2EXMIDP,0,0
2019-05-23,12,APXMIDP ,303.5,36.42
2019-05-23,12,N2EXMIDP,0,0
2019-05-23,13,APXMIDP ,434.5,41.03
2019-05-23,13,N2EXMIDP,0,0
2019-05-23,14,APXMIDP ,910.85,49.43
2019-05-23,14,N2EXMIDP,0,0
2019-05-23,15,APXMIDP ,755.6,50.15
2019-05-23,15,N2EXMIDP,0,0
2019-05-23,16,APXMIDP ,909.9,54.54
2019-05-23,16,N2EXMIDP,0,0
2019-05-23,17,APXMIDP ,957.2,55.82
2019-05-23,17,N2EXMIDP,0,0
2019-05-23,18,APXMIDP ,1500.8,49.85
2019-05-23,18,N2EXMIDP,0,0
2019-05-23,19,APXMIDP ,852.75,46.51
2019-05-23,19,N2EXMIDP,0,0
2019-05-23,20,APXMIDP ,814.55,39
2019-05-23,20,N2EXMIDP,0,0
2019-05-23,21,APXMIDP ,611.75,34.85
2019-05-23,21,N2EXMIDP,0,0
2019-05-23,22,APXMIDP ,946.2,33.42
2019-05-23,22,N2EXMIDP,0,0
2019-05-23,23,APXMIDP ,1208.6,30.72
2019-05-23,23,N2EXMIDP,0,0
2019-05-23,24,APXMIDP ,1342.7,31.21
2019-05-23,24,N2EXMIDP,0,0
2019-05-23,25,APXMIDP ,1591.65,32.23
2019-05-23,25,N2EXMIDP,0,0
2019-05-23,26,APXMIDP ,1397.65,31.37
2019-05-23,26,N2EXMIDP,0,0
2019-05-23,27,APXMIDP ,1298.25,30.87
2019-05-23,27,N2EXMIDP,0,0
2019-05-23,28,APXMIDP ,1638,31.05
2019-05-23,28,N2EXMIDP,0,0
2019-05-23,29,APXMIDP ,1570.95,30.25
2019-05-23,29,N2EXMIDP,0,0
2019-05-23,30,APXMIDP ,1510.9,29.43
2019-05-23,30,N2EXMIDP,0,0
2019-05-23,31,APXMIDP ,1097.6,33
2019-05-23,31,N2EXMIDP,0,0
2019-05-23,32,APXMIDP ,1127.95,33.21
2019-05-23,32,N2EXMIDP,0,0
2019-05-23,33,APXMIDP ,1454.85,32.27
2019-05-23,33,N2EXMIDP,0,0
2019-05-23,34,APXMIDP ,1602.6,35.85
2019-05-23,34,N2EXMIDP,0,0
2019-05-23,35,APXMIDP ,1144.7,37.07
2019-05-23,35,N2EXMIDP,0,0
2019-05-23,36,APXMIDP ,1131.35,37.38
2019-05-23,36,N2EXMIDP,0,0
2019-05-23,37,APXMIDP ,1125.3,36.84
2019-05-23,37,N2EXMIDP,0,0
2019-05-23,38,APXMIDP ,1151.4,38.28
2019-05-23,38,N2EXMIDP,0,0
2019-05-23,39,APXMIDP ,1229.05,37.6
2019-05-23,39,N2EXMIDP,0,0
2019-05-23,40,APXMIDP ,1040,38.5
2019-05-23,40,N2EXMIDP,0,0
2019-05-23,41,APXMIDP ,1093.6,38.91
2019-05-23,41,N2EXMIDP,0,0
2019-05-23,42,APXMIDP ,1111.1,39.82
2019-05-23,42,N2EXMIDP,0,0
2019-05-23,43,APXMIDP ,1173.55,39.75
2019-05-23,43,N2EXMIDP,0,0
2019-05-23,44,APXMIDP ,924.65,37.16
2019-05-23,44,N2EXMIDP,0,0
2019-05-23,45,APXMIDP ,950.35,36.39
2019-05-23,45,N2EXMIDP,0,0
2019-05-23,46,APXMIDP ,1699.7,36.63
2019-05-23,46,N2EXMIDP,0,0
2019-05-23,47,APXMIDP ,207.1,35.44
2019-05-23,47,N2EXMIDP,0,0
2019-05-23,48,APXMIDP ,167,32.96
2019-05-23,48,N2EXMIDP,0,0
2019-05-24,1,APXMIDP ,150.2,30
2019-05-24,1,N2EXMIDP,0,0
2019-05-24,2,APXMIDP ,80.1,28.69
2019-05-24,2,N2EXMIDP,0,0
2019-05-24,3,APXMIDP ,234.6,28.66
2019-05-24,3,N2EXMIDP,0,0
2019-05-24,4,APXMIDP ,318.85,29.06
2019-05-24,4,N2EXMIDP,0,0
2019-05-24,5,APXMIDP ,361.55,28.8
2019-05-24,5,N2EXMIDP,0,0
2019-05-24,6,APXMIDP ,429.75,27.63
2019-05-24,6,N2EXMIDP,0,0
2019-05-24,7,APXMIDP ,356.35,27.72
2019-05-24,7,N2EXMIDP,0,0
2019-05-24,8,APXMIDP ,343.4,27.47
2019-05-24,8,N2EXMIDP,0,0
2019-05-24,9,APXMIDP ,519.5,27.11
2019-05-24,9,N2EXMIDP,0,0
2019-05-24,10,APXMIDP ,480.75,27.51
2019-05-24,10,N2EXMIDP,0,0
2019-05-24,11,APXMIDP ,165.5,31.43
2019-05-24,11,N2EXMIDP,0,0
2019-05-24,12,APXMIDP ,207,30.53
2019-05-24,12,N2EXMIDP,0,0
2019-05-24,13,APXMIDP ,263.95,31.07
2019-05-24,13,N2EXMIDP,0,0
2019-05-24,14,APXMIDP ,528.6,31.94
2019-05-24,14,N2EXMIDP,0,0
2019-05-24,15,APXMIDP ,794.9,25.03
2019-05-24,15,N2EXMIDP,0,0
2019-05-24,16,APXMIDP ,606.8,32.96
2019-05-24,16,N2EXMIDP,0,0
2019-05-24,17,APXMIDP ,875,34.45
2019-05-24,17,N2EXMIDP,0,0
2019-05-24,18,APXMIDP ,718.25,34.18
2019-05-24,18,N2EXMIDP,0,0
2019-05-24,19,APXMIDP ,880.95,33.61
2019-05-24,19,N2EXMIDP,0,0
2019-05-24,20,APXMIDP ,853.25,33.08
2019-05-24,20,N2EXMIDP,0,0
2019-05-24,21,APXMIDP ,1180.95,33.44
2019-05-24,21,N2EXMIDP,0,0
2019-05-24,22,APXMIDP ,1379.1,32.58
2019-05-24,22,N2EXMIDP,0,0
2019-05-24,23,APXMIDP ,1005.35,31.05
2019-05-24,23,N2EXMIDP,0,0
2019-05-24,24,APXMIDP ,1518.75,33.43
2019-05-24,24,N2EXMIDP,0,0
2019-05-24,25,APXMIDP ,1217.65,34.83
2019-05-24,25,N2EXMIDP,0,0
2019-05-24,26,APXMIDP ,1408.1,34.58
2019-05-24,26,N2EXMIDP,0,0
2019-05-24,27,APXMIDP ,1370.05,32.78
2019-05-24,27,N2EXMIDP,0,0
2019-05-24,28,APXMIDP ,1124.35,33.05
2019-05-24,28,N2EXMIDP,0,0
2019-05-24,29,APXMIDP ,1473.95,35.23
2019-05-24,29,N2EXMIDP,0,0
2019-05-24,30,APXMIDP ,1635.35,34.35
2019-05-24,30,N2EXMIDP,0,0
2019-05-24,31,APXMIDP ,635.75,37.08
2019-05-24,31,N2EXMIDP,0,0
2019-05-24,32,APXMIDP ,779.3,35.93
2019-05-24,32,N2EXMIDP,0,0
2019-05-24,33,APXMIDP ,777.75,35.95
2019-05-24,33,N2EXMIDP,0,0
2019-05-24,34,APXMIDP ,581.15,40.87
2019-05-24,34,N2EXMIDP,0,0
2019-05-24,35,APXMIDP ,651.45,44.02
2019-05-24,35,N2EXMIDP,0,0
2019-05-24,36,APXMIDP ,842.05,47.04
2019-05-24,36,N2EXMIDP,0,0
2019-05-24,37,APXMIDP ,868.85,48.84
2019-05-24,37,N2EXMIDP,0,0
2019-05-24,38,APXMIDP ,863.6,49.16
2019-05-24,38,N2EXMIDP,0,0
2019-05-24,39,APXMIDP ,587.2,50.02
2019-05-24,39,N2EXMIDP,0,0
2019-05-24,40,APXMIDP ,772.7,48.45
2019-05-24,40,N2EXMIDP,0,0
2019-05-24,41,APXMIDP ,669.75,47.04
2019-05-24,41,N2EXMIDP,0,0
2019-05-24,42,APXMIDP ,590.7,45.24
2019-05-24,42,N2EXMIDP,0,0
2019-05-24,43,APXMIDP ,743.05,45.36
2019-05-24,43,N2EXMIDP,0,0
2019-05-24,44,APXMIDP ,730.7,46.83
2019-05-24,44,N2EXMIDP,0,0
2019-05-24,45,APXMIDP ,771.65,44.01
2019-05-24,45,N2EXMIDP,0,0
2019-05-24,46,APXMIDP ,945.7,39.16
2019-05-24,46,N2EXMIDP,0,0
2019-05-24,47,APXMIDP ,519.3,45.01
2019-05-24,47,N2EXMIDP,0,0
2019-05-24,48,APXMIDP ,325.9,46.79
2019-05-24,48,N2EXMIDP,0,0
2019-05-25,1,APXMIDP ,309.25,41.86
2019-05-25,1,N2EXMIDP,0,0
2019-05-25,2,APXMIDP ,262.5,39.22
2019-05-25,2,N2EXMIDP,0,0
2019-05-25,3,APXMIDP ,167.5,34.69
2019-05-25,3,N2EXMIDP,0,0
2019-05-25,4,APXMIDP ,223,34.1
2019-05-25,4,N2EXMIDP,0,0
2019-05-25,5,APXMIDP ,224.95,34.44
2019-05-25,5,N2EXMIDP,0,0
2019-05-25,6,APXMIDP ,238.85,35.45
2019-05-25,6,N2EXMIDP,0,0
2019-05-25,7,APXMIDP ,260.85,33.88
2019-05-25,7,N2EXMIDP,0,0
2019-05-25,8,APXMIDP ,211.45,32.77
2019-05-25,8,N2EXMIDP,0,0
2019-05-25,9,APXMIDP ,165.45,32.3
2019-05-25,9,N2EXMIDP,0,0
2019-05-25,10,APXMIDP ,178.95,31.85
2019-05-25,10,N2EXMIDP,0,0
2019-05-25,11,APXMIDP ,164.5,31.81
2019-05-25,11,N2EXMIDP,0,0
2019-05-25,12,APXMIDP ,168.95,30.86
2019-05-25,12,N2EXMIDP,0,0
2019-05-25,13,APXMIDP ,164.5,36.11
2019-05-25,13,N2EXMIDP,0,0
2019-05-25,14,APXMIDP ,397.3,42.28
2019-05-25,14,N2EXMIDP,0,0
2019-05-25,15,APXMIDP ,494.8,40.23
2019-05-25,15,N2EXMIDP,0,0
2019-05-25,16,APXMIDP ,569.6,42.56
2019-05-25,16,N2EXMIDP,0,0
2019-05-25,17,APXMIDP ,608.5,47.84
2019-05-25,17,N2EXMIDP,0,0
2019-05-25,18,APXMIDP ,625.8,50.2
2019-05-25,18,N2EXMIDP,0,0
2019-05-25,19,APXMIDP ,794.8,51.58
2019-05-25,19,N2EXMIDP,0,0
2019-05-25,20,APXMIDP ,685.3,48.41
2019-05-25,20,N2EXMIDP,0,0
2019-05-25,21,APXMIDP ,693.15,46.91
2019-05-25,21,N2EXMIDP,0,0
2019-05-25,22,APXMIDP ,636.75,45.17
2019-05-25,22,N2EXMIDP,0,0
2019-05-25,23,APXMIDP ,506,34.91
2019-05-25,23,N2EXMIDP,0,0
2019-05-25,24,APXMIDP ,629.7,34.65
2019-05-25,24,N2EXMIDP,0,0
2019-05-25,25,APXMIDP ,573.5,35.34
2019-05-25,25,N2EXMIDP,0,0
2019-05-25,26,APXMIDP ,751.7,34.8
2019-05-25,26,N2EXMIDP,0,0
2019-05-25,27,APXMIDP ,661.3,32.22
2019-05-25,27,N2EXMIDP,0,0
2019-05-25,28,APXMIDP ,646.5,31.02
2019-05-25,28,N2EXMIDP,0,0
2019-05-25,29,APXMIDP ,676.15,31.87
2019-05-25,29,N2EXMIDP,0,0
2019-05-25,30,APXMIDP ,683,31.86
2019-05-25,30,N2EXMIDP,0,0
2019-05-25,31,APXMIDP ,594.1,31.65
2019-05-25,31,N2EXMIDP,0,0
2019-05-25,32,APXMIDP ,508.1,32.41
2019-05-25,32,N2EXMIDP,0,0
2019-05-25,33,APXMIDP ,729.15,33.69
2019-05-25,33,N2EXMIDP,0,0
2019-05-25,34,APXMIDP ,682.5,34.21
2019-05-25,34,N2EXMIDP,0,0
2019-05-25,35,APXMIDP ,755.55,36.76
2019-05-25,35,N2EXMIDP,0,0
2019-05-25,36,APXMIDP ,857,37.4
2019-05-25,36,N2EXMIDP,0,0
2019-05-25,37,APXMIDP ,824.8,36.89
2019-05-25,37,N2EXMIDP,0,0
2019-05-25,38,APXMIDP ,972.9,36.09
2019-05-25,38,N2EXMIDP,0,0
2019-05-25,39,APXMIDP ,1067.55,38.48
2019-05-25,39,N2EXMIDP,0,0
2019-05-25,40,APXMIDP ,1150.85,34.61
2019-05-25,40,N2EXMIDP,0,0
2019-05-25,41,APXMIDP ,937.4,34.79
2019-05-25,41,N2EXMIDP,0,0
2019-05-25,42,APXMIDP ,1193.35,35.21
2019-05-25,42,N2EXMIDP,0,0
2019-05-25,43,APXMIDP ,1028.55,33.05
2019-05-25,43,N2EXMIDP,0,0
2019-05-25,44,APXMIDP ,980.6,33.96
2019-05-25,44,N2EXMIDP,0,0
2019-05-25,45,APXMIDP ,1066.15,33.97
2019-05-25,45,N2EXMIDP,0,0
2019-05-25,46,APXMIDP ,1240.5,32.44
2019-05-25,46,N2EXMIDP,0,0
2019-05-25,47,APXMIDP ,640.75,43.44
2019-05-25,47,N2EXMIDP,0,0
2019-05-25,48,APXMIDP ,556.45,44.24
2019-05-25,48,N2EXMIDP,0,0
2019-05-26,1,APXMIDP ,272.9,39.14
2019-05-26,1,N2EXMIDP,0,0
2019-05-26,2,APXMIDP ,333.55,37.74
2019-05-26,2,N2EXMIDP,0,0
2019-05-26,3,APXMIDP ,422.75,36.62
2019-05-26,3,N2EXMIDP,0,0
2019-05-26,4,APXMIDP ,467.25,36.42
2019-05-26,4,N2EXMIDP,0,0
2019-05-26,5,APXMIDP ,331.7,35.75
2019-05-26,5,N2EXMIDP,0,0
2019-05-26,6,APXMIDP ,342.75,33.09
2019-05-26,6,N2EXMIDP,0,0
2019-05-26,7,APXMIDP ,368.05,25.61
2019-05-26,7,N2EXMIDP,0,0
2019-05-26,8,APXMIDP ,403.85,24.11
2019-05-26,8,N2EXMIDP,0,0
2019-05-26,9,APXMIDP ,444.25,23.61
2019-05-26,9,N2EXMIDP,0,0
2019-05-26,10,APXMIDP ,479.05,22.16
2019-05-26,10,N2EXMIDP,0,0
2019-05-26,11,APXMIDP ,510.85,17.09
2019-05-26,11,N2EXMIDP,0,0
2019-05-26,12,APXMIDP ,468.95,16.63
2019-05-26,12,N2EXMIDP,0,0
2019-05-26,13,APXMIDP ,532.35,17.62
2019-05-26,13,N2EXMIDP,0,0
2019-05-26,14,APXMIDP ,452.15,17.42
2019-05-26,14,N2EXMIDP,0,0
2019-05-26,15,APXMIDP ,632.7,15.37
2019-05-26,15,N2EXMIDP,0,0
2019-05-26,16,APXMIDP ,645.55,14.71
2019-05-26,16,N2EXMIDP,0,0
2019-05-26,17,APXMIDP ,788.3,12.9
2019-05-26,17,N2EXMIDP,0,0
2019-05-26,18,APXMIDP ,680.2,13.73
2019-05-26,18,N2EXMIDP,0,0
2019-05-26,19,APXMIDP ,651.65,23.38
2019-05-26,19,N2EXMIDP,0,0
2019-05-26,20,APXMIDP ,807.9,24.03
2019-05-26,20,N2EXMIDP,0,0
2019-05-26,21,APXMIDP ,807.15,21.28
2019-05-26,21,N2EXMIDP,0,0
2019-05-26,22,APXMIDP ,1150.6,19.59
2019-05-26,22,N2EXMIDP,0,0
2019-05-26,23,APXMIDP ,1143.1,16.26
2019-05-26,23,N2EXMIDP,0,0
2019-05-26,24,APXMIDP ,1277.25,15.18
2019-05-26,24,N2EXMIDP,0,0
2019-05-26,25,APXMIDP ,1413.85,11.79
2019-05-26,25,N2EXMIDP,0,0
2019-05-26,26,APXMIDP ,1227.9,10.98
2019-05-26,26,N2EXMIDP,0,0
2019-05-26,27,APXMIDP ,1355.9,-3.05
2019-05-26,27,N2EXMIDP,0,0
2019-05-26,28,APXMIDP ,1297.5,-5.87
2019-05-26,28,N2EXMIDP,0,0
2019-05-26,29,APXMIDP ,1566.6,-9.82
2019-05-26,29,N2EXMIDP,0,0
2019-05-26,30,APXMIDP ,1411.95,-13.96
2019-05-26,30,N2EXMIDP,0,0
2019-05-26,31,APXMIDP ,1393.8,-15.45
2019-05-26,31,N2EXMIDP,0,0
2019-05-26,32,APXMIDP ,1367.35,-17.3
2019-05-26,32,N2EXMIDP,0,0
2019-05-26,33,APXMIDP ,1378.65,-8.79
2019-05-26,33,N2EXMIDP,0,0
2019-05-26,34,APXMIDP ,1214.9,-17.57
2019-05-26,34,N2EXMIDP,0,0
2019-05-26,35,APXMIDP ,1000.45,-12.43
2019-05-26,35,N2EXMIDP,0,0
2019-05-26,36,APXMIDP ,751.45,-5.82
2019-05-26,36,N2EXMIDP,0,0
2019-05-26,37,APXMIDP ,1038.65,-3
2019-05-26,37,N2EXMIDP,0,0
2019-05-26,38,APXMIDP ,1115.9,-0.6
2019-05-26,38,N2EXMIDP,0,0
2019-05-26,39,APXMIDP ,1307.9,18.88
2019-05-26,39,N2EXMIDP,0,0
2019-05-26,40,APXMIDP ,1120.3,16.28
2019-05-26,40,N2EXMIDP,0,0
2019-05-26,41,APXMIDP ,1222.5,10.01
2019-05-26,41,N2EXMIDP,0,0
2019-05-26,42,APXMIDP ,1340.85,0.66
2019-05-26,42,N2EXMIDP,0,0
2019-05-26,43,APXMIDP ,1611.9,10.56
2019-05-26,43,N2EXMIDP,0,0
2019-05-26,44,APXMIDP ,1514.8,14.93
2019-05-26,44,N2EXMIDP,0,0
2019-05-26,45,APXMIDP ,1894,15.48
2019-05-26,45,N2EXMIDP,0,0
2019-05-26,46,APXMIDP ,1711.35,14.83
2019-05-26,46,N2EXMIDP,0,0
2019-05-26,47,APXMIDP ,654.9,18.19
2019-05-26,47,N2EXMIDP,0,0
2019-05-26,48,APXMIDP ,481,7.5
2019-05-26,48,N2EXMIDP,0,0
2019-05-27,1,APXMIDP ,274.85,1.03
2019-05-27,1,N2EXMIDP,0,0
2019-05-27,2,APXMIDP ,316.6,-10.76
2019-05-27,2,N2EXMIDP,0,0
2019-05-27,3,APXMIDP ,294.25,-28.89
2019-05-27,3,N2EXMIDP,0,0
2019-05-27,4,APXMIDP ,295.8,-36.16
2019-05-27,4,N2EXMIDP,0,0
2019-05-27,5,APXMIDP ,344.35,-34.62
2019-05-27,5,N2EXMIDP,0,0
2019-05-27,6,APXMIDP ,343.45,-33.84
2019-05-27,6,N2EXMIDP,0,0
2019-05-27,7,APXMIDP ,434.05,-14.49
2019-05-27,7,N2EXMIDP,0,0
2019-05-27,8,APXMIDP ,408.05,-13.84
2019-05-27,8,N2EXMIDP,0,0
2019-05-27,9,APXMIDP ,500.9,-7.91
2019-05-27,9,N2EXMIDP,0,0
2019-05-27,10,APXMIDP ,448.4,-9.24
2019-05-27,10,N2EXMIDP,0,0
2019-05-27,11,APXMIDP ,565.1,10.57
2019-05-27,11,N2EXMIDP,0,0
2019-05-27,12,APXMIDP ,648.05,15.46
2019-05-27,12,N2EXMIDP,0,0
2019-05-27,13,APXMIDP ,775.55,15.74
2019-05-27,13,N2EXMIDP,0,0
2019-05-27,14,APXMIDP ,1134.6,23.55
2019-05-27,14,N2EXMIDP,0,0
2019-05-27,15,APXMIDP ,875.25,46.52
2019-05-27,15,N2EXMIDP,0,0
2019-05-27,16,APXMIDP ,1125.6,48.66
2019-05-27,16,N2EXMIDP,0,0
2019-05-27,17,APXMIDP ,1143.05,46.39
2019-05-27,17,N2EXMIDP,0,0
2019-05-27,18,APXMIDP ,1235.4,50.25
2019-05-27,18,N2EXMIDP,0,0
2019-05-27,19,APXMIDP ,1052.35,49.66
2019-05-27,19,N2EXMIDP,0,0
2019-05-27,20,APXMIDP ,1219.7,50.59
2019-05-27,20,N2EXMIDP,0,0
2019-05-27,21,APXMIDP ,1060.65,46.65
2019-05-27,21,N2EXMIDP,0,0
2019-05-27,22,APXMIDP ,1086.4,46.78
2019-05-27,22,N2EXMIDP,0,0
2019-05-27,23,APXMIDP ,1333.95,42.04
2019-05-27,23,N2EXMIDP,0,0
2019-05-27,24,APXMIDP ,1272.9,41.68
2019-05-27,24,N2EXMIDP,0,0
2019-05-27,25,APXMIDP ,1474.65,40.48
2019-05-27,25,N2EXMIDP,0,0
2019-05-27,26,APXMIDP ,1404.5,41.56
2019-05-27,26,N2EXMIDP,0,0
2019-05-27,27,APXMIDP ,1552.85,40.02
2019-05-27,27,N2EXMIDP,0,0
2019-05-27,28,APXMIDP ,1489.15,39.64
2019-05-27,28,N2EXMIDP,0,0
2019-05-27,29,APXMIDP ,1176.4,40.68
2019-05-27,29,N2EXMIDP,0,0
2019-05-27,30,APXMIDP ,1270.15,41.55
2019-05-27,30,N2EXMIDP,0,0
2019-05-27,31,APXMIDP ,1195.15,41.06
2019-05-27,31,N2EXMIDP,0,0
2019-05-27,32,APXMIDP ,1332.9,42.22
2019-05-27,32,N2EXMIDP,0,0
2019-05-27,33,APXMIDP ,1504.95,41.91
2019-05-27,33,N2EXMIDP,0,0
2019-05-27,34,APXMIDP ,1844.25,43.32
2019-05-27,34,N2EXMIDP,0,0
2019-05-27,35,APXMIDP ,1141.7,49.42
2019-05-27,35,N2EXMIDP,0,0
2019-05-27,36,APXMIDP ,1004.05,52.73
2019-05-27,36,N2EXMIDP,0,0
2019-05-27,37,APXMIDP ,1038.7,52.93
2019-05-27,37,N2EXMIDP,0,0
2019-05-27,38,APXMIDP ,1196.1,56.01
2019-05-27,38,N2EXMIDP,0,0
2019-05-27,39,APXMIDP ,883.15,55.57
2019-05-27,39,N2EXMIDP,0,0
2019-05-27,40,APXMIDP ,1033.25,56.69
2019-05-27,40,N2EXMIDP,0,0
2019-05-27,41,APXMIDP ,872.1,56.24
2019-05-27,41,N2EXMIDP,0,0
2019-05-27,42,APXMIDP ,935.4,56.64
2019-05-27,42,N2EXMIDP,0,0
2019-05-27,43,APXMIDP ,1238.3,57.6
2019-05-27,43,N2EXMIDP,0,0
2019-05-27,44,APXMIDP ,1161.65,56.57
2019-05-27,44,N2EXMIDP,0,0
2019-05-27,45,APXMIDP ,1438.6,52.93
2019-05-27,45,N2EXMIDP,0,0
2019-05-27,46,APXMIDP ,1573.4,46.6
2019-05-27,46,N2EXMIDP,0,0
2019-05-27,47,APXMIDP ,698.55,41.4
2019-05-27,47,N2EXMIDP,0,0
2019-05-27,48,APXMIDP ,575.55,43.87
2019-05-27,48,N2EXMIDP,0,0
2019-05-28,1,APXMIDP ,605.55,41.88
2019-05-28,1,N2EXMIDP,0,0
2019-05-28,2,APXMIDP ,494.55,39.13
2019-05-28,2,N2EXMIDP,0,0
2019-05-28,3,APXMIDP ,397.5,33.22
2019-05-28,3,N2EXMIDP,0,0
2019-05-28,4,APXMIDP ,452.3,33.58
2019-05-28,4,N2EXMIDP,0,0
2019-05-28,5,APXMIDP ,552.05,33.78
2019-05-28,5,N2EXMIDP,0,0
2019-05-28,6,APXMIDP ,464,33.34
2019-05-28,6,N2EXMIDP,0,0
2019-05-28,7,APXMIDP ,432.95,29.84
2019-05-28,7,N2EXMIDP,0,0
2019-05-28,8,APXMIDP ,370.75,29.31
2019-05-28,8,N2EXMIDP,0,0
2019-05-28,9,APXMIDP ,398.25,28.38
2019-05-28,9,N2EXMIDP,0,0
2019-05-28,10,APXMIDP ,423.45,28.04
2019-05-28,10,N2EXMIDP,0,0
2019-05-28,11,APXMIDP ,372.7,31.1
2019-05-28,11,N2EXMIDP,0,0
2019-05-28,12,APXMIDP ,268.25,30.66
2019-05-28,12,N2EXMIDP,0,0
2019-05-28,13,APXMIDP ,623.4,41.25
2019-05-28,13,N2EXMIDP,0,0
2019-05-28,14,APXMIDP ,1136.95,33.26
2019-05-28,14,N2EXMIDP,0,0
2019-05-28,15,APXMIDP ,1041,32.82
2019-05-28,15,N2EXMIDP,0,0
2019-05-28,16,APXMIDP ,1036.5,33.21
2019-05-28,16,N2EXMIDP,0,0
2019-05-28,17,APXMIDP ,803.8,32.35
2019-05-28,17,N2EXMIDP,0,0
2019-05-28,18,APXMIDP ,818.4,33.14
2019-05-28,18,N2EXMIDP,0,0
2019-05-28,19,APXMIDP ,885.3,34.77
2019-05-28,19,N2EXMIDP,0,0
2019-05-28,20,APXMIDP ,879.2,36.52
2019-05-28,20,N2EXMIDP,0,0
2019-05-28,21,APXMIDP ,980,36.38
2019-05-28,21,N2EXMIDP,0,0
2019-05-28,22,APXMIDP ,1440.95,36.2
2019-05-28,22,N2EXMIDP,0,0
2019-05-28,23,APXMIDP ,1090.1,37.42
2019-05-28,23,N2EXMIDP,0,0
2019-05-28,24,APXMIDP ,1275.65,40.01
2019-05-28,24,N2EXMIDP,0,0
2019-05-28,25,APXMIDP ,1261.3,42.9
2019-05-28,25,N2EXMIDP,0,0
2019-05-28,26,APXMIDP ,1227.35,40.26
2019-05-28,26,N2EXMIDP,0,0
2019-05-28,27,APXMIDP ,1314.85,37.98
2019-05-28,27,N2EXMIDP,0,0
2019-05-28,28,APXMIDP ,1310.95,37.72
2019-05-28,28,N2EXMIDP,0,0
2019-05-28,29,APXMIDP ,1182.1,36.62
2019-05-28,29,N2EXMIDP,0,0
2019-05-28,30,APXMIDP ,1261.2,35.79
2019-05-28,30,N2EXMIDP,0,0
2019-05-28,31,APXMIDP ,771.65,35.75
2019-05-28,31,N2EXMIDP,0,0
2019-05-28,32,APXMIDP ,1290.25,35.16
2019-05-28,32,N2EXMIDP,0,0
2019-05-28,33,APXMIDP ,1212.05,33.78
2019-05-28,33,N2EXMIDP,0,0
2019-05-28,34,APXMIDP ,1207.75,34.59
2019-05-28,34,N2EXMIDP,0,0
2019-05-28,35,APXMIDP ,968.9,36.64
2019-05-28,35,N2EXMIDP,0,0
2019-05-28,36,APXMIDP ,1104.35,36.36
2019-05-28,36,N2EXMIDP,0,0
2019-05-28,37,APXMIDP ,1190.15,36.76
2019-05-28,37,N2EXMIDP,0,0
2019-05-28,38,APXMIDP ,1091.5,40.23
2019-05-28,38,N2EXMIDP,0,0
2019-05-28,39,APXMIDP ,889.2,43.07
2019-05-28,39,N2EXMIDP,0,0
2019-05-28,40,APXMIDP ,724.1,42.75
2019-05-28,40,N2EXMIDP,0,0
2019-05-28,41,APXMIDP ,653.6,40.15
2019-05-28,41,N2EXMIDP,0,0
2019-05-28,42,APXMIDP ,773.9,38.89
2019-05-28,42,N2EXMIDP,0,0
2019-05-28,43,APXMIDP ,761.5,41.38
2019-05-28,43,N2EXMIDP,0,0
2019-05-28,44,APXMIDP ,909.3,42.61
2019-05-28,44,N2EXMIDP,0,0
2019-05-28,45,APXMIDP ,1036.75,38.05
2019-05-28,45,N2EXMIDP,0,0
2019-05-28,46,APXMIDP ,1345.8,36.94
2019-05-28,46,N2EXMIDP,0,0
2019-05-28,47,APXMIDP ,672.35,40.95
2019-05-28,47,N2EXMIDP,0,0
2019-05-28,48,APXMIDP ,415.5,42.67
2019-05-28,48,N2EXMIDP,0,0
2019-05-29,1,APXMIDP ,362.5,38.57
2019-05-29,1,N2EXMIDP,0,0
2019-05-29,2,APXMIDP ,312.05,39.08
2019-05-29,2,N2EXMIDP,0,0
2019-05-29,3,APXMIDP ,317.55,37.25
2019-05-29,3,N2EXMIDP,0,0
2019-05-29,4,APXMIDP ,305.5,37.52
2019-05-29,4,N2EXMIDP,0,0
2019-05-29,5,APXMIDP ,342,35.81
2019-05-29,5,N2EXMIDP,0,0
2019-05-29,6,APXMIDP ,251.85,33.91
2019-05-29,6,N2EXMIDP,0,0
2019-05-29,7,APXMIDP ,171,30.29
2019-05-29,7,N2EXMIDP,0,0
2019-05-29,8,APXMIDP ,269,30.22
2019-05-29,8,N2EXMIDP,0,0
2019-05-29,9,APXMIDP ,223.6,32.31
2019-05-29,9,N2EXMIDP,0,0
2019-05-29,10,APXMIDP ,193.8,29.6
2019-05-29,10,N2EXMIDP,0,0
2019-05-29,11,APXMIDP ,447.65,40.07
2019-05-29,11,N2EXMIDP,0,0
2019-05-29,12,APXMIDP ,436.55,40.27
2019-05-29,12,N2EXMIDP,0,0
2019-05-29,13,APXMIDP ,773.15,40.8
2019-05-29,13,N2EXMIDP,0,0
2019-05-29,14,APXMIDP ,1097.65,38.94
2019-05-29,14,N2EXMIDP,0,0
2019-05-29,15,APXMIDP ,597.2,29.71
2019-05-29,15,N2EXMIDP,0,0
2019-05-29,16,APXMIDP ,839,34.61
2019-05-29,16,N2EXMIDP,0,0
2019-05-29,17,APXMIDP ,1051.85,36.64
2019-05-29,17,N2EXMIDP,0,0
2019-05-29,18,APXMIDP ,1219.7,37.66
2019-05-29,18,N2EXMIDP,0,0
2019-05-29,19,APXMIDP ,1137.4,41.82
2019-05-29,19,N2EXMIDP,0,0
2019-05-29,20,APXMIDP ,1382.6,41.11
2019-05-29,20,N2EXMIDP,0,0
2019-05-29,21,APXMIDP ,1082.25,37.52
2019-05-29,21,N2EXMIDP,0,0
2019-05-29,22,APXMIDP ,1435.2,39.11
2019-05-29,22,N2EXMIDP,0,0
2019-05-29,23,APXMIDP ,1461.1,37.88
2019-05-29,23,N2EXMIDP,0,0
2019-05-29,24,APXMIDP ,1526.9,35.77
2019-05-29,24,N2EXMIDP,0,0
2019-05-29,25,APXMIDP ,1697.4,36.33
2019-05-29,25,N2EXMIDP,0,0
2019-05-29,26,APXMIDP ,1641.75,37.2
2019-05-29,26,N2EXMIDP,0,0
2019-05-29,27,APXMIDP ,2118.7,36.36
2019-05-29,27,N2EXMIDP,0,0
2019-05-29,28,APXMIDP ,1782.8,35.41
2019-05-29,28,N2EXMIDP,0,0
2019-05-29,29,APXMIDP ,2189.5,37.38
2019-05-29,29,N2EXMIDP,0,0
2019-05-29,30,APXMIDP ,2266.05,37.32
2019-05-29,30,N2EXMIDP,0,0
2019-05-29,31,APXMIDP ,1373.85,40.86
2019-05-29,31,N2EXMIDP,0,0
2019-05-29,32,APXMIDP ,1605,41.15
2019-05-29,32,N2EXMIDP,0,0
2019-05-29,33,APXMIDP ,1443.15,39.55
2019-05-29,33,N2EXMIDP,0,0
2019-05-29,34,APXMIDP ,1585.8,41.17
2019-05-29,34,N2EXMIDP,0,0
2019-05-29,35,APXMIDP ,1608.1,44.4
2019-05-29,35,N2EXMIDP,0,0
2019-05-29,36,APXMIDP ,1637.75,45.49
2019-05-29,36,N2EXMIDP,0,0
2019-05-29,37,APXMIDP ,1590.7,45.69
2019-05-29,37,N2EXMIDP,0,0
2019-05-29,38,APXMIDP ,1632.85,44.94
2019-05-29,38,N2EXMIDP,0,0
2019-05-29,39,APXMIDP ,2016.2,38.74
2019-05-29,39,N2EXMIDP,0,0
2019-05-29,40,APXMIDP ,1691.1,37.12
2019-05-29,40,N2EXMIDP,0,0
2019-05-29,41,APXMIDP ,1857.5,36.04
2019-05-29,41,N2EXMIDP,0,0
2019-05-29,42,APXMIDP ,1766.9,35.83
2019-05-29,42,N2EXMIDP,0,0
2019-05-29,43,APXMIDP ,1791.9,36.25
2019-05-29,43,N2EXMIDP,0,0
2019-05-29,44,APXMIDP ,1835.75,39.06
2019-05-29,44,N2EXMIDP,0,0
2019-05-29,45,APXMIDP ,1827,38.73
2019-05-29,45,N2EXMIDP,0,0
2019-05-29,46,APXMIDP ,2306.65,37.12
2019-05-29,46,N2EXMIDP,0,0
2019-05-29,47,APXMIDP ,681.95,43.56
2019-05-29,47,N2EXMIDP,0,0
2019-05-29,48,APXMIDP ,530.8,39.89
2019-05-29,48,N2EXMIDP,0,0
2019-05-30,1,APXMIDP ,505.3,27.9
2019-05-30,1,N2EXMIDP,0,0
2019-05-30,2,APXMIDP ,458.1,20.82
2019-05-30,2,N2EXMIDP,0,0
2019-05-30,3,APXMIDP ,531.75,14.07
2019-05-30,3,N2EXMIDP,0,0
2019-05-30,4,APXMIDP ,483,13.53
2019-05-30,4,N2EXMIDP,0,0
2019-05-30,5,APXMIDP ,573.2,9.76
2019-05-30,5,N2EXMIDP,0,0
2019-05-30,6,APXMIDP ,571.2,8.72
2019-05-30,6,N2EXMIDP,0,0
2019-05-30,7,APXMIDP ,372.65,-3.54
2019-05-30,7,N2EXMIDP,0,0
2019-05-30,8,APXMIDP ,410.85,-14.69
2019-05-30,8,N2EXMIDP,0,0
2019-05-30,9,APXMIDP ,421.75,-15.42
2019-05-30,9,N2EXMIDP,0,0
2019-05-30,10,APXMIDP ,419.2,-19.48
2019-05-30,10,N2EXMIDP,0,0
2019-05-30,11,APXMIDP ,500.95,-12.49
2019-05-30,11,N2EXMIDP,0,0
2019-05-30,12,APXMIDP ,568.75,-10.74
2019-05-30,12,N2EXMIDP,0,0
2019-05-30,13,APXMIDP ,736.45,0.88
2019-05-30,13,N2EXMIDP,0,0
2019-05-30,14,APXMIDP ,1119.25,11.35
2019-05-30,14,N2EXMIDP,0,0
2019-05-30,15,APXMIDP ,2128.55,33.53
2019-05-30,15,N2EXMIDP,0,0
2019-05-30,16,APXMIDP ,1457.7,33.11
2019-05-30,16,N2EXMIDP,0,0
2019-05-30,17,APXMIDP ,1217.1,32.33
2019-05-30,17,N2EXMIDP,0,0
2019-05-30,18,APXMIDP ,1259.1,31.49
2019-05-30,18,N2EXMIDP,0,0
2019-05-30,19,APXMIDP ,1384.5,32.9
2019-05-30,19,N2EXMIDP,0,0
2019-05-30,20,APXMIDP ,1575.2,32.01
2019-05-30,20,N2EXMIDP,0,0
2019-05-30,21,APXMIDP ,1478.65,32.45
2019-05-30,21,N2EXMIDP,0,0
2019-05-30,22,APXMIDP ,1712.75,32
2019-05-30,22,N2EXMIDP,0,0
2019-05-30,23,APXMIDP ,1952.9,32.44
2019-05-30,23,N2EXMIDP,0,0
2019-05-30,24,APXMIDP ,1967.65,32.11
2019-05-30,24,N2EXMIDP,0,0
2019-05-30,25,APXMIDP ,1790.75,32.69
2019-05-30,25,N2EXMIDP,0,0
2019-05-30,26,APXMIDP ,2016.6,34.21
2019-05-30,26,N2EXMIDP,0,0
2019-05-30,27,APXMIDP ,1853.2,34.88
2019-05-30,27,N2EXMIDP,0,0
2019-05-30,28,APXMIDP ,1800.7,33.5
2019-05-30,28,N2EXMIDP,0,0
2019-05-30,29,APXMIDP ,1765.4,33.63
2019-05-30,29,N2EXMIDP,0,0
2019-05-30,30,APXMIDP ,1936.7,33.21
2019-05-30,30,N2EXMIDP,0,0
2019-05-30,31,APXMIDP ,1460,33.86
2019-05-30,31,N2EXMIDP,0,0
2019-05-30,32,APXMIDP ,1626.05,33.25
2019-05-30,32,N2EXMIDP,0,0
2019-05-30,33,APXMIDP ,1405.7,31
2019-05-30,33,N2EXMIDP,0,0
2019-05-30,34,APXMIDP ,1266.35,31.74
2019-05-30,34,N2EXMIDP,0,0
2019-05-30,35,APXMIDP ,1338.35,36.92
2019-05-30,35,N2EXMIDP,0,0
2019-05-30,36,APXMIDP ,1429.4,40.7
2019-05-30,36,N2EXMIDP,0,0
2019-05-30,37,APXMIDP ,1467.75,40.36
2019-05-30,37,N2EXMIDP,0,0
2019-05-30,38,APXMIDP ,1591.3,40.26
2019-05-30,38,N2EXMIDP,0,0
2019-05-30,39,APXMIDP ,886.75,44.61
2019-05-30,39,N2EXMIDP,0,0
2019-05-30,40,APXMIDP ,897.75,44.13
2019-05-30,40,N2EXMIDP,0,0
2019-05-30,41,APXMIDP ,768.7,45.96
2019-05-30,41,N2EXMIDP,0,0
2019-05-30,42,APXMIDP ,852.55,43.67
2019-05-30,42,N2EXMIDP,0,0
2019-05-30,43,APXMIDP ,672.05,43.27
2019-05-30,43,N2EXMIDP,0,0
2019-05-30,44,APXMIDP ,663.5,40.56
2019-05-30,44,N2EXMIDP,0,0
2019-05-30,45,APXMIDP ,893.3,38.87
2019-05-30,45,N2EXMIDP,0,0
2019-05-30,46,APXMIDP ,911.3,37.63
2019-05-30,46,N2EXMIDP,0,0
2019-05-30,47,APXMIDP ,1076.25,41.97
2019-05-30,47,N2EXMIDP,0,0
2019-05-30,48,APXMIDP ,706,44.04
2019-05-30,48,N2EXMIDP,0,0
2019-05-31,1,APXMIDP ,571.1,40.14
2019-05-31,1,N2EXMIDP,0,0
2019-05-31,2,APXMIDP ,462.5,37.35
2019-05-31,2,N2EXMIDP,0,0
2019-05-31,3,APXMIDP ,386.5,33.79
2019-05-31,3,N2EXMIDP,0,0
2019-05-31,4,APXMIDP ,313.5,32.48
2019-05-31,4,N2EXMIDP,0,0
2019-05-31,5,APXMIDP ,421.8,35.25
2019-05-31,5,N2EXMIDP,0,0
2019-05-31,6,APXMIDP ,437.5,34.33
2019-05-31,6,N2EXMIDP,0,0
2019-05-31,7,APXMIDP ,424.5,33.66
2019-05-31,7,N2EXMIDP,0,0
2019-05-31,8,APXMIDP ,442.9,34.13
2019-05-31,8,N2EXMIDP,0,0
2019-05-31,9,APXMIDP ,434.7,34.1
2019-05-31,9,N2EXMIDP,0,0
2019-05-31,10,APXMIDP ,563.35,36.24
2019-05-31,10,N2EXMIDP,0,0
2019-05-31,11,APXMIDP ,490.8,44.15
2019-05-31,11,N2EXMIDP,0,0
2019-05-31,12,APXMIDP ,579.85,44.92
2019-05-31,12,N2EXMIDP,0,0
2019-05-31,13,APXMIDP ,585.75,48.88
2019-05-31,13,N2EXMIDP,0,0
2019-05-31,14,APXMIDP ,1087.75,40.44
2019-05-31,14,N2EXMIDP,0,0
2019-05-31,15,APXMIDP ,1109.5,36.05
2019-05-31,15,N2EXMIDP,0,0
2019-05-31,16,APXMIDP ,1137.8,40.22
2019-05-31,16,N2EXMIDP,0,0
2019-05-31,17,APXMIDP ,859.1,40.7
2019-05-31,17,N2EXMIDP,0,0
2019-05-31,18,APXMIDP ,1260.95,40.09
2019-05-31,18,N2EXMIDP,0,0
2019-05-31,19,APXMIDP ,1303.2,40.94
2019-05-31,19,N2EXMIDP,0,0
2019-05-31,20,APXMIDP ,1460.85,40.59
2019-05-31,20,N2EXMIDP,0,0
2019-05-31,21,APXMIDP ,1730.8,41.42
2019-05-31,21,N2EXMIDP,0,0
2019-05-31,22,APXMIDP ,1734.7,40.07
2019-05-31,22,N2EXMIDP,0,0
2019-05-31,23,APXMIDP ,1665.4,40.9
2019-05-31,23,N2EXMIDP,0,0
2019-05-31,24,APXMIDP ,1476.5,39.04
2019-05-31,24,N2EXMIDP,0,0
2019-05-31,25,APXMIDP ,1704.1,41.26
2019-05-31,25,N2EXMIDP,0,0
2019-05-31,26,APXMIDP ,1750.55,39.99
2019-05-31,26,N2EXMIDP,0,0
2019-05-31,27,APXMIDP ,1618.3,37.61
2019-05-31,27,N2EXMIDP,0,0
2019-05-31,28,APXMIDP ,1483.6,34.72
2019-05-31,28,N2EXMIDP,0,0
2019-05-31,29,APXMIDP ,1799.65,34.66
2019-05-31,29,N2EXMIDP,0,0
2019-05-31,30,APXMIDP ,1733.85,32.13
2019-05-31,30,N2EXMIDP,0,0
2019-05-31,31,APXMIDP ,1535.95,33.7
2019-05-31,31,N2EXMIDP,0,0
2019-05-31,32,APXMIDP ,1726.15,35.13
2019-05-31,32,N2EXMIDP,0,0
2019-05-31,33,APXMIDP ,1358.8,34.78
2019-05-31,33,N2EXMIDP,0,0
2019-05-31,34,APXMIDP ,1714.6,32.88
2019-05-31,34,N2EXMIDP,0,0
2019-05-31,35,APXMIDP ,1973.6,35.8
2019-05-31,35,N2EXMIDP,0,0
2019-05-31,36,APXMIDP ,2136.85,35.55
2019-05-31,36,N2EXMIDP,0,0
2019-05-31,37,APXMIDP ,2455.35,35.95
2019-05-31,37,N2EXMIDP,0,0
2019-05-31,38,APXMIDP ,2341.6,38.74
2019-05-31,38,N2EXMIDP,0,0
2019-05-31,39,APXMIDP ,1272.5,43.07
2019-05-31,39,N2EXMIDP,0,0
2019-05-31,40,APXMIDP ,1445.25,42.39
2019-05-31,40,N2EXMIDP,0,0
2019-05-31,41,APXMIDP ,1422.4,42.8
2019-05-31,41,N2EXMIDP,0,0
2019-05-31,42,APXMIDP ,1083,41.99
2019-05-31,42,N2EXMIDP,0,0
2019-05-31,43,APXMIDP ,1314.65,37.84
2019-05-31,43,N2EXMIDP,0,0
2019-05-31,44,APXMIDP ,1410.55,38.24
2019-05-31,44,N2EXMIDP,0,0
2019-05-31,45,APXMIDP ,1323.65,33.03
2019-05-31,45,N2EXMIDP,0,0
2019-05-31,46,APXMIDP ,1377.8,27.99
2019-05-31,46,N2EXMIDP,0,0
2019-05-31,47,APXMIDP ,1103.85,29.55
2019-05-31,47,N2EXMIDP,0,0
2019-05-31,48,APXMIDP ,1001.2,31.55
2019-05-31,48,N2EXMIDP,0,0
2019-06-01,1,APXMIDP ,743.8,20.53
2019-06-01,1,N2EXMIDP,0,0
2019-06-01,2,APXMIDP ,600,18.87
2019-06-01,2,N2EXMIDP,0,0
2019-06-01,3,APXMIDP ,565.75,10.07
2019-06-01,3,N2EXMIDP,0,0
2019-06-01,4,APXMIDP ,488.15,12.07
2019-06-01,4,N2EXMIDP,0,0
2019-06-01,5,APXMIDP ,558,12.3
2019-06-01,5,N2EXMIDP,0,0
2019-06-01,6,APXMIDP ,652.65,13.36
2019-06-01,6,N2EXMIDP,0,0
2019-06-01,7,APXMIDP ,465.45,20.88
2019-06-01,7,N2EXMIDP,0,0
2019-06-01,8,APXMIDP ,391.8,26.24
2019-06-01,8,N2EXMIDP,0,0
2019-06-01,9,APXMIDP ,341.65,26.47
2019-06-01,9,N2EXMIDP,0,0
2019-06-01,10,APXMIDP ,416.05,21.99
2019-06-01,10,N2EXMIDP,0,0
2019-06-01,11,APXMIDP ,464.65,23.93
2019-06-01,11,N2EXMIDP,0,0
2019-06-01,12,APXMIDP ,586.7,25.45
2019-06-01,12,N2EXMIDP,0,0
2019-06-01,13,APXMIDP ,561.1,35.9
2019-06-01,13,N2EXMIDP,0,0
2019-06-01,14,APXMIDP ,701.1,37.55
2019-06-01,14,N2EXMIDP,0,0
2019-06-01,15,APXMIDP ,562.15,31.63
2019-06-01,15,N2EXMIDP,0,0
2019-06-01,16,APXMIDP ,665.2,31.52
2019-06-01,16,N2EXMIDP,0,0
2019-06-01,17,APXMIDP ,718.9,34.5
2019-06-01,17,N2EXMIDP,0,0
2019-06-01,18,APXMIDP ,697.2,38.04
2019-06-01,18,N2EXMIDP,0,0
2019-06-01,19,APXMIDP ,827.65,34.42
2019-06-01,19,N2EXMIDP,0,0
2019-06-01,20,APXMIDP ,964.3,32.51
2019-06-01,20,N2EXMIDP,0,0
2019-06-01,21,APXMIDP ,922.25,31.55
2019-06-01,21,N2EXMIDP,0,0
2019-06-01,22,APXMIDP ,1023.95,30.73
2019-06-01,22,N2EXMIDP,0,0
2019-06-01,23,APXMIDP ,767.2,31.62
2019-06-01,23,N2EXMIDP,0,0
2019-06-01,24,APXMIDP ,966.4,31.71
2019-06-01,24,N2EXMIDP,0,0
2019-06-01,25,APXMIDP ,784.7,28.59
2019-06-01,25,N2EXMIDP,0,0
2019-06-01,26,APXMIDP ,770.55,27.18
2019-06-01,26,N2EXMIDP,0,0
2019-06-01,27,APXMIDP ,872.5,25.44
2019-06-01,27,N2EXMIDP,0,0
2019-06-01,28,APXMIDP ,923.3,28.07
2019-06-01,28,N2EXMIDP,0,0
2019-06-01,29,APXMIDP ,1254.6,28.69
2019-06-01,29,N2EXMIDP,0,0
2019-06-01,30,APXMIDP ,1221.1,29.84
2019-06-01,30,N2EXMIDP,0,0
2019-06-01,31,APXMIDP ,663.3,32.1
2019-06-01,31,N2EXMIDP,0,0
2019-06-01,32,APXMIDP ,768.7,31.3
2019-06-01,32,N2EXMIDP,0,0
2019-06-01,33,APXMIDP ,939.2,32.32
2019-06-01,33,N2EXMIDP,0,0
2019-06-01,34,APXMIDP ,1230.65,38.3
2019-06-01,34,N2EXMIDP,0,0
2019-06-01,35,APXMIDP ,1188,42.32
2019-06-01,35,N2EXMIDP,0,0
2019-06-01,36,APXMIDP ,1156.25,46.89
2019-06-01,36,N2EXMIDP,0,0
2019-06-01,37,APXMIDP ,999.15,45.49
2019-06-01,37,N2EXMIDP,0,0
2019-06-01,38,APXMIDP ,1222.7,45.04
2019-06-01,38,N2EXMIDP,0,0
2019-06-01,39,APXMIDP ,969.9,51.17
2019-06-01,39,N2EXMIDP,0,0
2019-06-01,40,APXMIDP ,974.85,50.56
2019-06-01,40,N2EXMIDP,0,0
2019-06-01,41,APXMIDP ,840.4,48.12
2019-06-01,41,N2EXMIDP,0,0
2019-06-01,42,APXMIDP ,667.9,46.8
2019-06-01,42,N2EXMIDP,0,0
2019-06-01,43,APXMIDP ,568.4,44.11
2019-06-01,43,N2EXMIDP,0,0
2019-06-01,44,APXMIDP ,696.6,49.34
2019-06-01,44,N2EXMIDP,0,0
2019-06-01,45,APXMIDP ,689.6,49.06
2019-06-01,45,N2EXMIDP,0,0
2019-06-01,46,APXMIDP ,650,42.57
2019-06-01,46,N2EXMIDP,0,0
2019-06-01,47,APXMIDP ,1160.65,49.35
2019-06-01,47,N2EXMIDP,0,0
2019-06-01,48,APXMIDP ,827.8,49.87
2019-06-01,48,N2EXMIDP,0,0
2019-06-02,1,APXMIDP ,688.6,47.81
2019-06-02,1,N2EXMIDP,0,0
2019-06-02,2,APXMIDP ,586.35,47.05
2019-06-02,2,N2EXMIDP,0,0
2019-06-02,3,APXMIDP ,362.5,44.09
2019-06-02,3,N2EXMIDP,0,0
2019-06-02,4,APXMIDP ,363.95,40.2
2019-06-02,4,N2EXMIDP,0,0
2019-06-02,5,APXMIDP ,307.05,36.29
2019-06-02,5,N2EXMIDP,0,0
2019-06-02,6,APXMIDP ,420.85,29.65
2019-06-02,6,N2EXMIDP,0,0
2019-06-02,7,APXMIDP ,650.25,24.76
2019-06-02,7,N2EXMIDP,0,0
2019-06-02,8,APXMIDP ,646.9,24.45
2019-06-02,8,N2EXMIDP,0,0
2019-06-02,9,APXMIDP ,713.4,25.67
2019-06-02,9,N2EXMIDP,0,0
2019-06-02,10,APXMIDP ,619.05,22.37
2019-06-02,10,N2EXMIDP,0,0
2019-06-02,11,APXMIDP ,735.45,21.12
2019-06-02,11,N2EXMIDP,0,0
2019-06-02,12,APXMIDP ,742.15,20.51
2019-06-02,12,N2EXMIDP,0,0
2019-06-02,13,APXMIDP ,905.45,19.7
2019-06-02,13,N2EXMIDP,0,0
2019-06-02,14,APXMIDP ,833.6,20.69
2019-06-02,14,N2EXMIDP,0,0
2019-06-02,15,APXMIDP ,1048.05,16.53
2019-06-02,15,N2EXMIDP,0,0
2019-06-02,16,APXMIDP ,986.6,18.44
2019-06-02,16,N2EXMIDP,0,0
2019-06-02,17,APXMIDP ,1043.05,22.63
2019-06-02,17,N2EXMIDP,0,0
2019-06-02,18,APXMIDP ,1011.1,29.92
2019-06-02,18,N2EXMIDP,0,0
2019-06-02,19,APXMIDP ,918.4,37.84
2019-06-02,19,N2EXMIDP,0,0
2019-06-02,20,APXMIDP ,1221.65,38.12
2019-06-02,20,N2EXMIDP,0,0
2019-06-02,21,APXMIDP ,1244.65,37.82
2019-06-02,21,N2EXMIDP,0,0
2019-06-02,22,APXMIDP ,1390.25,36.45
2019-06-02,22,N2EXMIDP,0,0
2019-06-02,23,APXMIDP ,1072.15,33.08
2019-06-02,23,N2EXMIDP,0,0
2019-06-02,24,APXMIDP ,1246.95,33.42
2019-06-02,24,N2EXMIDP,0,0
2019-06-02,25,APXMIDP ,1222.05,33.87
2019-06-02,25,N2EXMIDP,0,0
2019-06-02,26,APXMIDP ,1209.4,33.77
2019-06-02,26,N2EXMIDP,0,0
2019-06-02,27,APXMIDP ,1109.45,31.31
2019-06-02,27,N2EXMIDP,0,0
2019-06-02,28,APXMIDP ,1172,31.04
2019-06-02,28,N2EXMIDP,0,0
2019-06-02,29,APXMIDP ,922.9,24.05
2019-06-02,29,N2EXMIDP,0,0
2019-06-02,30,APXMIDP ,918.05,22.49
2019-06-02,30,N2EXMIDP,0,0
2019-06-02,31,APXMIDP ,876,15.2
2019-06-02,31,N2EXMIDP,0,0
2019-06-02,32,APXMIDP ,997.35,17.25
2019-06-02,32,N2EXMIDP,0,0
2019-06-02,33,APXMIDP ,819.55,22.39
2019-06-02,33,N2EXMIDP,0,0
2019-06-02,34,APXMIDP ,1114.75,31.41
2019-06-02,34,N2EXMIDP,0,0
2019-06-02,35,APXMIDP ,1267.55,35.32
2019-06-02,35,N2EXMIDP,0,0
2019-06-02,36,APXMIDP ,1297.9,36.79
2019-06-02,36,N2EXMIDP,0,0
2019-06-02,37,APXMIDP ,1320.25,37.27
2019-06-02,37,N2EXMIDP,0,0
2019-06-02,38,APXMIDP ,1315.4,37.17
2019-06-02,38,N2EXMIDP,0,0
2019-06-02,39,APXMIDP ,1482.9,37.61
2019-06-02,39,N2EXMIDP,0,0
2019-06-02,40,APXMIDP ,1257.1,37
2019-06-02,40,N2EXMIDP,0,0
2019-06-02,41,APXMIDP ,1211.7,35.7
2019-06-02,41,N2EXMIDP,0,0
2019-06-02,42,APXMIDP ,1272.75,35.15
2019-06-02,42,N2EXMIDP,0,0
2019-06-02,43,APXMIDP ,898.85,35.14
2019-06-02,43,N2EXMIDP,0,0
2019-06-02,44,APXMIDP ,848,36.05
2019-06-02,44,N2EXMIDP,0,0
2019-06-02,45,APXMIDP ,841.6,35.53
2019-06-02,45,N2EXMIDP,0,0
2019-06-02,46,APXMIDP ,844.05,29.46
2019-06-02,46,N2EXMIDP,0,0
2019-06-02,47,APXMIDP ,550.7,36.33
2019-06-02,47,N2EXMIDP,0,0
2019-06-02,48,APXMIDP ,401.45,5.04
2019-06-02,48,N2EXMIDP,0,0
2019-06-03,1,APXMIDP ,416.55,13.1
2019-06-03,1,N2EXMIDP,0,0
2019-06-03,2,APXMIDP ,491.85,17.26
2019-06-03,2,N2EXMIDP,0,0
2019-06-03,3,APXMIDP ,625.35,18.43
2019-06-03,3,N2EXMIDP,0,0
2019-06-03,4,APXMIDP ,640.4,20.07
2019-06-03,4,N2EXMIDP,0,0
2019-06-03,5,APXMIDP ,625.2,22.42
2019-06-03,5,N2EXMIDP,0,0
2019-06-03,6,APXMIDP ,613.45,23.87
2019-06-03,6,N2EXMIDP,0,0
2019-06-03,7,APXMIDP ,379.45,39.66
2019-06-03,7,N2EXMIDP,0,0
2019-06-03,8,APXMIDP ,429.75,40.79
2019-06-03,8,N2EXMIDP,0,0
2019-06-03,9,APXMIDP ,340.95,39.02
2019-06-03,9,N2EXMIDP,0,0
2019-06-03,10,APXMIDP ,420.1,38.76
2019-06-03,10,N2EXMIDP,0,0
2019-06-03,11,APXMIDP ,587.35,38.18
2019-06-03,11,N2EXMIDP,0,0
2019-06-03,12,APXMIDP ,562,38.93
2019-06-03,12,N2EXMIDP,0,0
2019-06-03,13,APXMIDP ,689.6,38.39
2019-06-03,13,N2EXMIDP,0,0
2019-06-03,14,APXMIDP ,1018,41.35
2019-06-03,14,N2EXMIDP,0,0
2019-06-03,15,APXMIDP ,1138.4,38.89
2019-06-03,15,N2EXMIDP,0,0
2019-06-03,16,APXMIDP ,1315.65,46.48
2019-06-03,16,N2EXMIDP,0,0
2019-06-03,17,APXMIDP ,1140.4,39.48
2019-06-03,17,N2EXMIDP,0,0
2019-06-03,18,APXMIDP ,920.45,37.75
2019-06-03,18,N2EXMIDP,0,0
2019-06-03,19,APXMIDP ,1112.1,31.03
2019-06-03,19,N2EXMIDP,0,0
2019-06-03,20,APXMIDP ,1225.85,27.62
2019-06-03,20,N2EXMIDP,0,0
2019-06-03,21,APXMIDP ,1277.95,27.1
2019-06-03,21,N2EXMIDP,0,0
2019-06-03,22,APXMIDP ,1591.2,25.93
2019-06-03,22,N2EXMIDP,0,0
2019-06-03,23,APXMIDP ,2297.2,23.2
2019-06-03,23,N2EXMIDP,0,0
2019-06-03,24,APXMIDP ,2341.8,23.53
2019-06-03,24,N2EXMIDP,0,0
2019-06-03,25,APXMIDP ,2195.65,25.42
2019-06-03,25,N2EXMIDP,0,0
2019-06-03,26,APXMIDP ,2178.9,25.79
2019-06-03,26,N2EXMIDP,0,0
2019-06-03,27,APXMIDP ,2093.25,31.57
2019-06-03,27,N2EXMIDP,0,0
2019-06-03,28,APXMIDP ,2235.55,32.41
2019-06-03,28,N2EXMIDP,0,0
2019-06-03,29,APXMIDP ,2256,32.58
2019-06-03,29,N2EXMIDP,0,0
2019-06-03,30,APXMIDP ,2428.5,32.09
2019-06-03,30,N2EXMIDP,0,0
2019-06-03,31,APXMIDP ,1613.9,28.39
2019-06-03,31,N2EXMIDP,0,0
2019-06-03,32,APXMIDP ,1417.1,30.52
2019-06-03,32,N2EXMIDP,0,0
2019-06-03,33,APXMIDP ,1498.45,28.64
2019-06-03,33,N2EXMIDP,0,0
2019-06-03,34,APXMIDP ,1548.55,27.8
2019-06-03,34,N2EXMIDP,0,0
2019-06-03,35,APXMIDP ,2400.7,38.73
2019-06-03,35,N2EXMIDP,0,0
2019-06-03,36,APXMIDP ,2174.5,39.37
2019-06-03,36,N2EXMIDP,0,0
2019-06-03,37,APXMIDP ,1933.95,39.81
2019-06-03,37,N2EXMIDP,0,0
2019-06-03,38,APXMIDP ,2139.8,39.99
2019-06-03,38,N2EXMIDP,0,0
2019-06-03,39,APXMIDP ,1498.95,37.35
2019-06-03,39,N2EXMIDP,0,0
2019-06-03,40,APXMIDP ,1754.35,41.7
2019-06-03,40,N2EXMIDP,0,0
2019-06-03,41,APXMIDP ,1472.9,42.91
2019-06-03,41,N2EXMIDP,0,0
2019-06-03,42,APXMIDP ,1387.45,42.7
2019-06-03,42,N2EXMIDP,0,0
2019-06-03,43,APXMIDP ,1105.95,41.95
2019-06-03,43,N2EXMIDP,0,0
2019-06-03,44,APXMIDP ,1083,42.63
2019-06-03,44,N2EXMIDP,0,0
2019-06-03,45,APXMIDP ,1121.05,40.58
2019-06-03,45,N2EXMIDP,0,0
2019-06-03,46,APXMIDP ,1346.8,38.56
2019-06-03,46,N2EXMIDP,0,0
2019-06-03,47,APXMIDP ,670.05,41.39
2019-06-03,47,N2EXMIDP,0,0
2019-06-03,48,APXMIDP ,527.1,36.1
2019-06-03,48,N2EXMIDP,0,0
2019-06-04,1,APXMIDP ,507.7,35.2
2019-06-04,1,N2EXMIDP,0,0
2019-06-04,2,APXMIDP ,455.95,35.29
2019-06-04,2,N2EXMIDP,0,0
2019-06-04,3,APXMIDP ,559.75,35.76
2019-06-04,3,N2EXMIDP,0,0
2019-06-04,4,APXMIDP ,547.3,35.81
2019-06-04,4,N2EXMIDP,0,0
2019-06-04,5,APXMIDP ,543.55,35.52
2019-06-04,5,N2EXMIDP,0,0
2019-06-04,6,APXMIDP ,630.2,35.17
2019-06-04,6,N2EXMIDP,0,0
2019-06-04,7,APXMIDP ,460.35,35.32
2019-06-04,7,N2EXMIDP,0,0
2019-06-04,8,APXMIDP ,473.5,35.21
2019-06-04,8,N2EXMIDP,0,0
2019-06-04,9,APXMIDP ,509.9,34.83
2019-06-04,9,N2EXMIDP,0,0
2019-06-04,10,APXMIDP ,705.5,32.97
2019-06-04,10,N2EXMIDP,0,0
2019-06-04,11,APXMIDP ,522.4,36.64
2019-06-04,11,N2EXMIDP,0,0
2019-06-04,12,APXMIDP ,397.85,35.74
2019-06-04,12,N2EXMIDP,0,0
2019-06-04,13,APXMIDP ,446.8,39.94
2019-06-04,13,N2EXMIDP,0,0
2019-06-04,14,APXMIDP ,921.3,43.86
2019-06-04,14,N2EXMIDP,0,0
2019-06-04,15,APXMIDP ,879.1,44.8
2019-06-04,15,N2EXMIDP,0,0
2019-06-04,16,APXMIDP ,692.9,54.93
2019-06-04,16,N2EXMIDP,0,0
2019-06-04,17,APXMIDP ,842.3,43.87
2019-06-04,17,N2EXMIDP,0,0
2019-06-04,18,APXMIDP ,1004.8,45.46
2019-06-04,18,N2EXMIDP,0,0
2019-06-04,19,APXMIDP ,866.15,49.52
2019-06-04,19,N2EXMIDP,0,0
2019-06-04,20,APXMIDP ,940.25,48.72
2019-06-04,20,N2EXMIDP,0,0
2019-06-04,21,APXMIDP ,718.3,45
2019-06-04,21,N2EXMIDP,0,0
2019-06-04,22,APXMIDP ,794.85,41.29
2019-06-04,22,N2EXMIDP,0,0
2019-06-04,23,APXMIDP ,1059.15,40.17
2019-06-04,23,N2EXMIDP,0,0
2019-06-04,24,APXMIDP ,1321.15,40.07
2019-06-04,24,N2EXMIDP,0,0
2019-06-04,25,APXMIDP ,1334.45,41.34
2019-06-04,25,N2EXMIDP,0,0
2019-06-04,26,APXMIDP ,1277,41.35
2019-06-04,26,N2EXMIDP,0,0
2019-06-04,27,APXMIDP ,1345.4,40.27
2019-06-04,27,N2EXMIDP,0,0
2019-06-04,28,APXMIDP ,1291.7,41.18
2019-06-04,28,N2EXMIDP,0,0
2019-06-04,29,APXMIDP ,1261.65,42.02
2019-06-04,29,N2EXMIDP,0,0
2019-06-04,30,APXMIDP ,1496.35,42.79
2019-06-04,30,N2EXMIDP,0,0
2019-06-04,31,APXMIDP ,1336.7,45.18
2019-06-04,31,N2EXMIDP,0,0
2019-06-04,32,APXMIDP ,1348.1,44.8
2019-06-04,32,N2EXMIDP,0,0
2019-06-04,33,APXMIDP ,1252.35,44.03
2019-06-04,33,N2EXMIDP,0,0
2019-06-04,34,APXMIDP ,1411.4,47.4
2019-06-04,34,N2EXMIDP,0,0
2019-06-04,35,APXMIDP ,1199.8,52.27
2019-06-04,35,N2EXMIDP,0,0
2019-06-04,36,APXMIDP ,1351.9,54.45
2019-06-04,36,N2EXMIDP,0,0
2019-06-04,37,APXMIDP ,1535.25,55.88
2019-06-04,37,N2EXMIDP,0,0
2019-06-04,38,APXMIDP ,1568.25,53.25
2019-06-04,38,N2EXMIDP,0,0
2019-06-04,39,APXMIDP ,1232.6,42.96
2019-06-04,39,N2EXMIDP,0,0
2019-06-04,40,APXMIDP ,1318.6,39.55
2019-06-04,40,N2EXMIDP,0,0
2019-06-04,41,APXMIDP ,1007.85,38.4
2019-06-04,41,N2EXMIDP,0,0
2019-06-04,42,APXMIDP ,1145.95,35.43
2019-06-04,42,N2EXMIDP,0,0
2019-06-04,43,APXMIDP ,1476.75,34.71
2019-06-04,43,N2EXMIDP,0,0
2019-06-04,44,APXMIDP ,1806.3,34.19
2019-06-04,44,N2EXMIDP,0,0
2019-06-04,45,APXMIDP ,2092.5,35.27
2019-06-04,45,N2EXMIDP,0,0
2019-06-04,46,APXMIDP ,2570.25,34.86
2019-06-04,46,N2EXMIDP,0,0
2019-06-04,47,APXMIDP ,369.1,24.77
2019-06-04,47,N2EXMIDP,0,0
2019-06-04,48,APXMIDP ,501.9,26.97
2019-06-04,48,N2EXMIDP,0,0
2019-06-05,1,APXMIDP ,402.7,29.06
2019-06-05,1,N2EXMIDP,0,0
2019-06-05,2,APXMIDP ,568.9,29.17
2019-06-05,2,N2EXMIDP,0,0
2019-06-05,3,APXMIDP ,1103.9,30.66
2019-06-05,3,N2EXMIDP,0,0
2019-06-05,4,APXMIDP ,1084.25,30.63
2019-06-05,4,N2EXMIDP,0,0
2019-06-05,5,APXMIDP ,1051.9,30.4
2019-06-05,5,N2EXMIDP,0,0
2019-06-05,6,APXMIDP ,1051.95,29.87
2019-06-05,6,N2EXMIDP,0,0
2019-06-05,7,APXMIDP ,797.1,28.65
2019-06-05,7,N2EXMIDP,0,0
2019-06-05,8,APXMIDP ,787,27.72
2019-06-05,8,N2EXMIDP,0,0
2019-06-05,9,APXMIDP ,1039.1,26.11
2019-06-05,9,N2EXMIDP,0,0
2019-06-05,10,APXMIDP ,832.75,26.62
2019-06-05,10,N2EXMIDP,0,0
2019-06-05,11,APXMIDP ,749.7,30.54
2019-06-05,11,N2EXMIDP,0,0
2019-06-05,12,APXMIDP ,676.55,28.83
2019-06-05,12,N2EXMIDP,0,0
2019-06-05,13,APXMIDP ,722.45,29.85
2019-06-05,13,N2EXMIDP,0,0
2019-06-05,14,APXMIDP ,1113.9,30.35
2019-06-05,14,N2EXMIDP,0,0
2019-06-05,15,APXMIDP ,1141.55,30.4
2019-06-05,15,N2EXMIDP,0,0
2019-06-05,16,APXMIDP ,734,31.08
2019-06-05,16,N2EXMIDP,0,0
2019-06-05,17,APXMIDP ,685.8,27.33
2019-06-05,17,N2EXMIDP,0,0
2019-06-05,18,APXMIDP ,577.6,26.91
2019-06-05,18,N2EXMIDP,0,0
2019-06-05,19,APXMIDP ,1463.75,28.21
2019-06-05,19,N2EXMIDP,0,0
2019-06-05,20,APXMIDP ,1486.3,29.52
2019-06-05,20,N2EXMIDP,0,0
2019-06-05,21,APXMIDP ,1615.35,36.46
2019-06-05,21,N2EXMIDP,0,0
2019-06-05,22,APXMIDP ,1707.45,35.66
2019-06-05,22,N2EXMIDP,0,0
2019-06-05,23,APXMIDP ,1541.8,37.65
2019-06-05,23,N2EXMIDP,0,0
2019-06-05,24,APXMIDP ,1304.45,36.57
2019-06-05,24,N2EXMIDP,0,0
2019-06-05,25,APXMIDP ,1291.9,35.81
2019-06-05,25,N2EXMIDP,0,0
2019-06-05,26,APXMIDP ,1359.4,36.07
2019-06-05,26,N2EXMIDP,0,0
2019-06-05,27,APXMIDP ,1703.9,37.73
2019-06-05,27,N2EXMIDP,0,0
2019-06-05,28,APXMIDP ,1578.85,36.75
2019-06-05,28,N2EXMIDP,0,0
2019-06-05,29,APXMIDP ,1797.3,35.85
2019-06-05,29,N2EXMIDP,0,0
2019-06-05,30,APXMIDP ,2182.75,34.96
2019-06-05,30,N2EXMIDP,0,0
2019-06-05,31,APXMIDP ,1326.45,35.81
2019-06-05,31,N2EXMIDP,0,0
2019-06-05,32,APXMIDP ,1529.9,40.31
2019-06-05,32,N2EXMIDP,0,0
2019-06-05,33,APXMIDP ,1729.1,37.01
2019-06-05,33,N2EXMIDP,0,0
2019-06-05,34,APXMIDP ,1863.85,37.48
2019-06-05,34,N2EXMIDP,0,0
2019-06-05,35,APXMIDP ,2033.8,44.22
2019-06-05,35,N2EXMIDP,0,0
2019-06-05,36,APXMIDP ,2196.75,47.72
2019-06-05,36,N2EXMIDP,0,0
2019-06-05,37,APXMIDP ,1877.55,47.92
2019-06-05,37,N2EXMIDP,0,0
2019-06-05,38,APXMIDP ,1816.05,47.61
2019-06-05,38,N2EXMIDP,0,0
2019-06-05,39,APXMIDP ,1363.55,50.06
2019-06-05,39,N2EXMIDP,0,0
2019-06-05,40,APXMIDP ,1187,47.49
2019-06-05,40,N2EXMIDP,0,0
2019-06-05,41,APXMIDP ,1184.55,46.14
2019-06-05,41,N2EXMIDP,0,0
2019-06-05,42,APXMIDP ,761.8,47.37
2019-06-05,42,N2EXMIDP,0,0
2019-06-05,43,APXMIDP ,1157.35,40.46
2019-06-05,43,N2EXMIDP,0,0
2019-06-05,44,APXMIDP ,1354.4,37.82
2019-06-05,44,N2EXMIDP,0,0
2019-06-05,45,APXMIDP ,918.45,40.7
2019-06-05,45,N2EXMIDP,0,0
2019-06-05,46,APXMIDP ,1402.4,35.02
2019-06-05,46,N2EXMIDP,0,0
2019-06-05,47,APXMIDP ,333.7,29.2
2019-06-05,47,N2EXMIDP,0,0
2019-06-05,48,APXMIDP ,363,31.99
2019-06-05,48,N2EXMIDP,0,0
2019-06-06,1,APXMIDP ,328.65,26.92
2019-06-06,1,N2EXMIDP,0,0
2019-06-06,2,APXMIDP ,304.35,26.57
2019-06-06,2,N2EXMIDP,0,0
2019-06-06,3,APXMIDP ,584.45,31.88
2019-06-06,3,N2EXMIDP,0,0
2019-06-06,4,APXMIDP ,616.4,31.4
2019-06-06,4,N2EXMIDP,0,0
2019-06-06,5,APXMIDP ,554.5,32.83
2019-06-06,5,N2EXMIDP,0,0
2019-06-06,6,APXMIDP ,553.05,32.17
2019-06-06,6,N2EXMIDP,0,0
2019-06-06,7,APXMIDP ,315.05,30.57
2019-06-06,7,N2EXMIDP,0,0
2019-06-06,8,APXMIDP ,330.3,29.5
2019-06-06,8,N2EXMIDP,0,0
2019-06-06,9,APXMIDP ,372.5,28.59
2019-06-06,9,N2EXMIDP,0,0
2019-06-06,10,APXMIDP ,436.3,28.26
2019-06-06,10,N2EXMIDP,0,0
2019-06-06,11,APXMIDP ,614.4,29
2019-06-06,11,N2EXMIDP,0,0
2019-06-06,12,APXMIDP ,575.65,27.67
2019-06-06,12,N2EXMIDP,0,0
2019-06-06,13,APXMIDP ,408.55,30.6
2019-06-06,13,N2EXMIDP,0,0
2019-06-06,14,APXMIDP ,669.55,36.53
2019-06-06,14,N2EXMIDP,0,0
2019-06-06,15,APXMIDP ,807,47.19
2019-06-06,15,N2EXMIDP,0,0
2019-06-06,16,APXMIDP ,693.45,54.33
2019-06-06,16,N2EXMIDP,0,0
2019-06-06,17,APXMIDP ,865.75,53.09
2019-06-06,17,N2EXMIDP,0,0
2019-06-06,18,APXMIDP ,767.1,52.19
2019-06-06,18,N2EXMIDP,0,0
2019-06-06,19,APXMIDP ,1011.9,43.77
2019-06-06,19,N2EXMIDP,0,0
2019-06-06,20,APXMIDP ,998.75,38.43
2019-06-06,20,N2EXMIDP,0,0
2019-06-06,21,APXMIDP ,1147,38.42
2019-06-06,21,N2EXMIDP,0,0
2019-06-06,22,APXMIDP ,1528.35,35.56
2019-06-06,22,N2EXMIDP,0,0
2019-06-06,23,APXMIDP ,961.35,34.48
2019-06-06,23,N2EXMIDP,0,0
2019-06-06,24,APXMIDP ,972.15,34.5
2019-06-06,24,N2EXMIDP,0,0
2019-06-06,25,APXMIDP ,971.1,34.29
2019-06-06,25,N2EXMIDP,0,0
2019-06-06,26,APXMIDP ,848.3,34.3
2019-06-06,26,N2EXMIDP,0,0
2019-06-06,27,APXMIDP ,1108.85,36.93
2019-06-06,27,N2EXMIDP,0,0
2019-06-06,28,APXMIDP ,1089.85,37.6
2019-06-06,28,N2EXMIDP,0,0
2019-06-06,29,APXMIDP ,1239.6,37.79
2019-06-06,29,N2EXMIDP,0,0
2019-06-06,30,APXMIDP ,1242.75,36.76
2019-06-06,30,N2EXMIDP,0,0
2019-06-06,31,APXMIDP ,1314.3,33.98
2019-06-06,31,N2EXMIDP,0,0
2019-06-06,32,APXMIDP ,1284.4,34.06
2019-06-06,32,N2EXMIDP,0,0
2019-06-06,33,APXMIDP ,1391.1,32.5
2019-06-06,33,N2EXMIDP,0,0
2019-06-06,34,APXMIDP ,1487.45,34.69
2019-06-06,34,N2EXMIDP,0,0
2019-06-06,35,APXMIDP ,1509.1,38.55
2019-06-06,35,N2EXMIDP,0,0
2019-06-06,36,APXMIDP ,1427.7,42.47
2019-06-06,36,N2EXMIDP,0,0
2019-06-06,37,APXMIDP ,1372.8,42.37
2019-06-06,37,N2EXMIDP,0,0
2019-06-06,38,APXMIDP ,1201.9,41.73
2019-06-06,38,N2EXMIDP,0,0
2019-06-06,39,APXMIDP ,951.75,45.84
2019-06-06,39,N2EXMIDP,0,0
2019-06-06,40,APXMIDP ,910.85,45.95
2019-06-06,40,N2EXMIDP,0,0
2019-06-06,41,APXMIDP ,941.65,46.64
2019-06-06,41,N2EXMIDP,0,0
2019-06-06,42,APXMIDP ,1251.3,47.47
2019-06-06,42,N2EXMIDP,0,0
2019-06-06,43,APXMIDP ,1087.6,41.31
2019-06-06,43,N2EXMIDP,0,0
2019-06-06,44,APXMIDP ,908.05,36.53
2019-06-06,44,N2EXMIDP,0,0
2019-06-06,45,APXMIDP ,1074.95,39.95
2019-06-06,45,N2EXMIDP,0,0
2019-06-06,46,APXMIDP ,1378,37.62
2019-06-06,46,N2EXMIDP,0,0
2019-06-06,47,APXMIDP ,734.35,55.89
2019-06-06,47,N2EXMIDP,0,0
2019-06-06,48,APXMIDP ,378.95,53.75
2019-06-06,48,N2EXMIDP,0,0
2019-06-07,1,APXMIDP ,337.9,45.49
2019-06-07,1,N2EXMIDP,0,0
2019-06-07,2,APXMIDP ,219.5,36.72
2019-06-07,2,N2EXMIDP,0,0
2019-06-07,3,APXMIDP ,293.5,29.4
2019-06-07,3,N2EXMIDP,0,0
2019-06-07,4,APXMIDP ,351.45,28.05
2019-06-07,4,N2EXMIDP,0,0
2019-06-07,5,APXMIDP ,455.7,28.91
2019-06-07,5,N2EXMIDP,0,0
2019-06-07,6,APXMIDP ,402.8,27.94
2019-06-07,6,N2EXMIDP,0,0
2019-06-07,7,APXMIDP ,345.25,30.11
2019-06-07,7,N2EXMIDP,0,0
2019-06-07,8,APXMIDP ,349.75,31.21
2019-06-07,8,N2EXMIDP,0,0
2019-06-07,9,APXMIDP ,402.75,33.95
2019-06-07,9,N2EXMIDP,0,0
2019-06-07,10,APXMIDP ,482.65,32.98
2019-06-07,10,N2EXMIDP,0,0
2019-06-07,11,APXMIDP ,444.05,41.41
2019-06-07,11,N2EXMIDP,0,0
2019-06-07,12,APXMIDP ,459.65,43.03
2019-06-07,12,N2EXMIDP,0,0
2019-06-07,13,APXMIDP ,650.5,43.53
2019-06-07,13,N2EXMIDP,0,0
2019-06-07,14,APXMIDP ,1086.2,43.82
2019-06-07,14,N2EXMIDP,0,0
2019-06-07,15,APXMIDP ,1003.4,47.71
2019-06-07,15,N2EXMIDP,0,0
2019-06-07,16,APXMIDP ,760.2,54.99
2019-06-07,16,N2EXMIDP,0,0
2019-06-07,17,APXMIDP ,987,56.14
2019-06-07,17,N2EXMIDP,0,0
2019-06-07,18,APXMIDP ,797.25,53.93
2019-06-07,18,N2EXMIDP,0,0
2019-06-07,19,APXMIDP ,906.75,55.96
2019-06-07,19,N2EXMIDP,0,0
2019-06-07,20,APXMIDP ,1099,55.36
2019-06-07,20,N2EXMIDP,0,0
2019-06-07,21,APXMIDP ,1094.15,54.04
2019-06-07,21,N2EXMIDP,0,0
2019-06-07,22,APXMIDP ,1357.35,48
2019-06-07,22,N2EXMIDP,0,0
2019-06-07,23,APXMIDP ,1632.25,45.49
2019-06-07,23,N2EXMIDP,0,0
2019-06-07,24,APXMIDP ,1773.35,44.06
2019-06-07,24,N2EXMIDP,0,0
2019-06-07,25,APXMIDP ,1710.9,47.79
2019-06-07,25,N2EXMIDP,0,0
2019-06-07,26,APXMIDP ,1790.5,48.87
2019-06-07,26,N2EXMIDP,0,0
2019-06-07,27,APXMIDP ,1542,44.01
2019-06-07,27,N2EXMIDP,0,0
2019-06-07,28,APXMIDP ,1581.45,42.74
2019-06-07,28,N2EXMIDP,0,0
2019-06-07,29,APXMIDP ,1331.65,42.01
2019-06-07,29,N2EXMIDP,0,0
2019-06-07,30,APXMIDP ,1386.6,38.15
2019-06-07,30,N2EXMIDP,0,0
2019-06-07,31,APXMIDP ,1467.75,35.13
2019-06-07,31,N2EXMIDP,0,0
2019-06-07,32,APXMIDP ,1196.65,38.03
2019-06-07,32,N2EXMIDP,0,0
2019-06-07,33,APXMIDP ,1212.85,37.5
2019-06-07,33,N2EXMIDP,0,0
2019-06-07,34,APXMIDP ,1153.7,41.04
2019-06-07,34,N2EXMIDP,0,0
2019-06-07,35,APXMIDP ,1244.1,44.09
2019-06-07,35,N2EXMIDP,0,0
2019-06-07,36,APXMIDP ,1345.8,45.46
2019-06-07,36,N2EXMIDP,0,0
2019-06-07,37,APXMIDP ,1331.7,45.71
2019-06-07,37,N2EXMIDP,0,0
2019-06-07,38,APXMIDP ,1198.8,44.68
2019-06-07,38,N2EXMIDP,0,0
2019-06-07,39,APXMIDP ,1098.65,45.92
2019-06-07,39,N2EXMIDP,0,0
2019-06-07,40,APXMIDP ,883.4,47.95
2019-06-07,40,N2EXMIDP,0,0
2019-06-07,41,APXMIDP ,820.45,47.13
2019-06-07,41,N2EXMIDP,0,0
2019-06-07,42,APXMIDP ,748.1,46.77
2019-06-07,42,N2EXMIDP,0,0
2019-06-07,43,APXMIDP ,1041.55,48.81
2019-06-07,43,N2EXMIDP,0,0
2019-06-07,44,APXMIDP ,751.55,46.72
2019-06-07,44,N2EXMIDP,0,0
2019-06-07,45,APXMIDP ,764.1,45.47
2019-06-07,45,N2EXMIDP,0,0
2019-06-07,46,APXMIDP ,1137.85,42.01
2019-06-07,46,N2EXMIDP,0,0
2019-06-07,47,APXMIDP ,1898.25,49.04
2019-06-07,47,N2EXMIDP,0,0
2019-06-07,48,APXMIDP ,1524.55,50.47
2019-06-07,48,N2EXMIDP,0,0
2019-06-08,1,APXMIDP ,1018.2,52.44
2019-06-08,1,N2EXMIDP,0,0
2019-06-08,2,APXMIDP ,1058.05,50.35
2019-06-08,2,N2EXMIDP,0,0
2019-06-08,3,APXMIDP ,1107.9,45.48
2019-06-08,3,N2EXMIDP,0,0
2019-06-08,4,APXMIDP ,1186.3,45.68
2019-06-08,4,N2EXMIDP,0,0
2019-06-08,5,APXMIDP ,1158.35,45.31
2019-06-08,5,N2EXMIDP,0,0
2019-06-08,6,APXMIDP ,1023,43.64
2019-06-08,6,N2EXMIDP,0,0
2019-06-08,7,APXMIDP ,994.45,41.17
2019-06-08,7,N2EXMIDP,0,0
2019-06-08,8,APXMIDP ,913.05,40.17
2019-06-08,8,N2EXMIDP,0,0
2019-06-08,9,APXMIDP ,767.85,42.32
2019-06-08,9,N2EXMIDP,0,0
2019-06-08,10,APXMIDP ,942.9,40.89
2019-06-08,10,N2EXMIDP,0,0
2019-06-08,11,APXMIDP ,1003.25,38.68
2019-06-08,11,N2EXMIDP,0,0
2019-06-08,12,APXMIDP ,936.05,39.11
2019-06-08,12,N2EXMIDP,0,0
2019-06-08,13,APXMIDP ,1125.15,41.88
2019-06-08,13,N2EXMIDP,0,0
2019-06-08,14,APXMIDP ,1025.65,43.1
2019-06-08,14,N2EXMIDP,0,0
2019-06-08,15,APXMIDP ,1545.2,43.51
2019-06-08,15,N2EXMIDP,0,0
2019-06-08,16,APXMIDP ,1219.1,46.62
2019-06-08,16,N2EXMIDP,0,0
2019-06-08,17,APXMIDP ,1031.3,47.73
2019-06-08,17,N2EXMIDP,0,0
2019-06-08,18,APXMIDP ,956.35,47.88
2019-06-08,18,N2EXMIDP,0,0
2019-06-08,19,APXMIDP ,997.4,50.61
2019-06-08,19,N2EXMIDP,0,0
2019-06-08,20,APXMIDP ,972.65,50.95
2019-06-08,20,N2EXMIDP,0,0
2019-06-08,21,APXMIDP ,1003.4,50.98
2019-06-08,21,N2EXMIDP,0,0
2019-06-08,22,APXMIDP ,1010.5,51.07
2019-06-08,22,N2EXMIDP,0,0
2019-06-08,23,APXMIDP ,921.05,47.92
2019-06-08,23,N2EXMIDP,0,0
2019-06-08,24,APXMIDP ,1047.7,48.23
2019-06-08,24,N2EXMIDP,0,0
2019-06-08,25,APXMIDP ,1105.25,48.35
2019-06-08,25,N2EXMIDP,0,0
2019-06-08,26,APXMIDP ,1194.6,46.44
2019-06-08,26,N2EXMIDP,0,0
2019-06-08,27,APXMIDP ,1155.9,42.28
2019-06-08,27,N2EXMIDP,0,0
2019-06-08,28,APXMIDP ,1208.4,40.95
2019-06-08,28,N2EXMIDP,0,0
2019-06-08,29,APXMIDP ,1485.05,40.95
2019-06-08,29,N2EXMIDP,0,0
2019-06-08,30,APXMIDP ,1419.3,41.22
2019-06-08,30,N2EXMIDP,0,0
2019-06-08,31,APXMIDP ,1581.1,41.03
2019-06-08,31,N2EXMIDP,0,0
2019-06-08,32,APXMIDP ,1667.8,41.57
2019-06-08,32,N2EXMIDP,0,0
2019-06-08,33,APXMIDP ,1603.2,38.86
2019-06-08,33,N2EXMIDP,0,0
2019-06-08,34,APXMIDP ,1782.6,38.86
2019-06-08,34,N2EXMIDP,0,0
2019-06-08,35,APXMIDP ,1725.8,43.84
2019-06-08,35,N2EXMIDP,0,0
2019-06-08,36,APXMIDP ,1871.1,45.91
2019-06-08,36,N2EXMIDP,0,0
2019-06-08,37,APXMIDP ,1606.15,47.06
2019-06-08,37,N2EXMIDP,0,0
2019-06-08,38,APXMIDP ,1322.05,47.39
2019-06-08,38,N2EXMIDP,0,0
2019-06-08,39,APXMIDP ,1307.1,48.36
2019-06-08,39,N2EXMIDP,0,0
2019-06-08,40,APXMIDP ,1353.4,46.08
2019-06-08,40,N2EXMIDP,0,0
2019-06-08,41,APXMIDP ,1324.45,47.09
2019-06-08,41,N2EXMIDP,0,0
2019-06-08,42,APXMIDP ,1427.9,48.08
2019-06-08,42,N2EXMIDP,0,0
2019-06-08,43,APXMIDP ,1469.85,47.02
2019-06-08,43,N2EXMIDP,0,0
2019-06-08,44,APXMIDP ,1522.7,47.76
2019-06-08,44,N2EXMIDP,0,0
2019-06-08,45,APXMIDP ,1257.1,47.67
2019-06-08,45,N2EXMIDP,0,0
2019-06-08,46,APXMIDP ,1306.8,43.08
2019-06-08,46,N2EXMIDP,0,0
2019-06-08,47,APXMIDP ,751.3,49.88
2019-06-08,47,N2EXMIDP,0,0
2019-06-08,48,APXMIDP ,584.1,50.85
2019-06-08,48,N2EXMIDP,0,0
2019-06-09,1,APXMIDP ,405.7,46.12
2019-06-09,1,N2EXMIDP,0,0
2019-06-09,2,APXMIDP ,558.3,47.94
2019-06-09,2,N2EXMIDP,0,0
2019-06-09,3,APXMIDP ,361.45,48.33
2019-06-09,3,N2EXMIDP,0,0
2019-06-09,4,APXMIDP ,323.2,45.69
2019-06-09,4,N2EXMIDP,0,0
2019-06-09,5,APXMIDP ,449.15,44.21
2019-06-09,5,N2EXMIDP,0,0
2019-06-09,6,APXMIDP ,405.2,39.95
2019-06-09,6,N2EXMIDP,0,0
2019-06-09,7,APXMIDP ,513.05,40.03
2019-06-09,7,N2EXMIDP,0,0
2019-06-09,8,APXMIDP ,640.3,41.13
2019-06-09,8,N2EXMIDP,0,0
2019-06-09,9,APXMIDP ,550.6,42.63
2019-06-09,9,N2EXMIDP,0,0
2019-06-09,10,APXMIDP ,537.75,42.77
2019-06-09,10,N2EXMIDP,0,0
2019-06-09,11,APXMIDP ,667.6,44.9
2019-06-09,11,N2EXMIDP,0,0
2019-06-09,12,APXMIDP ,489.95,43.67
2019-06-09,12,N2EXMIDP,0,0
2019-06-09,13,APXMIDP ,403.9,42.18
2019-06-09,13,N2EXMIDP,0,0
2019-06-09,14,APXMIDP ,711.5,43.37
2019-06-09,14,N2EXMIDP,0,0
2019-06-09,15,APXMIDP ,763.75,45.23
2019-06-09,15,N2EXMIDP,0,0
2019-06-09,16,APXMIDP ,709.55,45.32
2019-06-09,16,N2EXMIDP,0,0
2019-06-09,17,APXMIDP ,648.6,45.9
2019-06-09,17,N2EXMIDP,0,0
2019-06-09,18,APXMIDP ,751.6,39.95
2019-06-09,18,N2EXMIDP,0,0
2019-06-09,19,APXMIDP ,873.7,42.04
2019-06-09,19,N2EXMIDP,0,0
2019-06-09,20,APXMIDP ,1041.5,42.41
2019-06-09,20,N2EXMIDP,0,0
2019-06-09,21,APXMIDP ,788.05,40.42
2019-06-09,21,N2EXMIDP,0,0
2019-06-09,22,APXMIDP ,1064.4,35.54
2019-06-09,22,N2EXMIDP,0,0
2019-06-09,23,APXMIDP ,991.25,38.07
2019-06-09,23,N2EXMIDP,0,0
2019-06-09,24,APXMIDP ,970.25,36.5
2019-06-09,24,N2EXMIDP,0,0
2019-06-09,25,APXMIDP ,1309.55,40.81
2019-06-09,25,N2EXMIDP,0,0
2019-06-09,26,APXMIDP ,1150.1,40.69
2019-06-09,26,N2EXMIDP,0,0
2019-06-09,27,APXMIDP ,1087.2,37.86
2019-06-09,27,N2EXMIDP,0,0
2019-06-09,28,APXMIDP ,1256.8,34.65
2019-06-09,28,N2EXMIDP,0,0
2019-06-09,29,APXMIDP ,1162.9,36.52
2019-06-09,29,N2EXMIDP,0,0
2019-06-09,30,APXMIDP ,1147.8,35.61
2019-06-09,30,N2EXMIDP,0,0
2019-06-09,31,APXMIDP ,1075.75,33.76
2019-06-09,31,N2EXMIDP,0,0
2019-06-09,32,APXMIDP ,940.05,33.88
2019-06-09,32,N2EXMIDP,0,0
2019-06-09,33,APXMIDP ,1254.3,40.25
2019-06-09,33,N2EXMIDP,0,0
2019-06-09,34,APXMIDP ,1187.15,44.97
2019-06-09,34,N2EXMIDP,0,0
2019-06-09,35,APXMIDP ,854.9,46.86
2019-06-09,35,N2EXMIDP,0,0
2019-06-09,36,APXMIDP ,1092.9,52.84
2019-06-09,36,N2EXMIDP,0,0
2019-06-09,37,APXMIDP ,747.2,52.17
2019-06-09,37,N2EXMIDP,0,0
2019-06-09,38,APXMIDP ,973.75,53.35
2019-06-09,38,N2EXMIDP,0,0
2019-06-09,39,APXMIDP ,786.9,56.92
2019-06-09,39,N2EXMIDP,0,0
2019-06-09,40,APXMIDP ,915.8,53.31
2019-06-09,40,N2EXMIDP,0,0
2019-06-09,41,APXMIDP ,916.6,55.08
2019-06-09,41,N2EXMIDP,0,0
2019-06-09,42,APXMIDP ,921.9,54.53
2019-06-09,42,N2EXMIDP,0,0
2019-06-09,43,APXMIDP ,766.05,53.66
2019-06-09,43,N2EXMIDP,0,0
2019-06-09,44,APXMIDP ,893.6,53.56
2019-06-09,44,N2EXMIDP,0,0
2019-06-09,45,APXMIDP ,862.8,52.9
2019-06-09,45,N2EXMIDP,0,0
2019-06-09,46,APXMIDP ,909.1,48.06
2019-06-09,46,N2EXMIDP,0,0
2019-06-09,47,APXMIDP ,973.45,48.12
2019-06-09,47,N2EXMIDP,0,0
2019-06-09,48,APXMIDP ,699.45,41.17
2019-06-09,48,N2EXMIDP,0,0
2019-06-10,1,APXMIDP ,481.2,37.12
2019-06-10,1,N2EXMIDP,0,0
2019-06-10,2,APXMIDP ,368.3,35.93
2019-06-10,2,N2EXMIDP,0,0
2019-06-10,3,APXMIDP ,263.8,35.98
2019-06-10,3,N2EXMIDP,0,0
2019-06-10,4,APXMIDP ,215.3,35.3
2019-06-10,4,N2EXMIDP,0,0
2019-06-10,5,APXMIDP ,251.45,33.14
2019-06-10,5,N2EXMIDP,0,0
2019-06-10,6,APXMIDP ,496.15,32.06
2019-06-10,6,N2EXMIDP,0,0
2019-06-10,7,APXMIDP ,193.1,28.85
2019-06-10,7,N2EXMIDP,0,0
2019-06-10,8,APXMIDP ,253.25,30.22
2019-06-10,8,N2EXMIDP,0,0
2019-06-10,9,APXMIDP ,252.1,31.05
2019-06-10,9,N2EXMIDP,0,0
2019-06-10,10,APXMIDP ,359.75,36.87
2019-06-10,10,N2EXMIDP,0,0
2019-06-10,11,APXMIDP ,229.9,33.77
2019-06-10,11,N2EXMIDP,0,0
2019-06-10,12,APXMIDP ,353.25,35.01
2019-06-10,12,N2EXMIDP,0,0
2019-06-10,13,APXMIDP ,172.75,34.15
2019-06-10,13,N2EXMIDP,0,0
2019-06-10,14,APXMIDP ,509.4,26.94
2019-06-10,14,N2EXMIDP,0,0
2019-06-10,15,APXMIDP ,546.85,36.68
2019-06-10,15,N2EXMIDP,0,0
2019-06-10,16,APXMIDP ,658.7,45.4
2019-06-10,16,N2EXMIDP,0,0
2019-06-10,17,APXMIDP ,656.5,51.28
2019-06-10,17,N2EXMIDP,0,0
2019-06-10,18,APXMIDP ,667.15,52.18
2019-06-10,18,N2EXMIDP,0,0
2019-06-10,19,APXMIDP ,613.8,56.2
2019-06-10,19,N2EXMIDP,0,0
2019-06-10,20,APXMIDP ,655.05,56.67
2019-06-10,20,N2EXMIDP,0,0
2019-06-10,21,APXMIDP ,973.2,59.59
2019-06-10,21,N2EXMIDP,0,0
2019-06-10,22,APXMIDP ,1057.4,57.36
2019-06-10,22,N2EXMIDP,0,0
2019-06-10,23,APXMIDP ,1246.4,48.56
2019-06-10,23,N2EXMIDP,0,0
2019-06-10,24,APXMIDP ,1035.15,47.95
2019-06-10,24,N2EXMIDP,0,0
2019-06-10,25,APXMIDP ,1323.2,49.14
2019-06-10,25,N2EXMIDP,0,0
2019-06-10,26,APXMIDP ,1289.8,49.07
2019-06-10,26,N2EXMIDP,0,0
2019-06-10,27,APXMIDP ,1500.8,45.8
2019-06-10,27,N2EXMIDP,0,0
2019-06-10,28,APXMIDP ,1281.25,42.53
2019-06-10,28,N2EXMIDP,0,0
2019-06-10,29,APXMIDP ,1314.8,39.29
2019-06-10,29,N2EXMIDP,0,0
2019-06-10,30,APXMIDP ,1829.2,36.89
2019-06-10,30,N2EXMIDP,0,0
2019-06-10,31,APXMIDP ,1935.35,37.69
2019-06-10,31,N2EXMIDP,0,0
2019-06-10,32,APXMIDP ,1940.05,39.3
2019-06-10,32,N2EXMIDP,0,0
2019-06-10,33,APXMIDP ,1919.1,38.77
2019-06-10,33,N2EXMIDP,0,0
2019-06-10,34,APXMIDP ,1975.9,38.6
2019-06-10,34,N2EXMIDP,0,0
2019-06-10,35,APXMIDP ,2325.05,39.93
2019-06-10,35,N2EXMIDP,0,0
2019-06-10,36,APXMIDP ,2226.65,40.9
2019-06-10,36,N2EXMIDP,0,0
2019-06-10,37,APXMIDP ,2257.8,38.69
2019-06-10,37,N2EXMIDP,0,0
2019-06-10,38,APXMIDP ,2062.1,39.21
2019-06-10,38,N2EXMIDP,0,0
2019-06-10,39,APXMIDP ,1863.3,38.93
2019-06-10,39,N2EXMIDP,0,0
2019-06-10,40,APXMIDP ,1800.8,39.03
2019-06-10,40,N2EXMIDP,0,0
2019-06-10,41,APXMIDP ,1552.6,40.02
2019-06-10,41,N2EXMIDP,0,0
2019-06-10,42,APXMIDP ,1668.55,40.84
2019-06-10,42,N2EXMIDP,0,0
2019-06-10,43,APXMIDP ,1368.6,41.93
2019-06-10,43,N2EXMIDP,0,0
2019-06-10,44,APXMIDP ,1060.85,43.38
2019-06-10,44,N2EXMIDP,0,0
2019-06-10,45,APXMIDP ,1383.3,39.61
2019-06-10,45,N2EXMIDP,0,0
2019-06-10,46,APXMIDP ,1618.1,37.95
2019-06-10,46,N2EXMIDP,0,0
2019-06-10,47,APXMIDP ,760.75,42.37
2019-06-10,47,N2EXMIDP,0,0
2019-06-10,48,APXMIDP ,714.95,46.11
2019-06-10,48,N2EXMIDP,0,0
2019-06-11,1,APXMIDP ,495.85,38.65
2019-06-11,1,N2EXMIDP,0,0
2019-06-11,2,APXMIDP ,446.4,34.91
2019-06-11,2,N2EXMIDP,0,0
2019-06-11,3,APXMIDP ,466.2,33.6
2019-06-11,3,N2EXMIDP,0,0
2019-06-11,4,APXMIDP ,388.7,31.15
2019-06-11,4,N2EXMIDP,0,0
2019-06-11,5,APXMIDP ,376.35,31.17
2019-06-11,5,N2EXMIDP,0,0
2019-06-11,6,APXMIDP ,537.8,28.39
2019-06-11,6,N2EXMIDP,0,0
2019-06-11,7,APXMIDP ,475.95,21.14
2019-06-11,7,N2EXMIDP,0,0
2019-06-11,8,APXMIDP ,503.25,19.88
2019-06-11,8,N2EXMIDP,0,0
2019-06-11,9,APXMIDP ,581.9,22.32
2019-06-11,9,N2EXMIDP,0,0
2019-06-11,10,APXMIDP ,603.25,22.9
2019-06-11,10,N2EXMIDP,0,0
2019-06-11,11,APXMIDP ,349.8,30.96
2019-06-11,11,N2EXMIDP,0,0
2019-06-11,12,APXMIDP ,558.9,30.58
2019-06-11,12,N2EXMIDP,0,0
2019-06-11,13,APXMIDP ,609.15,44
2019-06-11,13,N2EXMIDP,0,0
2019-06-11,14,APXMIDP ,814.6,38.46
2019-06-11,14,N2EXMIDP,0,0
2019-06-11,15,APXMIDP ,1016.65,39.79
2019-06-11,15,N2EXMIDP,0,0
2019-06-11,16,APXMIDP ,1075.05,48.68
2019-06-11,16,N2EXMIDP,0,0
2019-06-11,17,APXMIDP ,1348.8,42.05
2019-06-11,17,N2EXMIDP,0,0
2019-06-11,18,APXMIDP ,1656.2,43.34
2019-06-11,18,N2EXMIDP,0,0
2019-06-11,19,APXMIDP ,1507.6,47.77
2019-06-11,19,N2EXMIDP,0,0
2019-06-11,20,APXMIDP ,1776.25,45.77
2019-06-11,20,N2EXMIDP,0,0
2019-06-11,21,APXMIDP ,1602.6,50.12
2019-06-11,21,N2EXMIDP,0,0
2019-06-11,22,APXMIDP ,1700,50.74
2019-06-11,22,N2EXMIDP,0,0
2019-06-11,23,APXMIDP ,1477.75,50.12
2019-06-11,23,N2EXMIDP,0,0
2019-06-11,24,APXMIDP ,1532.6,50.32
2019-06-11,24,N2EXMIDP,0,0
2019-06-11,25,APXMIDP ,1543.05,53.28
2019-06-11,25,N2EXMIDP,0,0
2019-06-11,26,APXMIDP ,1568.35,52.67
2019-06-11,26,N2EXMIDP,0,0
2019-06-11,27,APXMIDP ,1335.65,52.78
2019-06-11,27,N2EXMIDP,0,0
2019-06-11,28,APXMIDP ,1489,48.59
2019-06-11,28,N2EXMIDP,0,0
2019-06-11,29,APXMIDP ,1635.65,49.15
2019-06-11,29,N2EXMIDP,0,0
2019-06-11,30,APXMIDP ,1648.35,48.85
2019-06-11,30,N2EXMIDP,0,0
2019-06-11,31,APXMIDP ,1816.55,53.08
2019-06-11,31,N2EXMIDP,0,0
2019-06-11,32,APXMIDP ,1832.15,54.98
2019-06-11,32,N2EXMIDP,0,0
2019-06-11,33,APXMIDP ,1999.7,56.51
2019-06-11,33,N2EXMIDP,0,0
2019-06-11,34,APXMIDP ,1896.65,58.66
2019-06-11,34,N2EXMIDP,0,0
2019-06-11,35,APXMIDP ,1750.7,57.27
2019-06-11,35,N2EXMIDP,0,0
2019-06-11,36,APXMIDP ,1757.8,56.48
2019-06-11,36,N2EXMIDP,0,0
2019-06-11,37,APXMIDP ,1321.5,55.89
2019-06-11,37,N2EXMIDP,0,0
2019-06-11,38,APXMIDP ,1202.05,56.87
2019-06-11,38,N2EXMIDP,0,0
2019-06-11,39,APXMIDP ,1249.75,51.35
2019-06-11,39,N2EXMIDP,0,0
2019-06-11,40,APXMIDP ,1238.7,49.95
2019-06-11,40,N2EXMIDP,0,0
2019-06-11,41,APXMIDP ,1166.6,47.7
2019-06-11,41,N2EXMIDP,0,0
2019-06-11,42,APXMIDP ,1156.65,45.89
2019-06-11,42,N2EXMIDP,0,0
2019-06-11,43,APXMIDP ,934.9,43.36
2019-06-11,43,N2EXMIDP,0,0
2019-06-11,44,APXMIDP ,943.6,41.13
2019-06-11,44,N2EXMIDP,0,0
2019-06-11,45,APXMIDP ,1337.55,36.49
2019-06-11,45,N2EXMIDP,0,0
2019-06-11,46,APXMIDP ,2031.1,38.39
2019-06-11,46,N2EXMIDP,0,0
2019-06-11,47,APXMIDP ,665.75,35.82
2019-06-11,47,N2EXMIDP,0,0
2019-06-11,48,APXMIDP ,686.4,38.78
2019-06-11,48,N2EXMIDP,0,0
2019-06-12,1,APXMIDP ,538.55,35.76
2019-06-12,1,N2EXMIDP,0,0
2019-06-12,2,APXMIDP ,546.95,33.17
2019-06-12,2,N2EXMIDP,0,0
2019-06-12,3,APXMIDP ,311.2,28.8
2019-06-12,3,N2EXMIDP,0,0
2019-06-12,4,APXMIDP ,347.55,29.11
2019-06-12,4,N2EXMIDP,0,0
2019-06-12,5,APXMIDP ,541.8,29.54
2019-06-12,5,N2EXMIDP,0,0
2019-06-12,6,APXMIDP ,522,30.11
2019-06-12,6,N2EXMIDP,0,0
2019-06-12,7,APXMIDP ,473.25,29.38
2019-06-12,7,N2EXMIDP,0,0
2019-06-12,8,APXMIDP ,488.25,29.06
2019-06-12,8,N2EXMIDP,0,0
2019-06-12,9,APXMIDP ,498.25,29.67
2019-06-12,9,N2EXMIDP,0,0
2019-06-12,10,APXMIDP ,556.95,27.92
2019-06-12,10,N2EXMIDP,0,0
2019-06-12,11,APXMIDP ,615.3,32.96
2019-06-12,11,N2EXMIDP,0,0
2019-06-12,12,APXMIDP ,530.15,30.07
2019-06-12,12,N2EXMIDP,0,0
2019-06-12,13,APXMIDP ,715.25,40.93
2019-06-12,13,N2EXMIDP,0,0
2019-06-12,14,APXMIDP ,1300.5,30.94
2019-06-12,14,N2EXMIDP,0,0
2019-06-12,15,APXMIDP ,996.5,38.43
2019-06-12,15,N2EXMIDP,0,0
2019-06-12,16,APXMIDP ,1046.5,51.8
2019-06-12,16,N2EXMIDP,0,0
2019-06-12,17,APXMIDP ,1128.4,46.49
2019-06-12,17,N2EXMIDP,0,0
2019-06-12,18,APXMIDP ,843.55,46.74
2019-06-12,18,N2EXMIDP,0,0
2019-06-12,19,APXMIDP ,1173.05,43.2
2019-06-12,19,N2EXMIDP,0,0
2019-06-12,20,APXMIDP ,1154.1,44.12
2019-06-12,20,N2EXMIDP,0,0
2019-06-12,21,APXMIDP ,1214.6,45.18
2019-06-12,21,N2EXMIDP,0,0
2019-06-12,22,APXMIDP ,1234.75,44.39
2019-06-12,22,N2EXMIDP,0,0
2019-06-12,23,APXMIDP ,1027.05,39.3
2019-06-12,23,N2EXMIDP,0,0
2019-06-12,24,APXMIDP ,877.9,38.79
2019-06-12,24,N2EXMIDP,0,0
2019-06-12,25,APXMIDP ,870.55,37.48
2019-06-12,25,N2EXMIDP,0,0
2019-06-12,26,APXMIDP ,1267.85,34
2019-06-12,26,N2EXMIDP,0,0
2019-06-12,27,APXMIDP ,1419.05,38.42
2019-06-12,27,N2EXMIDP,0,0
2019-06-12,28,APXMIDP ,1384.9,37.9
2019-06-12,28,N2EXMIDP,0,0
2019-06-12,29,APXMIDP ,1666.9,36.04
2019-06-12,29,N2EXMIDP,0,0
2019-06-12,30,APXMIDP ,1694.85,38.07
2019-06-12,30,N2EXMIDP,0,0
2019-06-12,31,APXMIDP ,1432.65,43.15
2019-06-12,31,N2EXMIDP,0,0
2019-06-12,32,APXMIDP ,1454.45,42.7
2019-06-12,32,N2EXMIDP,0,0
2019-06-12,33,APXMIDP ,1512.75,46.71
2019-06-12,33,N2EXMIDP,0,0
2019-06-12,34,APXMIDP ,1709.05,50.76
2019-06-12,34,N2EXMIDP,0,0
2019-06-12,35,APXMIDP ,1990.85,53.43
2019-06-12,35,N2EXMIDP,0,0
2019-06-12,36,APXMIDP ,2193.65,53.35
2019-06-12,36,N2EXMIDP,0,0
2019-06-12,37,APXMIDP ,2068.8,52.08
2019-06-12,37,N2EXMIDP,0,0
2019-06-12,38,APXMIDP ,1980.75,52.76
2019-06-12,38,N2EXMIDP,0,0
2019-06-12,39,APXMIDP ,1463.65,48.78
2019-06-12,39,N2EXMIDP,0,0
2019-06-12,40,APXMIDP ,1465.9,47.22
2019-06-12,40,N2EXMIDP,0,0
2019-06-12,41,APXMIDP ,1627.9,47.2
2019-06-12,41,N2EXMIDP,0,0
2019-06-12,42,APXMIDP ,1383.45,43.33
2019-06-12,42,N2EXMIDP,0,0
2019-06-12,43,APXMIDP ,2010.1,39.85
2019-06-12,43,N2EXMIDP,0,0
2019-06-12,44,APXMIDP ,1723.4,40.85
2019-06-12,44,N2EXMIDP,0,0
2019-06-12,45,APXMIDP ,2158.5,38.69
2019-06-12,45,N2EXMIDP,0,0
2019-06-12,46,APXMIDP ,1885.5,36.15
2019-06-12,46,N2EXMIDP,0,0
2019-06-12,47,APXMIDP ,643.45,28.01
2019-06-12,47,N2EXMIDP,0,0
2019-06-12,48,APXMIDP ,612.2,37.05
2019-06-12,48,N2EXMIDP,0,0
2019-06-13,1,APXMIDP ,705.05,32.74
2019-06-13,1,N2EXMIDP,0,0
2019-06-13,2,APXMIDP ,736.3,32.4
2019-06-13,2,N2EXMIDP,0,0
2019-06-13,3,APXMIDP ,854.95,33.45
2019-06-13,3,N2EXMIDP,0,0
2019-06-13,4,APXMIDP ,788.4,33.85
2019-06-13,4,N2EXMIDP,0,0
2019-06-13,5,APXMIDP ,817.85,35.93
2019-06-13,5,N2EXMIDP,0,0
2019-06-13,6,APXMIDP ,860.15,33.47
2019-06-13,6,N2EXMIDP,0,0
2019-06-13,7,APXMIDP ,786,32.95
2019-06-13,7,N2EXMIDP,0,0
2019-06-13,8,APXMIDP ,821.65,33.05
2019-06-13,8,N2EXMIDP,0,0
2019-06-13,9,APXMIDP ,867.65,33.55
2019-06-13,9,N2EXMIDP,0,0
2019-06-13,10,APXMIDP ,980.1,34.06
2019-06-13,10,N2EXMIDP,0,0
2019-06-13,11,APXMIDP ,820.05,36.12
2019-06-13,11,N2EXMIDP,0,0
2019-06-13,12,APXMIDP ,899.5,34.47
2019-06-13,12,N2EXMIDP,0,0
2019-06-13,13,APXMIDP ,1120.3,42.05
2019-06-13,13,N2EXMIDP,0,0
2019-06-13,14,APXMIDP ,1374.5,38.79
2019-06-13,14,N2EXMIDP,0,0
2019-06-13,15,APXMIDP ,1069.95,46.28
2019-06-13,15,N2EXMIDP,0,0
2019-06-13,16,APXMIDP ,1329.3,50.65
2019-06-13,16,N2EXMIDP,0,0
2019-06-13,17,APXMIDP ,1213.5,40.6
2019-06-13,17,N2EXMIDP,0,0
2019-06-13,18,APXMIDP ,1658.7,40.95
2019-06-13,18,N2EXMIDP,0,0
2019-06-13,19,APXMIDP ,1626.6,44.73
2019-06-13,19,N2EXMIDP,0,0
2019-06-13,20,APXMIDP ,1609.55,42.81
2019-06-13,20,N2EXMIDP,0,0
2019-06-13,21,APXMIDP ,1825.2,41.95
2019-06-13,21,N2EXMIDP,0,0
2019-06-13,22,APXMIDP ,2079.95,42.8
2019-06-13,22,N2EXMIDP,0,0
2019-06-13,23,APXMIDP ,1844.65,46.48
2019-06-13,23,N2EXMIDP,0,0
2019-06-13,24,APXMIDP ,1740.5,47.01
2019-06-13,24,N2EXMIDP,0,0
2019-06-13,25,APXMIDP ,1890.45,47.87
2019-06-13,25,N2EXMIDP,0,0
2019-06-13,26,APXMIDP ,1825.65,46.93
2019-06-13,26,N2EXMIDP,0,0
2019-06-13,27,APXMIDP ,2087.8,46.65
2019-06-13,27,N2EXMIDP,0,0
2019-06-13,28,APXMIDP ,2222.6,46.4
2019-06-13,28,N2EXMIDP,0,0
2019-06-13,29,APXMIDP ,2015.8,46.26
2019-06-13,29,N2EXMIDP,0,0
2019-06-13,30,APXMIDP ,1989,46.4
2019-06-13,30,N2EXMIDP,0,0
2019-06-13,31,APXMIDP ,1596.45,48.42
2019-06-13,31,N2EXMIDP,0,0
2019-06-13,32,APXMIDP ,1677.85,48.63
2019-06-13,32,N2EXMIDP,0,0
2019-06-13,33,APXMIDP ,1503.6,48.3
2019-06-13,33,N2EXMIDP,0,0
2019-06-13,34,APXMIDP ,1707.85,49.57
2019-06-13,34,N2EXMIDP,0,0
2019-06-13,35,APXMIDP ,1590.95,51.66
2019-06-13,35,N2EXMIDP,0,0
2019-06-13,36,APXMIDP ,1739.3,53.15
2019-06-13,36,N2EXMIDP,0,0
2019-06-13,37,APXMIDP ,1658,56.61
2019-06-13,37,N2EXMIDP,0,0
2019-06-13,38,APXMIDP ,1545.4,56.98
2019-06-13,38,N2EXMIDP,0,0
2019-06-13,39,APXMIDP ,1229.45,56.21
2019-06-13,39,N2EXMIDP,0,0
2019-06-13,40,APXMIDP ,979.9,53.96
2019-06-13,40,N2EXMIDP,0,0
2019-06-13,41,APXMIDP ,985.35,53.45
2019-06-13,41,N2EXMIDP,0,0
2019-06-13,42,APXMIDP ,810.05,52.17
2019-06-13,42,N2EXMIDP,0,0
2019-06-13,43,APXMIDP ,820.45,46.82
2019-06-13,43,N2EXMIDP,0,0
2019-06-13,44,APXMIDP ,681.4,44.73
2019-06-13,44,N2EXMIDP,0,0
2019-06-13,45,APXMIDP ,755.5,43.59
2019-06-13,45,N2EXMIDP,0,0
2019-06-13,46,APXMIDP ,1308.95,40.76
2019-06-13,46,N2EXMIDP,0,0
2019-06-13,47,APXMIDP ,466.1,34.62
2019-06-13,47,N2EXMIDP,0,0
2019-06-13,48,APXMIDP ,611.4,37.02
2019-06-13,48,N2EXMIDP,0,0
2019-06-14,1,APXMIDP ,471.55,41.41
2019-06-14,1,N2EXMIDP,0,0
2019-06-14,2,APXMIDP ,585.1,38.02
2019-06-14,2,N2EXMIDP,0,0
2019-06-14,3,APXMIDP ,393.3,37.3
2019-06-14,3,N2EXMIDP,0,0
2019-06-14,4,APXMIDP ,413.8,37.38
2019-06-14,4,N2EXMIDP,0,0
2019-06-14,5,APXMIDP ,425.3,36.51
2019-06-14,5,N2EXMIDP,0,0
2019-06-14,6,APXMIDP ,473.15,35.66
2019-06-14,6,N2EXMIDP,0,0
2019-06-14,7,APXMIDP ,538.8,33.81
2019-06-14,7,N2EXMIDP,0,0
2019-06-14,8,APXMIDP ,584.4,33.51
2019-06-14,8,N2EXMIDP,0,0
2019-06-14,9,APXMIDP ,793.5,32.39
2019-06-14,9,N2EXMIDP,0,0
2019-06-14,10,APXMIDP ,799,32.71
2019-06-14,10,N2EXMIDP,0,0
2019-06-14,11,APXMIDP ,703.65,34.95
2019-06-14,11,N2EXMIDP,0,0
2019-06-14,12,APXMIDP ,552.5,37.09
2019-06-14,12,N2EXMIDP,0,0
2019-06-14,13,APXMIDP ,476.45,42.15
2019-06-14,13,N2EXMIDP,0,0
2019-06-14,14,APXMIDP ,812,41.41
2019-06-14,14,N2EXMIDP,0,0
2019-06-14,15,APXMIDP ,575.6,49.68
2019-06-14,15,N2EXMIDP,0,0
2019-06-14,16,APXMIDP ,750.45,52.12
2019-06-14,16,N2EXMIDP,0,0
2019-06-14,17,APXMIDP ,993.55,40.04
2019-06-14,17,N2EXMIDP,0,0
2019-06-14,18,APXMIDP ,1020.5,41.84
2019-06-14,18,N2EXMIDP,0,0
2019-06-14,19,APXMIDP ,1308.85,50.64
2019-06-14,19,N2EXMIDP,0,0
2019-06-14,20,APXMIDP ,1226.6,47.95
2019-06-14,20,N2EXMIDP,0,0
2019-06-14,21,APXMIDP ,1314.25,41.76
2019-06-14,21,N2EXMIDP,0,0
2019-06-14,22,APXMIDP ,1514.25,39.2
2019-06-14,22,N2EXMIDP,0,0
2019-06-14,23,APXMIDP ,1802.8,32.85
2019-06-14,23,N2EXMIDP,0,0
2019-06-14,24,APXMIDP ,2304.2,33.12
2019-06-14,24,N2EXMIDP,0,0
2019-06-14,25,APXMIDP ,1834,33.11
2019-06-14,25,N2EXMIDP,0,0
2019-06-14,26,APXMIDP ,1865.8,32.05
2019-06-14,26,N2EXMIDP,0,0
2019-06-14,27,APXMIDP ,2201.7,31.24
2019-06-14,27,N2EXMIDP,0,0
2019-06-14,28,APXMIDP ,2473.55,30.86
2019-06-14,28,N2EXMIDP,0,0
2019-06-14,29,APXMIDP ,2082.6,30.67
2019-06-14,29,N2EXMIDP,0,0
2019-06-14,30,APXMIDP ,2183.7,30.45
2019-06-14,30,N2EXMIDP,0,0
2019-06-14,31,APXMIDP ,1329.75,32.28
2019-06-14,31,N2EXMIDP,0,0
2019-06-14,32,APXMIDP ,1288.5,32.71
2019-06-14,32,N2EXMIDP,0,0
2019-06-14,33,APXMIDP ,1408.2,36.52
2019-06-14,33,N2EXMIDP,0,0
2019-06-14,34,APXMIDP ,1427.95,37.7
2019-06-14,34,N2EXMIDP,0,0
2019-06-14,35,APXMIDP ,1120.45,43.58
2019-06-14,35,N2EXMIDP,0,0
2019-06-14,36,APXMIDP ,1222.8,44.77
2019-06-14,36,N2EXMIDP,0,0
2019-06-14,37,APXMIDP ,1066.75,44.39
2019-06-14,37,N2EXMIDP,0,0
2019-06-14,38,APXMIDP ,1133.75,44.94
2019-06-14,38,N2EXMIDP,0,0
2019-06-14,39,APXMIDP ,1222,44.62
2019-06-14,39,N2EXMIDP,0,0
2019-06-14,40,APXMIDP ,1179.85,44.26
2019-06-14,40,N2EXMIDP,0,0
2019-06-14,41,APXMIDP ,1122.05,43.73
2019-06-14,41,N2EXMIDP,0,0
2019-06-14,42,APXMIDP ,990.35,42.21
2019-06-14,42,N2EXMIDP,0,0
2019-06-14,43,APXMIDP ,979.4,36.89
2019-06-14,43,N2EXMIDP,0,0
2019-06-14,44,APXMIDP ,1016.7,38.79
2019-06-14,44,N2EXMIDP,0,0
2019-06-14,45,APXMIDP ,1146.2,38.03
2019-06-14,45,N2EXMIDP,0,0
2019-06-14,46,APXMIDP ,1579.55,35.94
2019-06-14,46,N2EXMIDP,0,0
2019-06-14,47,APXMIDP ,638.15,36.31
2019-06-14,47,N2EXMIDP,0,0
2019-06-14,48,APXMIDP ,620.1,39.87
2019-06-14,48,N2EXMIDP,0,0
2019-06-15,1,APXMIDP ,557,38.94
2019-06-15,1,N2EXMIDP,0,0
2019-06-15,2,APXMIDP ,409.75,39.48
2019-06-15,2,N2EXMIDP,0,0
2019-06-15,3,APXMIDP ,500.75,38.22
2019-06-15,3,N2EXMIDP,0,0
2019-06-15,4,APXMIDP ,490.15,37.19
2019-06-15,4,N2EXMIDP,0,0
2019-06-15,5,APXMIDP ,571.05,40.13
2019-06-15,5,N2EXMIDP,0,0
2019-06-15,6,APXMIDP ,603,37.7
2019-06-15,6,N2EXMIDP,0,0
2019-06-15,7,APXMIDP ,571.2,35.08
2019-06-15,7,N2EXMIDP,0,0
2019-06-15,8,APXMIDP ,652.2,36.72
2019-06-15,8,N2EXMIDP,0,0
2019-06-15,9,APXMIDP ,611.45,37.86
2019-06-15,9,N2EXMIDP,0,0
2019-06-15,10,APXMIDP ,617.35,36.07
2019-06-15,10,N2EXMIDP,0,0
2019-06-15,11,APXMIDP ,625,35.73
2019-06-15,11,N2EXMIDP,0,0
2019-06-15,12,APXMIDP ,640.95,35.06
2019-06-15,12,N2EXMIDP,0,0
2019-06-15,13,APXMIDP ,649.8,36.31
2019-06-15,13,N2EXMIDP,0,0
2019-06-15,14,APXMIDP ,707,35.7
2019-06-15,14,N2EXMIDP,0,0
2019-06-15,15,APXMIDP ,929.75,33.7
2019-06-15,15,N2EXMIDP,0,0
2019-06-15,16,APXMIDP ,687.75,35.18
2019-06-15,16,N2EXMIDP,0,0
2019-06-15,17,APXMIDP ,725.1,33.36
2019-06-15,17,N2EXMIDP,0,0
2019-06-15,18,APXMIDP ,597.05,37.82
2019-06-15,18,N2EXMIDP,0,0
2019-06-15,19,APXMIDP ,669.6,46.43
2019-06-15,19,N2EXMIDP,0,0
2019-06-15,20,APXMIDP ,669.3,47.83
2019-06-15,20,N2EXMIDP,0,0
2019-06-15,21,APXMIDP ,920.5,47.77
2019-06-15,21,N2EXMIDP,0,0
2019-06-15,22,APXMIDP ,786.75,45.75
2019-06-15,22,N2EXMIDP,0,0
2019-06-15,23,APXMIDP ,667.95,49.76
2019-06-15,23,N2EXMIDP,0,0
2019-06-15,24,APXMIDP ,715.6,48.7
2019-06-15,24,N2EXMIDP,0,0
2019-06-15,25,APXMIDP ,778.35,48.1
2019-06-15,25,N2EXMIDP,0,0
2019-06-15,26,APXMIDP ,888.85,47.38
2019-06-15,26,N2EXMIDP,0,0
2019-06-15,27,APXMIDP ,1131,41.58
2019-06-15,27,N2EXMIDP,0,0
2019-06-15,28,APXMIDP ,1021.15,37.65
2019-06-15,28,N2EXMIDP,0,0
2019-06-15,29,APXMIDP ,884.85,37.34
2019-06-15,29,N2EXMIDP,0,0
2019-06-15,30,APXMIDP ,1023.85,37.06
2019-06-15,30,N2EXMIDP,0,0
2019-06-15,31,APXMIDP ,1008.85,36.4
2019-06-15,31,N2EXMIDP,0,0
2019-06-15,32,APXMIDP ,736.7,36.49
2019-06-15,32,N2EXMIDP,0,0
2019-06-15,33,APXMIDP ,1056.1,34.22
2019-06-15,33,N2EXMIDP,0,0
2019-06-15,34,APXMIDP ,1011,35.47
2019-06-15,34,N2EXMIDP,0,0
2019-06-15,35,APXMIDP ,1007,36.75
2019-06-15,35,N2EXMIDP,0,0
2019-06-15,36,APXMIDP ,974.9,38.37
2019-06-15,36,N2EXMIDP,0,0
2019-06-15,37,APXMIDP ,1119.6,38.65
2019-06-15,37,N2EXMIDP,0,0
2019-06-15,38,APXMIDP ,1000.7,39.06
2019-06-15,38,N2EXMIDP,0,0
2019-06-15,39,APXMIDP ,808.85,41.43
2019-06-15,39,N2EXMIDP,0,0
2019-06-15,40,APXMIDP ,752.45,40.93
2019-06-15,40,N2EXMIDP,0,0
2019-06-15,41,APXMIDP ,763.2,42.55
2019-06-15,41,N2EXMIDP,0,0
2019-06-15,42,APXMIDP ,927.05,42.39
2019-06-15,42,N2EXMIDP,0,0
2019-06-15,43,APXMIDP ,825.6,43.28
2019-06-15,43,N2EXMIDP,0,0
2019-06-15,44,APXMIDP ,891.85,42.61
2019-06-15,44,N2EXMIDP,0,0
2019-06-15,45,APXMIDP ,799,41.65
2019-06-15,45,N2EXMIDP,0,0
2019-06-15,46,APXMIDP ,1088.95,40.88
2019-06-15,46,N2EXMIDP,0,0
2019-06-15,47,APXMIDP ,596,40.26
2019-06-15,47,N2EXMIDP,0,0
2019-06-15,48,APXMIDP ,389.45,45.94
2019-06-15,48,N2EXMIDP,0,0
2019-06-16,1,APXMIDP ,736.85,42.45
2019-06-16,1,N2EXMIDP,0,0
2019-06-16,2,APXMIDP ,440.25,43.04
2019-06-16,2,N2EXMIDP,0,0
2019-06-16,3,APXMIDP ,289.7,45.88
2019-06-16,3,N2EXMIDP,0,0
2019-06-16,4,APXMIDP ,357.9,47.46
2019-06-16,4,N2EXMIDP,0,0
2019-06-16,5,APXMIDP ,352.25,45.28
2019-06-16,5,N2EXMIDP,0,0
2019-06-16,6,APXMIDP ,348.7,39.67
2019-06-16,6,N2EXMIDP,0,0
2019-06-16,7,APXMIDP ,346.05,39.77
2019-06-16,7,N2EXMIDP,0,0
2019-06-16,8,APXMIDP ,283.9,37.42
2019-06-16,8,N2EXMIDP,0,0
2019-06-16,9,APXMIDP ,360,33.39
2019-06-16,9,N2EXMIDP,0,0
2019-06-16,10,APXMIDP ,384.8,31.33
2019-06-16,10,N2EXMIDP,0,0
2019-06-16,11,APXMIDP ,331.45,27.09
2019-06-16,11,N2EXMIDP,0,0
2019-06-16,12,APXMIDP ,379.1,24.87
2019-06-16,12,N2EXMIDP,0,0
2019-06-16,13,APXMIDP ,354.45,27.94
2019-06-16,13,N2EXMIDP,0,0
2019-06-16,14,APXMIDP ,404.6,33.43
2019-06-16,14,N2EXMIDP,0,0
2019-06-16,15,APXMIDP ,617.2,59.62
2019-06-16,15,N2EXMIDP,0,0
2019-06-16,16,APXMIDP ,650.8,41.99
2019-06-16,16,N2EXMIDP,0,0
2019-06-16,17,APXMIDP ,805.85,40.68
2019-06-16,17,N2EXMIDP,0,0
2019-06-16,18,APXMIDP ,834.85,39.75
2019-06-16,18,N2EXMIDP,0,0
2019-06-16,19,APXMIDP ,577.9,46.69
2019-06-16,19,N2EXMIDP,0,0
2019-06-16,20,APXMIDP ,605.45,46.16
2019-06-16,20,N2EXMIDP,0,0
2019-06-16,21,APXMIDP ,684.65,46.54
2019-06-16,21,N2EXMIDP,0,0
2019-06-16,22,APXMIDP ,676.25,46.51
2019-06-16,22,N2EXMIDP,0,0
2019-06-16,23,APXMIDP ,775.8,42.27
2019-06-16,23,N2EXMIDP,0,0
2019-06-16,24,APXMIDP ,812,38.06
2019-06-16,24,N2EXMIDP,0,0
2019-06-16,25,APXMIDP ,718,35.36
2019-06-16,25,N2EXMIDP,0,0
2019-06-16,26,APXMIDP ,881.65,34.62
2019-06-16,26,N2EXMIDP,0,0
2019-06-16,27,APXMIDP ,1183.8,33.21
2019-06-16,27,N2EXMIDP,0,0
2019-06-16,28,APXMIDP ,1054.7,32.92
2019-06-16,28,N2EXMIDP,0,0
2019-06-16,29,APXMIDP ,1114.6,33.08
2019-06-16,29,N2EXMIDP,0,0
2019-06-16,30,APXMIDP ,1005.3,32.77
2019-06-16,30,N2EXMIDP,0,0
2019-06-16,31,APXMIDP ,982.2,31.45
2019-06-16,31,N2EXMIDP,0,0
2019-06-16,32,APXMIDP ,998.6,31.56
2019-06-16,32,N2EXMIDP,0,0
2019-06-16,33,APXMIDP ,817.05,31.78
2019-06-16,33,N2EXMIDP,0,0
2019-06-16,34,APXMIDP ,944.4,33.06
2019-06-16,34,N2EXMIDP,0,0
2019-06-16,35,APXMIDP ,824.15,32.64
2019-06-16,35,N2EXMIDP,0,0
2019-06-16,36,APXMIDP ,759.15,32.64
2019-06-16,36,N2EXMIDP,0,0
2019-06-16,37,APXMIDP ,799.8,31.81
2019-06-16,37,N2EXMIDP,0,0
2019-06-16,38,APXMIDP ,762.6,31.59
2019-06-16,38,N2EXMIDP,0,0
2019-06-16,39,APXMIDP ,888.35,39.49
2019-06-16,39,N2EXMIDP,0,0
2019-06-16,40,APXMIDP ,929.1,40.76
2019-06-16,40,N2EXMIDP,0,0
2019-06-16,41,APXMIDP ,997.45,40.82
2019-06-16,41,N2EXMIDP,0,0
2019-06-16,42,APXMIDP ,1087.35,39.08
2019-06-16,42,N2EXMIDP,0,0
2019-06-16,43,APXMIDP ,1028.45,37.54
2019-06-16,43,N2EXMIDP,0,0
2019-06-16,44,APXMIDP ,927.45,36.4
2019-06-16,44,N2EXMIDP,0,0
2019-06-16,45,APXMIDP ,1376.1,35.1
2019-06-16,45,N2EXMIDP,0,0
2019-06-16,46,APXMIDP ,1701.1,34.9
2019-06-16,46,N2EXMIDP,0,0
2019-06-16,47,APXMIDP ,703.75,28.45
2019-06-16,47,N2EXMIDP,0,0
2019-06-16,48,APXMIDP ,553.7,30.27
2019-06-16,48,N2EXMIDP,0,0
2019-06-17,1,APXMIDP ,446.7,16.62
2019-06-17,1,N2EXMIDP,0,0
2019-06-17,2,APXMIDP ,495.95,13.17
2019-06-17,2,N2EXMIDP,0,0
2019-06-17,3,APXMIDP ,425.9,17.4
2019-06-17,3,N2EXMIDP,0,0
2019-06-17,4,APXMIDP ,447.35,14.47
2019-06-17,4,N2EXMIDP,0,0
2019-06-17,5,APXMIDP ,489.75,12.89
2019-06-17,5,N2EXMIDP,0,0
2019-06-17,6,APXMIDP ,491.1,12.6
2019-06-17,6,N2EXMIDP,0,0
2019-06-17,7,APXMIDP ,448.1,8.24
2019-06-17,7,N2EXMIDP,0,0
2019-06-17,8,APXMIDP ,468.2,8.32
2019-06-17,8,N2EXMIDP,0,0
2019-06-17,9,APXMIDP ,443.75,8.68
2019-06-17,9,N2EXMIDP,0,0
2019-06-17,10,APXMIDP ,546.75,8.56
2019-06-17,10,N2EXMIDP,0,0
2019-06-17,11,APXMIDP ,599.75,20.99
2019-06-17,11,N2EXMIDP,0,0
2019-06-17,12,APXMIDP ,477.75,18.76
2019-06-17,12,N2EXMIDP,0,0
2019-06-17,13,APXMIDP ,656.95,41
2019-06-17,13,N2EXMIDP,0,0
2019-06-17,14,APXMIDP ,1123.25,33.08
2019-06-17,14,N2EXMIDP,0,0
2019-06-17,15,APXMIDP ,990.4,17.75
2019-06-17,15,N2EXMIDP,0,0
2019-06-17,16,APXMIDP ,909.95,25.56
2019-06-17,16,N2EXMIDP,0,0
2019-06-17,17,APXMIDP ,887.95,26.56
2019-06-17,17,N2EXMIDP,0,0
2019-06-17,18,APXMIDP ,1199.2,29.03
2019-06-17,18,N2EXMIDP,0,0
2019-06-17,19,APXMIDP ,1353.55,33.08
2019-06-17,19,N2EXMIDP,0,0
2019-06-17,20,APXMIDP ,1290.7,32.01
2019-06-17,20,N2EXMIDP,0,0
2019-06-17,21,APXMIDP ,1562.6,31.1
2019-06-17,21,N2EXMIDP,0,0
2019-06-17,22,APXMIDP ,1651.15,31.58
2019-06-17,22,N2EXMIDP,0,0
2019-06-17,23,APXMIDP ,1738.35,30.03
2019-06-17,23,N2EXMIDP,0,0
2019-06-17,24,APXMIDP ,1817.25,30.3
2019-06-17,24,N2EXMIDP,0,0
2019-06-17,25,APXMIDP ,1834.1,30.63
2019-06-17,25,N2EXMIDP,0,0
2019-06-17,26,APXMIDP ,1848.15,31.19
2019-06-17,26,N2EXMIDP,0,0
2019-06-17,27,APXMIDP ,1981.35,32.69
2019-06-17,27,N2EXMIDP,0,0
2019-06-17,28,APXMIDP ,2068.5,31.68
2019-06-17,28,N2EXMIDP,0,0
2019-06-17,29,APXMIDP ,2034.4,30.54
2019-06-17,29,N2EXMIDP,0,0
2019-06-17,30,APXMIDP ,2135.4,30.17
2019-06-17,30,N2EXMIDP,0,0
2019-06-17,31,APXMIDP ,1638.6,32.93
2019-06-17,31,N2EXMIDP,0,0
2019-06-17,32,APXMIDP ,1718.75,32.8
2019-06-17,32,N2EXMIDP,0,0
2019-06-17,33,APXMIDP ,1899.15,35.22
2019-06-17,33,N2EXMIDP,0,0
2019-06-17,34,APXMIDP ,2280.85,38.39
2019-06-17,34,N2EXMIDP,0,0
2019-06-17,35,APXMIDP ,1494.8,39.09
2019-06-17,35,N2EXMIDP,0,0
2019-06-17,36,APXMIDP ,1592.65,40.58
2019-06-17,36,N2EXMIDP,0,0
2019-06-17,37,APXMIDP ,1652.25,42.77
2019-06-17,37,N2EXMIDP,0,0
2019-06-17,38,APXMIDP ,1711.8,45.94
2019-06-17,38,N2EXMIDP,0,0
2019-06-17,39,APXMIDP ,1553.3,51.38
2019-06-17,39,N2EXMIDP,0,0
2019-06-17,40,APXMIDP ,1659.25,51.84
2019-06-17,40,N2EXMIDP,0,0
2019-06-17,41,APXMIDP ,1830.45,51.24
2019-06-17,41,N2EXMIDP,0,0
2019-06-17,42,APXMIDP ,1819.15,48.64
2019-06-17,42,N2EXMIDP,0,0
2019-06-17,43,APXMIDP ,1226.8,43.73
2019-06-17,43,N2EXMIDP,0,0
2019-06-17,44,APXMIDP ,1257.6,43.32
2019-06-17,44,N2EXMIDP,0,0
2019-06-17,45,APXMIDP ,1624,39.28
2019-06-17,45,N2EXMIDP,0,0
2019-06-17,46,APXMIDP ,1752,39.92
2019-06-17,46,N2EXMIDP,0,0
2019-06-17,47,APXMIDP ,744.55,40.84
2019-06-17,47,N2EXMIDP,0,0
2019-06-17,48,APXMIDP ,356.85,47.68
2019-06-17,48,N2EXMIDP,0,0
2019-06-18,1,APXMIDP ,503.5,39.99
2019-06-18,1,N2EXMIDP,0,0
2019-06-18,2,APXMIDP ,443.5,34
2019-06-18,2,N2EXMIDP,0,0
2019-06-18,3,APXMIDP ,439.15,34.75
2019-06-18,3,N2EXMIDP,0,0
2019-06-18,4,APXMIDP ,384.7,35.2
2019-06-18,4,N2EXMIDP,0,0
2019-06-18,5,APXMIDP ,463.5,37.32
2019-06-18,5,N2EXMIDP,0,0
2019-06-18,6,APXMIDP ,435.9,35.26
2019-06-18,6,N2EXMIDP,0,0
2019-06-18,7,APXMIDP ,274.7,35.48
2019-06-18,7,N2EXMIDP,0,0
2019-06-18,8,APXMIDP ,380.5,34.95
2019-06-18,8,N2EXMIDP,0,0
2019-06-18,9,APXMIDP ,355.95,33.77
2019-06-18,9,N2EXMIDP,0,0
2019-06-18,10,APXMIDP ,370.2,33.33
2019-06-18,10,N2EXMIDP,0,0
2019-06-18,11,APXMIDP ,374.8,34.92
2019-06-18,11,N2EXMIDP,0,0
2019-06-18,12,APXMIDP ,494.05,34.72
2019-06-18,12,N2EXMIDP,0,0
2019-06-18,13,APXMIDP ,749,36.27
2019-06-18,13,N2EXMIDP,0,0
2019-06-18,14,APXMIDP ,641.3,35.94
2019-06-18,14,N2EXMIDP,0,0
2019-06-18,15,APXMIDP ,809.7,32.44
2019-06-18,15,N2EXMIDP,0,0
2019-06-18,16,APXMIDP ,797.9,39.92
2019-06-18,16,N2EXMIDP,0,0
2019-06-18,17,APXMIDP ,835.95,35.54
2019-06-18,17,N2EXMIDP,0,0
2019-06-18,18,APXMIDP ,741,35.29
2019-06-18,18,N2EXMIDP,0,0
2019-06-18,19,APXMIDP ,922.4,34.09
2019-06-18,19,N2EXMIDP,0,0
2019-06-18,20,APXMIDP ,1157.5,32.91
2019-06-18,20,N2EXMIDP,0,0
2019-06-18,21,APXMIDP ,1408.5,32.12
2019-06-18,21,N2EXMIDP,0,0
2019-06-18,22,APXMIDP ,1604.95,32.76
2019-06-18,22,N2EXMIDP,0,0
2019-06-18,23,APXMIDP ,1510.45,33.26
2019-06-18,23,N2EXMIDP,0,0
2019-06-18,24,APXMIDP ,1375.7,33.29
2019-06-18,24,N2EXMIDP,0,0
2019-06-18,25,APXMIDP ,1348.1,33.35
2019-06-18,25,N2EXMIDP,0,0
2019-06-18,26,APXMIDP ,1226.45,33.88
2019-06-18,26,N2EXMIDP,0,0
2019-06-18,27,APXMIDP ,1415.25,34.61
2019-06-18,27,N2EXMIDP,0,0
2019-06-18,28,APXMIDP ,1369,34.79
2019-06-18,28,N2EXMIDP,0,0
2019-06-18,29,APXMIDP ,1381.8,35.1
2019-06-18,29,N2EXMIDP,0,0
2019-06-18,30,APXMIDP ,1333.7,34.91
2019-06-18,30,N2EXMIDP,0,0
2019-06-18,31,APXMIDP ,845.45,36.5
2019-06-18,31,N2EXMIDP,0,0
2019-06-18,32,APXMIDP ,554.45,39.95
2019-06-18,32,N2EXMIDP,0,0
2019-06-18,33,APXMIDP ,954.05,47.48
2019-06-18,33,N2EXMIDP,0,0
2019-06-18,34,APXMIDP ,1149.1,57.35
2019-06-18,34,N2EXMIDP,0,0
2019-06-18,35,APXMIDP ,1045.35,59.6
2019-06-18,35,N2EXMIDP,0,0
2019-06-18,36,APXMIDP ,1006.9,63.91
2019-06-18,36,N2EXMIDP,0,0
2019-06-18,37,APXMIDP ,1059.45,69.46
2019-06-18,37,N2EXMIDP,0,0
2019-06-18,38,APXMIDP ,1231.8,66.41
2019-06-18,38,N2EXMIDP,0,0
2019-06-18,39,APXMIDP ,903.3,68.94
2019-06-18,39,N2EXMIDP,0,0
2019-06-18,40,APXMIDP ,717.75,63.36
2019-06-18,40,N2EXMIDP,0,0
2019-06-18,41,APXMIDP ,952.15,50.77
2019-06-18,41,N2EXMIDP,0,0
2019-06-18,42,APXMIDP ,854,43.33
2019-06-18,42,N2EXMIDP,0,0
2019-06-18,43,APXMIDP ,539,38.61
2019-06-18,43,N2EXMIDP,0,0
2019-06-18,44,APXMIDP ,660.15,37.93
2019-06-18,44,N2EXMIDP,0,0
2019-06-18,45,APXMIDP ,764.85,37.34
2019-06-18,45,N2EXMIDP,0,0
2019-06-18,46,APXMIDP ,1118.65,34.67
2019-06-18,46,N2EXMIDP,0,0
2019-06-18,47,APXMIDP ,627,35.9
2019-06-18,47,N2EXMIDP,0,0
2019-06-18,48,APXMIDP ,468.3,38
2019-06-18,48,N2EXMIDP,0,0
2019-06-19,1,APXMIDP ,328.55,34.64
2019-06-19,1,N2EXMIDP,0,0
2019-06-19,2,APXMIDP ,318.15,35.78
2019-06-19,2,N2EXMIDP,0,0
2019-06-19,3,APXMIDP ,468.25,43.71
2019-06-19,3,N2EXMIDP,0,0
2019-06-19,4,APXMIDP ,564.5,39.69
2019-06-19,4,N2EXMIDP,0,0
2019-06-19,5,APXMIDP ,678.5,38.65
2019-06-19,5,N2EXMIDP,0,0
2019-06-19,6,APXMIDP ,493.45,38.96
2019-06-19,6,N2EXMIDP,0,0
2019-06-19,7,APXMIDP ,581.35,41.09
2019-06-19,7,N2EXMIDP,0,0
2019-06-19,8,APXMIDP ,629.8,42.2
2019-06-19,8,N2EXMIDP,0,0
2019-06-19,9,APXMIDP ,926.8,41.4
2019-06-19,9,N2EXMIDP,0,0
2019-06-19,10,APXMIDP ,1015.4,38.69
2019-06-19,10,N2EXMIDP,0,0
2019-06-19,11,APXMIDP ,636.75,37.99
2019-06-19,11,N2EXMIDP,0,0
2019-06-19,12,APXMIDP ,697.8,38.96
2019-06-19,12,N2EXMIDP,0,0
2019-06-19,13,APXMIDP ,634.05,40.46
2019-06-19,13,N2EXMIDP,0,0
2019-06-19,14,APXMIDP ,775.05,41.99
2019-06-19,14,N2EXMIDP,0,0
2019-06-19,15,APXMIDP ,856.45,44.19
2019-06-19,15,N2EXMIDP,0,0
2019-06-19,16,APXMIDP ,850.5,52.42
2019-06-19,16,N2EXMIDP,0,0
2019-06-19,17,APXMIDP ,802.15,54.01
2019-06-19,17,N2EXMIDP,0,0
2019-06-19,18,APXMIDP ,906.2,56.93
2019-06-19,18,N2EXMIDP,0,0
2019-06-19,19,APXMIDP ,938.75,55.28
2019-06-19,19,N2EXMIDP,0,0
2019-06-19,20,APXMIDP ,1002,54.78
2019-06-19,20,N2EXMIDP,0,0
2019-06-19,21,APXMIDP ,1148.8,52.65
2019-06-19,21,N2EXMIDP,0,0
2019-06-19,22,APXMIDP ,1171.9,53.01
2019-06-19,22,N2EXMIDP,0,0
2019-06-19,23,APXMIDP ,1511.65,53.55
2019-06-19,23,N2EXMIDP,0,0
2019-06-19,24,APXMIDP ,1477.75,51.21
2019-06-19,24,N2EXMIDP,0,0
2019-06-19,25,APXMIDP ,1489.15,49.16
2019-06-19,25,N2EXMIDP,0,0
2019-06-19,26,APXMIDP ,1331.6,47.05
2019-06-19,26,N2EXMIDP,0,0
2019-06-19,27,APXMIDP ,1192.1,45.9
2019-06-19,27,N2EXMIDP,0,0
2019-06-19,28,APXMIDP ,1096.75,43.33
2019-06-19,28,N2EXMIDP,0,0
2019-06-19,29,APXMIDP ,1315.25,41.81
2019-06-19,29,N2EXMIDP,0,0
2019-06-19,30,APXMIDP ,1215.95,42.41
2019-06-19,30,N2EXMIDP,0,0
2019-06-19,31,APXMIDP ,1489.35,42.5
2019-06-19,31,N2EXMIDP,0,0
2019-06-19,32,APXMIDP ,1290.3,48.54
2019-06-19,32,N2EXMIDP,0,0
2019-06-19,33,APXMIDP ,1269,49.34
2019-06-19,33,N2EXMIDP,0,0
2019-06-19,34,APXMIDP ,1289.55,54.39
2019-06-19,34,N2EXMIDP,0,0
2019-06-19,35,APXMIDP ,1563.25,58
2019-06-19,35,N2EXMIDP,0,0
2019-06-19,36,APXMIDP ,1551.35,59.19
2019-06-19,36,N2EXMIDP,0,0
2019-06-19,37,APXMIDP ,1513.05,60.5
2019-06-19,37,N2EXMIDP,0,0
2019-06-19,38,APXMIDP ,1542.95,59.35
2019-06-19,38,N2EXMIDP,0,0
2019-06-19,39,APXMIDP ,1393,56.71
2019-06-19,39,N2EXMIDP,0,0
2019-06-19,40,APXMIDP ,1289.95,54.35
2019-06-19,40,N2EXMIDP,0,0
2019-06-19,41,APXMIDP ,1167,53.17
2019-06-19,41,N2EXMIDP,0,0
2019-06-19,42,APXMIDP ,1296.85,50.63
2019-06-19,42,N2EXMIDP,0,0
2019-06-19,43,APXMIDP ,1076.65,42.99
2019-06-19,43,N2EXMIDP,0,0
2019-06-19,44,APXMIDP ,922.95,41.82
2019-06-19,44,N2EXMIDP,0,0
2019-06-19,45,APXMIDP ,1240.15,39.42
2019-06-19,45,N2EXMIDP,0,0
2019-06-19,46,APXMIDP ,1094.2,36.4
2019-06-19,46,N2EXMIDP,0,0
2019-06-19,47,APXMIDP ,557.5,45.38
2019-06-19,47,N2EXMIDP,0,0
2019-06-19,48,APXMIDP ,488.7,46.87
2019-06-19,48,N2EXMIDP,0,0
2019-06-20,1,APXMIDP ,401.1,41.35
2019-06-20,1,N2EXMIDP,0,0
2019-06-20,2,APXMIDP ,251.3,41.74
2019-06-20,2,N2EXMIDP,0,0
2019-06-20,3,APXMIDP ,345.8,39.22
2019-06-20,3,N2EXMIDP,0,0
2019-06-20,4,APXMIDP ,331.6,39.11
2019-06-20,4,N2EXMIDP,0,0
2019-06-20,5,APXMIDP ,353,38.7
2019-06-20,5,N2EXMIDP,0,0
2019-06-20,6,APXMIDP ,424.45,37.63
2019-06-20,6,N2EXMIDP,0,0
2019-06-20,7,APXMIDP ,400.35,38.37
2019-06-20,7,N2EXMIDP,0,0
2019-06-20,8,APXMIDP ,461.5,38.04
2019-06-20,8,N2EXMIDP,0,0
2019-06-20,9,APXMIDP ,535.55,38.49
2019-06-20,9,N2EXMIDP,0,0
2019-06-20,10,APXMIDP ,522.05,38.57
2019-06-20,10,N2EXMIDP,0,0
2019-06-20,11,APXMIDP ,715,37.99
2019-06-20,11,N2EXMIDP,0,0
2019-06-20,12,APXMIDP ,522.4,39.39
2019-06-20,12,N2EXMIDP,0,0
2019-06-20,13,APXMIDP ,512.1,42.55
2019-06-20,13,N2EXMIDP,0,0
2019-06-20,14,APXMIDP ,1105.55,43.03
2019-06-20,14,N2EXMIDP,0,0
2019-06-20,15,APXMIDP ,875.4,46.96
2019-06-20,15,N2EXMIDP,0,0
2019-06-20,16,APXMIDP ,760.15,53.93
2019-06-20,16,N2EXMIDP,0,0
2019-06-20,17,APXMIDP ,835.3,54.73
2019-06-20,17,N2EXMIDP,0,0
2019-06-20,18,APXMIDP ,899.3,48.92
2019-06-20,18,N2EXMIDP,0,0
2019-06-20,19,APXMIDP ,1032.35,49.62
2019-06-20,19,N2EXMIDP,0,0
2019-06-20,20,APXMIDP ,880.25,49.04
2019-06-20,20,N2EXMIDP,0,0
2019-06-20,21,APXMIDP ,1049.75,43.83
2019-06-20,21,N2EXMIDP,0,0
2019-06-20,22,APXMIDP ,1155.95,41.24
2019-06-20,22,N2EXMIDP,0,0
2019-06-20,23,APXMIDP ,965.4,37.55
2019-06-20,23,N2EXMIDP,0,0
2019-06-20,24,APXMIDP ,1049.95,41.37
2019-06-20,24,N2EXMIDP,0,0
2019-06-20,25,APXMIDP ,1077.2,41.41
2019-06-20,25,N2EXMIDP,0,0
2019-06-20,26,APXMIDP ,1017.2,39.45
2019-06-20,26,N2EXMIDP,0,0
2019-06-20,27,APXMIDP ,1343.65,34.41
2019-06-20,27,N2EXMIDP,0,0
2019-06-20,28,APXMIDP ,1223.85,33.76
2019-06-20,28,N2EXMIDP,0,0
2019-06-20,29,APXMIDP ,1294.9,33.24
2019-06-20,29,N2EXMIDP,0,0
2019-06-20,30,APXMIDP ,1616.5,33.16
2019-06-20,30,N2EXMIDP,0,0
2019-06-20,31,APXMIDP ,1362.85,40.07
2019-06-20,31,N2EXMIDP,0,0
2019-06-20,32,APXMIDP ,1208.75,38.29
2019-06-20,32,N2EXMIDP,0,0
2019-06-20,33,APXMIDP ,1091.1,38.38
2019-06-20,33,N2EXMIDP,0,0
2019-06-20,34,APXMIDP ,1512.85,51.5
2019-06-20,34,N2EXMIDP,0,0
2019-06-20,35,APXMIDP ,1604.9,57.3
2019-06-20,35,N2EXMIDP,0,0
2019-06-20,36,APXMIDP ,1814.7,59.78
2019-06-20,36,N2EXMIDP,0,0
2019-06-20,37,APXMIDP ,1915.05,60.76
2019-06-20,37,N2EXMIDP,0,0
2019-06-20,38,APXMIDP ,2802.3,63.39
2019-06-20,38,N2EXMIDP,0,0
2019-06-20,39,APXMIDP ,3091.1,52.68
2019-06-20,39,N2EXMIDP,0,0
2019-06-20,40,APXMIDP ,2881.15,50.14
2019-06-20,40,N2EXMIDP,0,0
2019-06-20,41,APXMIDP ,2918.9,49.46
2019-06-20,41,N2EXMIDP,0,0
2019-06-20,42,APXMIDP ,3133.35,49.08
2019-06-20,42,N2EXMIDP,0,0
2019-06-20,43,APXMIDP ,2231.3,45.67
2019-06-20,43,N2EXMIDP,0,0
2019-06-20,44,APXMIDP ,2039.3,46.07
2019-06-20,44,N2EXMIDP,0,0
2019-06-20,45,APXMIDP ,1913.95,44.06
2019-06-20,45,N2EXMIDP,0,0
2019-06-20,46,APXMIDP ,1923.7,41.6
2019-06-20,46,N2EXMIDP,0,0
2019-06-20,47,APXMIDP ,643.5,32.36
2019-06-20,47,N2EXMIDP,0,0
2019-06-20,48,APXMIDP ,523.3,33.39
2019-06-20,48,N2EXMIDP,0,0
2019-06-21,1,APXMIDP ,462.2,32.05
2019-06-21,1,N2EXMIDP,0,0
2019-06-21,2,APXMIDP ,671.5,32.96
2019-06-21,2,N2EXMIDP,0,0
2019-06-21,3,APXMIDP ,303.15,32.46
2019-06-21,3,N2EXMIDP,0,0
2019-06-21,4,APXMIDP ,444.3,32.5
2019-06-21,4,N2EXMIDP,0,0
2019-06-21,5,APXMIDP ,381.5,31.88
2019-06-21,5,N2EXMIDP,0,0
2019-06-21,6,APXMIDP ,418.75,31.69
2019-06-21,6,N2EXMIDP,0,0
2019-06-21,7,APXMIDP ,277.8,31.82
2019-06-21,7,N2EXMIDP,0,0
2019-06-21,8,APXMIDP ,308.5,30.43
2019-06-21,8,N2EXMIDP,0,0
2019-06-21,9,APXMIDP ,501.05,30.89
2019-06-21,9,N2EXMIDP,0,0
2019-06-21,10,APXMIDP ,393.65,31.19
2019-06-21,10,N2EXMIDP,0,0
2019-06-21,11,APXMIDP ,468.5,34.22
2019-06-21,11,N2EXMIDP,0,0
2019-06-21,12,APXMIDP ,280.9,34.35
2019-06-21,12,N2EXMIDP,0,0
2019-06-21,13,APXMIDP ,919.05,34.56
2019-06-21,13,N2EXMIDP,0,0
2019-06-21,14,APXMIDP ,1232.3,35.08
2019-06-21,14,N2EXMIDP,0,0
2019-06-21,15,APXMIDP ,503.8,33.17
2019-06-21,15,N2EXMIDP,0,0
2019-06-21,16,APXMIDP ,762.05,38.51
2019-06-21,16,N2EXMIDP,0,0
2019-06-21,17,APXMIDP ,837.85,37.66
2019-06-21,17,N2EXMIDP,0,0
2019-06-21,18,APXMIDP ,708.15,35.7
2019-06-21,18,N2EXMIDP,0,0
2019-06-21,19,APXMIDP ,931,34.59
2019-06-21,19,N2EXMIDP,0,0
2019-06-21,20,APXMIDP ,903.75,34.27
2019-06-21,20,N2EXMIDP,0,0
2019-06-21,21,APXMIDP ,1248,32.63
2019-06-21,21,N2EXMIDP,0,0
2019-06-21,22,APXMIDP ,1298.4,33.47
2019-06-21,22,N2EXMIDP,0,0
2019-06-21,23,APXMIDP ,1523.45,35.7
2019-06-21,23,N2EXMIDP,0,0
2019-06-21,24,APXMIDP ,1452.45,34.88
2019-06-21,24,N2EXMIDP,0,0
2019-06-21,25,APXMIDP ,1304.95,33.52
2019-06-21,25,N2EXMIDP,0,0
2019-06-21,26,APXMIDP ,1569.1,32.47
2019-06-21,26,N2EXMIDP,0,0
2019-06-21,27,APXMIDP ,1566.15,31.65
2019-06-21,27,N2EXMIDP,0,0
2019-06-21,28,APXMIDP ,1404.35,31.61
2019-06-21,28,N2EXMIDP,0,0
2019-06-21,29,APXMIDP ,1542.25,31.39
2019-06-21,29,N2EXMIDP,0,0
2019-06-21,30,APXMIDP ,1623.8,31.15
2019-06-21,30,N2EXMIDP,0,0
2019-06-21,31,APXMIDP ,1486.55,33.62
2019-06-21,31,N2EXMIDP,0,0
2019-06-21,32,APXMIDP ,1489.9,33.62
2019-06-21,32,N2EXMIDP,0,0
2019-06-21,33,APXMIDP ,1013.75,35.69
2019-06-21,33,N2EXMIDP,0,0
2019-06-21,34,APXMIDP ,927.1,37.27
2019-06-21,34,N2EXMIDP,0,0
2019-06-21,35,APXMIDP ,1145.45,40.81
2019-06-21,35,N2EXMIDP,0,0
2019-06-21,36,APXMIDP ,1084.4,41.56
2019-06-21,36,N2EXMIDP,0,0
2019-06-21,37,APXMIDP ,1312.35,41.1
2019-06-21,37,N2EXMIDP,0,0
2019-06-21,38,APXMIDP ,1271.8,43.97
2019-06-21,38,N2EXMIDP,0,0
2019-06-21,39,APXMIDP ,1115.3,44.82
2019-06-21,39,N2EXMIDP,0,0
2019-06-21,40,APXMIDP ,1052.65,44.87
2019-06-21,40,N2EXMIDP,0,0
2019-06-21,41,APXMIDP ,1078.9,39.93
2019-06-21,41,N2EXMIDP,0,0
2019-06-21,42,APXMIDP ,1120.2,39.51
2019-06-21,42,N2EXMIDP,0,0
2019-06-21,43,APXMIDP ,1380.3,38.17
2019-06-21,43,N2EXMIDP,0,0
2019-06-21,44,APXMIDP ,1393.4,38.24
2019-06-21,44,N2EXMIDP,0,0
2019-06-21,45,APXMIDP ,1337.25,39.38
2019-06-21,45,N2EXMIDP,0,0
2019-06-21,46,APXMIDP ,1636.2,37.99
2019-06-21,46,N2EXMIDP,0,0
2019-06-21,47,APXMIDP ,909.65,42.94
2019-06-21,47,N2EXMIDP,0,0
2019-06-21,48,APXMIDP ,557,45.4
2019-06-21,48,N2EXMIDP,0,0
2019-06-22,1,APXMIDP ,387.35,39.67
2019-06-22,1,N2EXMIDP,0,0
2019-06-22,2,APXMIDP ,343.4,39.87
2019-06-22,2,N2EXMIDP,0,0
2019-06-22,3,APXMIDP ,300.75,36.1
2019-06-22,3,N2EXMIDP,0,0
2019-06-22,4,APXMIDP ,409.85,29.33
2019-06-22,4,N2EXMIDP,0,0
2019-06-22,5,APXMIDP ,311.15,34.44
2019-06-22,5,N2EXMIDP,0,0
2019-06-22,6,APXMIDP ,363.85,32.91
2019-06-22,6,N2EXMIDP,0,0
2019-06-22,7,APXMIDP ,273.4,31.63
2019-06-22,7,N2EXMIDP,0,0
2019-06-22,8,APXMIDP ,351.35,31.64
2019-06-22,8,N2EXMIDP,0,0
2019-06-22,9,APXMIDP ,233.65,32.18
2019-06-22,9,N2EXMIDP,0,0
2019-06-22,10,APXMIDP ,342.3,31.97
2019-06-22,10,N2EXMIDP,0,0
2019-06-22,11,APXMIDP ,435.2,31.29
2019-06-22,11,N2EXMIDP,0,0
2019-06-22,12,APXMIDP ,428,31.04
2019-06-22,12,N2EXMIDP,0,0
2019-06-22,13,APXMIDP ,489.5,31.68
2019-06-22,13,N2EXMIDP,0,0
2019-06-22,14,APXMIDP ,713.15,30.96
2019-06-22,14,N2EXMIDP,0,0
2019-06-22,15,APXMIDP ,638.25,30.84
2019-06-22,15,N2EXMIDP,0,0
2019-06-22,16,APXMIDP ,787.5,31
2019-06-22,16,N2EXMIDP,0,0
2019-06-22,17,APXMIDP ,434.3,32.2
2019-06-22,17,N2EXMIDP,0,0
2019-06-22,18,APXMIDP ,558.3,31.05
2019-06-22,18,N2EXMIDP,0,0
2019-06-22,19,APXMIDP ,587.4,30.46
2019-06-22,19,N2EXMIDP,0,0
2019-06-22,20,APXMIDP ,607.3,29.94
2019-06-22,20,N2EXMIDP,0,0
2019-06-22,21,APXMIDP ,682.1,30.3
2019-06-22,21,N2EXMIDP,0,0
2019-06-22,22,APXMIDP ,488.6,30.46
2019-06-22,22,N2EXMIDP,0,0
2019-06-22,23,APXMIDP ,940.7,30.4
2019-06-22,23,N2EXMIDP,0,0
2019-06-22,24,APXMIDP ,1141.45,30.12
2019-06-22,24,N2EXMIDP,0,0
2019-06-22,25,APXMIDP ,1417.6,32.06
2019-06-22,25,N2EXMIDP,0,0
2019-06-22,26,APXMIDP ,1146.85,32.27
2019-06-22,26,N2EXMIDP,0,0
2019-06-22,27,APXMIDP ,1248.45,34.08
2019-06-22,27,N2EXMIDP,0,0
2019-06-22,28,APXMIDP ,1194.95,32.32
2019-06-22,28,N2EXMIDP,0,0
2019-06-22,29,APXMIDP ,1259.4,32.2
2019-06-22,29,N2EXMIDP,0,0
2019-06-22,30,APXMIDP ,1292.3,30.9
2019-06-22,30,N2EXMIDP,0,0
2019-06-22,31,APXMIDP ,1165.55,29.25
2019-06-22,31,N2EXMIDP,0,0
2019-06-22,32,APXMIDP ,1140.8,28.98
2019-06-22,32,N2EXMIDP,0,0
2019-06-22,33,APXMIDP ,1671.65,30.91
2019-06-22,33,N2EXMIDP,0,0
2019-06-22,34,APXMIDP ,1455.45,31.22
2019-06-22,34,N2EXMIDP,0,0
2019-06-22,35,APXMIDP ,972.85,34.61
2019-06-22,35,N2EXMIDP,0,0
2019-06-22,36,APXMIDP ,956.55,34.7
2019-06-22,36,N2EXMIDP,0,0
2019-06-22,37,APXMIDP ,1002.3,36.07
2019-06-22,37,N2EXMIDP,0,0
2019-06-22,38,APXMIDP ,1116.65,35.79
2019-06-22,38,N2EXMIDP,0,0
2019-06-22,39,APXMIDP ,721.6,38.42
2019-06-22,39,N2EXMIDP,0,0
2019-06-22,40,APXMIDP ,756.05,39.53
2019-06-22,40,N2EXMIDP,0,0
2019-06-22,41,APXMIDP ,598.75,40.09
2019-06-22,41,N2EXMIDP,0,0
2019-06-22,42,APXMIDP ,595.1,39.37
2019-06-22,42,N2EXMIDP,0,0
2019-06-22,43,APXMIDP ,508.3,38.62
2019-06-22,43,N2EXMIDP,0,0
2019-06-22,44,APXMIDP ,476.65,38.53
2019-06-22,44,N2EXMIDP,0,0
2019-06-22,45,APXMIDP ,767.4,40.61
2019-06-22,45,N2EXMIDP,0,0
2019-06-22,46,APXMIDP ,656.8,35.29
2019-06-22,46,N2EXMIDP,0,0
2019-06-22,47,APXMIDP ,599.6,39.7
2019-06-22,47,N2EXMIDP,0,0
2019-06-22,48,APXMIDP ,571.6,45.06
2019-06-22,48,N2EXMIDP,0,0
2019-06-23,1,APXMIDP ,361.7,45.06
2019-06-23,1,N2EXMIDP,0,0
2019-06-23,2,APXMIDP ,404.3,44.18
2019-06-23,2,N2EXMIDP,0,0
2019-06-23,3,APXMIDP ,338.5,38.24
2019-06-23,3,N2EXMIDP,0,0
2019-06-23,4,APXMIDP ,473.1,36.58
2019-06-23,4,N2EXMIDP,0,0
2019-06-23,5,APXMIDP ,546.8,35.29
2019-06-23,5,N2EXMIDP,0,0
2019-06-23,6,APXMIDP ,540.25,35.3
2019-06-23,6,N2EXMIDP,0,0
2019-06-23,7,APXMIDP ,465.8,35.7
2019-06-23,7,N2EXMIDP,0,0
2019-06-23,8,APXMIDP ,384.25,35.14
2019-06-23,8,N2EXMIDP,0,0
2019-06-23,9,APXMIDP ,354.75,33.95
2019-06-23,9,N2EXMIDP,0,0
2019-06-23,10,APXMIDP ,410.55,32.57
2019-06-23,10,N2EXMIDP,0,0
2019-06-23,11,APXMIDP ,266,30.83
2019-06-23,11,N2EXMIDP,0,0
2019-06-23,12,APXMIDP ,368.65,31.87
2019-06-23,12,N2EXMIDP,0,0
2019-06-23,13,APXMIDP ,651.1,31.76
2019-06-23,13,N2EXMIDP,0,0
2019-06-23,14,APXMIDP ,749,31.15
2019-06-23,14,N2EXMIDP,0,0
2019-06-23,15,APXMIDP ,525.1,29.27
2019-06-23,15,N2EXMIDP,0,0
2019-06-23,16,APXMIDP ,593.45,31.06
2019-06-23,16,N2EXMIDP,0,0
2019-06-23,17,APXMIDP ,520.85,30.75
2019-06-23,17,N2EXMIDP,0,0
2019-06-23,18,APXMIDP ,749.75,33.25
2019-06-23,18,N2EXMIDP,0,0
2019-06-23,19,APXMIDP ,791,35.07
2019-06-23,19,N2EXMIDP,0,0
2019-06-23,20,APXMIDP ,719.1,36.73
2019-06-23,20,N2EXMIDP,0,0
2019-06-23,21,APXMIDP ,655.95,39.24
2019-06-23,21,N2EXMIDP,0,0
2019-06-23,22,APXMIDP ,694.65,40.5
2019-06-23,22,N2EXMIDP,0,0
2019-06-23,23,APXMIDP ,988.1,49.64
2019-06-23,23,N2EXMIDP,0,0
2019-06-23,24,APXMIDP ,759.35,44.91
2019-06-23,24,N2EXMIDP,0,0
2019-06-23,25,APXMIDP ,782.15,42.34
2019-06-23,25,N2EXMIDP,0,0
2019-06-23,26,APXMIDP ,772.55,39.73
2019-06-23,26,N2EXMIDP,0,0
2019-06-23,27,APXMIDP ,643,36.92
2019-06-23,27,N2EXMIDP,0,0
2019-06-23,28,APXMIDP ,725.45,37.01
2019-06-23,28,N2EXMIDP,0,0
2019-06-23,29,APXMIDP ,779.45,37.86
2019-06-23,29,N2EXMIDP,0,0
2019-06-23,30,APXMIDP ,806,36.14
2019-06-23,30,N2EXMIDP,0,0
2019-06-23,31,APXMIDP ,703,33.36
2019-06-23,31,N2EXMIDP,0,0
2019-06-23,32,APXMIDP ,788.7,33.47
2019-06-23,32,N2EXMIDP,0,0
2019-06-23,33,APXMIDP ,689.5,34.67
2019-06-23,33,N2EXMIDP,0,0
2019-06-23,34,APXMIDP ,965.6,40.86
2019-06-23,34,N2EXMIDP,0,0
2019-06-23,35,APXMIDP ,1318.1,44.49
2019-06-23,35,N2EXMIDP,0,0
2019-06-23,36,APXMIDP ,1168.7,45.39
2019-06-23,36,N2EXMIDP,0,0
2019-06-23,37,APXMIDP ,1101.15,45.23
2019-06-23,37,N2EXMIDP,0,0
2019-06-23,38,APXMIDP ,1187.6,46.58
2019-06-23,38,N2EXMIDP,0,0
2019-06-23,39,APXMIDP ,941.1,51.46
2019-06-23,39,N2EXMIDP,0,0
2019-06-23,40,APXMIDP ,787.95,48.79
2019-06-23,40,N2EXMIDP,0,0
2019-06-23,41,APXMIDP ,889.15,46.67
2019-06-23,41,N2EXMIDP,0,0
2019-06-23,42,APXMIDP ,662.55,43.32
2019-06-23,42,N2EXMIDP,0,0
2019-06-23,43,APXMIDP ,886.85,37.7
2019-06-23,43,N2EXMIDP,0,0
2019-06-23,44,APXMIDP ,989.85,37.49
2019-06-23,44,N2EXMIDP,0,0
2019-06-23,45,APXMIDP ,1206.2,40.05
2019-06-23,45,N2EXMIDP,0,0
2019-06-23,46,APXMIDP ,1315.85,37.79
2019-06-23,46,N2EXMIDP,0,0
2019-06-23,47,APXMIDP ,792,39.08
2019-06-23,47,N2EXMIDP,0,0
2019-06-23,48,APXMIDP ,612.8,37.65
2019-06-23,48,N2EXMIDP,0,0
2019-06-24,1,APXMIDP ,436.65,35.58
2019-06-24,1,N2EXMIDP,0,0
2019-06-24,2,APXMIDP ,432.35,34.04
2019-06-24,2,N2EXMIDP,0,0
2019-06-24,3,APXMIDP ,442.7,32.41
2019-06-24,3,N2EXMIDP,0,0
2019-06-24,4,APXMIDP ,443.15,33.06
2019-06-24,4,N2EXMIDP,0,0
2019-06-24,5,APXMIDP ,434.8,32.85
2019-06-24,5,N2EXMIDP,0,0
2019-06-24,6,APXMIDP ,509.35,32.57
2019-06-24,6,N2EXMIDP,0,0
2019-06-24,7,APXMIDP ,502.85,31.74
2019-06-24,7,N2EXMIDP,0,0
2019-06-24,8,APXMIDP ,553.9,32.19
2019-06-24,8,N2EXMIDP,0,0
2019-06-24,9,APXMIDP ,627.1,31.88
2019-06-24,9,N2EXMIDP,0,0
2019-06-24,10,APXMIDP ,488.85,32.12
2019-06-24,10,N2EXMIDP,0,0
2019-06-24,11,APXMIDP ,473.15,37.24
2019-06-24,11,N2EXMIDP,0,0
2019-06-24,12,APXMIDP ,574.9,37.43
2019-06-24,12,N2EXMIDP,0,0
2019-06-24,13,APXMIDP ,905.4,39.49
2019-06-24,13,N2EXMIDP,0,0
2019-06-24,14,APXMIDP ,1121.1,34.5
2019-06-24,14,N2EXMIDP,0,0
2019-06-24,15,APXMIDP ,948.45,40.08
2019-06-24,15,N2EXMIDP,0,0
2019-06-24,16,APXMIDP ,1006.85,45.7
2019-06-24,16,N2EXMIDP,0,0
2019-06-24,17,APXMIDP ,838.25,44.69
2019-06-24,17,N2EXMIDP,0,0
2019-06-24,18,APXMIDP ,847.45,48.35
2019-06-24,18,N2EXMIDP,0,0
2019-06-24,19,APXMIDP ,1018.65,50.35
2019-06-24,19,N2EXMIDP,0,0
2019-06-24,20,APXMIDP ,1164.35,53.97
2019-06-24,20,N2EXMIDP,0,0
2019-06-24,21,APXMIDP ,1302.95,57.38
2019-06-24,21,N2EXMIDP,0,0
2019-06-24,22,APXMIDP ,1237.5,57.31
2019-06-24,22,N2EXMIDP,0,0
2019-06-24,23,APXMIDP ,1514.35,68.56
2019-06-24,23,N2EXMIDP,0,0
2019-06-24,24,APXMIDP ,1611.1,78.96
2019-06-24,24,N2EXMIDP,0,0
2019-06-24,25,APXMIDP ,1568.65,90.35
2019-06-24,25,N2EXMIDP,0,0
2019-06-24,26,APXMIDP ,1928.35,86.72
2019-06-24,26,N2EXMIDP,0,0
2019-06-24,27,APXMIDP ,1958.95,93.51
2019-06-24,27,N2EXMIDP,0,0
2019-06-24,28,APXMIDP ,2219.55,83.53
2019-06-24,28,N2EXMIDP,0,0
2019-06-24,29,APXMIDP ,2026.05,71.4
2019-06-24,29,N2EXMIDP,0,0
2019-06-24,30,APXMIDP ,1994.9,72.54
2019-06-24,30,N2EXMIDP,0,0
2019-06-24,31,APXMIDP ,1360.95,73.91
2019-06-24,31,N2EXMIDP,0,0
2019-06-24,32,APXMIDP ,1202,76.14
2019-06-24,32,N2EXMIDP,0,0
2019-06-24,33,APXMIDP ,1229.9,78.69
2019-06-24,33,N2EXMIDP,0,0
2019-06-24,34,APXMIDP ,1177.9,93.62
2019-06-24,34,N2EXMIDP,0,0
2019-06-24,35,APXMIDP ,1544.6,99.56
2019-06-24,35,N2EXMIDP,0,0
2019-06-24,36,APXMIDP ,1608.2,97.09
2019-06-24,36,N2EXMIDP,0,0
2019-06-24,37,APXMIDP ,1490.65,99.99
2019-06-24,37,N2EXMIDP,0,0
2019-06-24,38,APXMIDP ,1666.5,100.55
2019-06-24,38,N2EXMIDP,0,0
2019-06-24,39,APXMIDP ,1851.9,151.39
2019-06-24,39,N2EXMIDP,0,0
2019-06-24,40,APXMIDP ,1664.85,114.43
2019-06-24,40,N2EXMIDP,0,0
2019-06-24,41,APXMIDP ,1559.95,94.78
2019-06-24,41,N2EXMIDP,0,0
2019-06-24,42,APXMIDP ,1529.8,81.71
2019-06-24,42,N2EXMIDP,0,0
2019-06-24,43,APXMIDP ,1011.5,74.53
2019-06-24,43,N2EXMIDP,0,0
2019-06-24,44,APXMIDP ,864.35,71.09
2019-06-24,44,N2EXMIDP,0,0
2019-06-24,45,APXMIDP ,947.5,61.97
2019-06-24,45,N2EXMIDP,0,0
2019-06-24,46,APXMIDP ,1292.1,51.55
2019-06-24,46,N2EXMIDP,0,0
2019-06-24,47,APXMIDP ,669.9,33.44
2019-06-24,47,N2EXMIDP,0,0
2019-06-24,48,APXMIDP ,396.2,36.39
2019-06-24,48,N2EXMIDP,0,0
2019-06-25,1,APXMIDP ,285.6,37.82
2019-06-25,1,N2EXMIDP,0,0
2019-06-25,2,APXMIDP ,217.5,32.93
2019-06-25,2,N2EXMIDP,0,0
2019-06-25,3,APXMIDP ,164.85,31.16
2019-06-25,3,N2EXMIDP,0,0
2019-06-25,4,APXMIDP ,167.75,30.98
2019-06-25,4,N2EXMIDP,0,0
2019-06-25,5,APXMIDP ,148.65,32
2019-06-25,5,N2EXMIDP,0,0
2019-06-25,6,APXMIDP ,213.15,31.38
2019-06-25,6,N2EXMIDP,0,0
2019-06-25,7,APXMIDP ,376.8,32.7
2019-06-25,7,N2EXMIDP,0,0
2019-06-25,8,APXMIDP ,328.15,33.32
2019-06-25,8,N2EXMIDP,0,0
2019-06-25,9,APXMIDP ,421.85,33.69
2019-06-25,9,N2EXMIDP,0,0
2019-06-25,10,APXMIDP ,373,32.6
2019-06-25,10,N2EXMIDP,0,0
2019-06-25,11,APXMIDP ,261.5,32.78
2019-06-25,11,N2EXMIDP,0,0
2019-06-25,12,APXMIDP ,493.05,30.2
2019-06-25,12,N2EXMIDP,0,0
2019-06-25,13,APXMIDP ,568.5,31.76
2019-06-25,13,N2EXMIDP,0,0
2019-06-25,14,APXMIDP ,959.15,31.54
2019-06-25,14,N2EXMIDP,0,0
2019-06-25,15,APXMIDP ,685.65,38.07
2019-06-25,15,N2EXMIDP,0,0
2019-06-25,16,APXMIDP ,973.45,45.93
2019-06-25,16,N2EXMIDP,0,0
2019-06-25,17,APXMIDP ,962.4,40.27
2019-06-25,17,N2EXMIDP,0,0
2019-06-25,18,APXMIDP ,1097.05,37.93
2019-06-25,18,N2EXMIDP,0,0
2019-06-25,19,APXMIDP ,1207.75,40.08
2019-06-25,19,N2EXMIDP,0,0
2019-06-25,20,APXMIDP ,1508,40.17
2019-06-25,20,N2EXMIDP,0,0
2019-06-25,21,APXMIDP ,1452.5,40.85
2019-06-25,21,N2EXMIDP,0,0
2019-06-25,22,APXMIDP ,1481.45,39.58
2019-06-25,22,N2EXMIDP,0,0
2019-06-25,23,APXMIDP ,1391.7,38.41
2019-06-25,23,N2EXMIDP,0,0
2019-06-25,24,APXMIDP ,1606.7,35.56
2019-06-25,24,N2EXMIDP,0,0
2019-06-25,25,APXMIDP ,1675.75,35.56
2019-06-25,25,N2EXMIDP,0,0
2019-06-25,26,APXMIDP ,2188.3,37.17
2019-06-25,26,N2EXMIDP,0,0
2019-06-25,27,APXMIDP ,2123.1,40.95
2019-06-25,27,N2EXMIDP,0,0
2019-06-25,28,APXMIDP ,2038.45,39.9
2019-06-25,28,N2EXMIDP,0,0
2019-06-25,29,APXMIDP ,1956.25,37.53
2019-06-25,29,N2EXMIDP,0,0
2019-06-25,30,APXMIDP ,1843.45,35.94
2019-06-25,30,N2EXMIDP,0,0
2019-06-25,31,APXMIDP ,1669.5,43.4
2019-06-25,31,N2EXMIDP,0,0
2019-06-25,32,APXMIDP ,1740.95,42.03
2019-06-25,32,N2EXMIDP,0,0
2019-06-25,33,APXMIDP ,2003.25,42.42
2019-06-25,33,N2EXMIDP,0,0
2019-06-25,34,APXMIDP ,2303.8,54.22
2019-06-25,34,N2EXMIDP,0,0
2019-06-25,35,APXMIDP ,2321.45,67.47
2019-06-25,35,N2EXMIDP,0,0
2019-06-25,36,APXMIDP ,2378.5,68.21
2019-06-25,36,N2EXMIDP,0,0
2019-06-25,37,APXMIDP ,2044.95,65.46
2019-06-25,37,N2EXMIDP,0,0
2019-06-25,38,APXMIDP ,2218.75,61.96
2019-06-25,38,N2EXMIDP,0,0
2019-06-25,39,APXMIDP ,1407.2,58.21
2019-06-25,39,N2EXMIDP,0,0
2019-06-25,40,APXMIDP ,1444.5,58.5
2019-06-25,40,N2EXMIDP,0,0
2019-06-25,41,APXMIDP ,1583.9,58.25
2019-06-25,41,N2EXMIDP,0,0
2019-06-25,42,APXMIDP ,1571.85,53.06
2019-06-25,42,N2EXMIDP,0,0
2019-06-25,43,APXMIDP ,1633.9,43.24
2019-06-25,43,N2EXMIDP,0,0
2019-06-25,44,APXMIDP ,1272.45,42.86
2019-06-25,44,N2EXMIDP,0,0
2019-06-25,45,APXMIDP ,1753.15,39.67
2019-06-25,45,N2EXMIDP,0,0
2019-06-25,46,APXMIDP ,1882.65,39.56
2019-06-25,46,N2EXMIDP,0,0
2019-06-25,47,APXMIDP ,557.05,38.55
2019-06-25,47,N2EXMIDP,0,0
2019-06-25,48,APXMIDP ,305.65,31.42
2019-06-25,48,N2EXMIDP,0,0
2019-06-26,1,APXMIDP ,345.7,27.57
2019-06-26,1,N2EXMIDP,0,0
2019-06-26,2,APXMIDP ,376.7,26.45
2019-06-26,2,N2EXMIDP,0,0
2019-06-26,3,APXMIDP ,499.3,30.68
2019-06-26,3,N2EXMIDP,0,0
2019-06-26,4,APXMIDP ,527.5,30.75
2019-06-26,4,N2EXMIDP,0,0
2019-06-26,5,APXMIDP ,495,30.88
2019-06-26,5,N2EXMIDP,0,0
2019-06-26,6,APXMIDP ,562.35,30.9
2019-06-26,6,N2EXMIDP,0,0
2019-06-26,7,APXMIDP ,528.15,30.69
2019-06-26,7,N2EXMIDP,0,0
2019-06-26,8,APXMIDP ,547.2,30.56
2019-06-26,8,N2EXMIDP,0,0
2019-06-26,9,APXMIDP ,466.95,30.29
2019-06-26,9,N2EXMIDP,0,0
2019-06-26,10,APXMIDP ,476.55,29.9
2019-06-26,10,N2EXMIDP,0,0
2019-06-26,11,APXMIDP ,601.7,31.52
2019-06-26,11,N2EXMIDP,0,0
2019-06-26,12,APXMIDP ,570.1,30.41
2019-06-26,12,N2EXMIDP,0,0
2019-06-26,13,APXMIDP ,894.65,33.37
2019-06-26,13,N2EXMIDP,0,0
2019-06-26,14,APXMIDP ,919.5,33.89
2019-06-26,14,N2EXMIDP,0,0
2019-06-26,15,APXMIDP ,902.4,35.79
2019-06-26,15,N2EXMIDP,0,0
2019-06-26,16,APXMIDP ,849.85,48.87
2019-06-26,16,N2EXMIDP,0,0
2019-06-26,17,APXMIDP ,903.95,43.97
2019-06-26,17,N2EXMIDP,0,0
2019-06-26,18,APXMIDP ,1112.85,49.92
2019-06-26,18,N2EXMIDP,0,0
2019-06-26,19,APXMIDP ,1212.05,56.03
2019-06-26,19,N2EXMIDP,0,0
2019-06-26,20,APXMIDP ,1192.9,50.73
2019-06-26,20,N2EXMIDP,0,0
2019-06-26,21,APXMIDP ,1337,51.22
2019-06-26,21,N2EXMIDP,0,0
2019-06-26,22,APXMIDP ,1433.95,52.4
2019-06-26,22,N2EXMIDP,0,0
2019-06-26,23,APXMIDP ,1092.2,47.04
2019-06-26,23,N2EXMIDP,0,0
2019-06-26,24,APXMIDP ,1113.6,44.63
2019-06-26,24,N2EXMIDP,0,0
2019-06-26,25,APXMIDP ,1259.35,44.85
2019-06-26,25,N2EXMIDP,0,0
2019-06-26,26,APXMIDP ,1339.25,42.56
2019-06-26,26,N2EXMIDP,0,0
2019-06-26,27,APXMIDP ,1358.9,37.2
2019-06-26,27,N2EXMIDP,0,0
2019-06-26,28,APXMIDP ,1450,36.38
2019-06-26,28,N2EXMIDP,0,0
2019-06-26,29,APXMIDP ,1425.2,35.99
2019-06-26,29,N2EXMIDP,0,0
2019-06-26,30,APXMIDP ,1811.2,34.64
2019-06-26,30,N2EXMIDP,0,0
2019-06-26,31,APXMIDP ,1448.65,35.6
2019-06-26,31,N2EXMIDP,0,0
2019-06-26,32,APXMIDP ,1411.5,35.63
2019-06-26,32,N2EXMIDP,0,0
2019-06-26,33,APXMIDP ,1367.75,36
2019-06-26,33,N2EXMIDP,0,0
2019-06-26,34,APXMIDP ,1665.15,36.18
2019-06-26,34,N2EXMIDP,0,0
2019-06-26,35,APXMIDP ,1843.9,39.46
2019-06-26,35,N2EXMIDP,0,0
2019-06-26,36,APXMIDP ,1933.65,39.96
2019-06-26,36,N2EXMIDP,0,0
2019-06-26,37,APXMIDP ,1840.45,40.8
2019-06-26,37,N2EXMIDP,0,0
2019-06-26,38,APXMIDP ,1869.35,40.24
2019-06-26,38,N2EXMIDP,0,0
2019-06-26,39,APXMIDP ,1217.25,39.91
2019-06-26,39,N2EXMIDP,0,0
2019-06-26,40,APXMIDP ,1276.75,39.61
2019-06-26,40,N2EXMIDP,0,0
2019-06-26,41,APXMIDP ,1853.35,40.65
2019-06-26,41,N2EXMIDP,0,0
2019-06-26,42,APXMIDP ,1859.4,39.78
2019-06-26,42,N2EXMIDP,0,0
2019-06-26,43,APXMIDP ,1731.25,36.5
2019-06-26,43,N2EXMIDP,0,0
2019-06-26,44,APXMIDP ,1391.9,36.23
2019-06-26,44,N2EXMIDP,0,0
2019-06-26,45,APXMIDP ,1341.55,37
2019-06-26,45,N2EXMIDP,0,0
2019-06-26,46,APXMIDP ,1728.25,35.97
2019-06-26,46,N2EXMIDP,0,0
2019-06-26,47,APXMIDP ,828.45,41.29
2019-06-26,47,N2EXMIDP,0,0
2019-06-26,48,APXMIDP ,702.2,39.38
2019-06-26,48,N2EXMIDP,0,0
2019-06-27,1,APXMIDP ,552.95,39.77
2019-06-27,1,N2EXMIDP,0,0
2019-06-27,2,APXMIDP ,607.1,38.41
2019-06-27,2,N2EXMIDP,0,0
2019-06-27,3,APXMIDP ,691.95,35.4
2019-06-27,3,N2EXMIDP,0,0
2019-06-27,4,APXMIDP ,637.45,34.79
2019-06-27,4,N2EXMIDP,0,0
2019-06-27,5,APXMIDP ,601.7,35.35
2019-06-27,5,N2EXMIDP,0,0
2019-06-27,6,APXMIDP ,565.75,31.86
2019-06-27,6,N2EXMIDP,0,0
2019-06-27,7,APXMIDP ,573.9,31.84
2019-06-27,7,N2EXMIDP,0,0
2019-06-27,8,APXMIDP ,584.75,31.02
2019-06-27,8,N2EXMIDP,0,0
2019-06-27,9,APXMIDP ,582.3,31.07
2019-06-27,9,N2EXMIDP,0,0
2019-06-27,10,APXMIDP ,576.45,30.35
2019-06-27,10,N2EXMIDP,0,0
2019-06-27,11,APXMIDP ,309.9,27.22
2019-06-27,11,N2EXMIDP,0,0
2019-06-27,12,APXMIDP ,340.2,25.98
2019-06-27,12,N2EXMIDP,0,0
2019-06-27,13,APXMIDP ,450.95,32.46
2019-06-27,13,N2EXMIDP,0,0
2019-06-27,14,APXMIDP ,681.75,28.86
2019-06-27,14,N2EXMIDP,0,0
2019-06-27,15,APXMIDP ,625.6,29.1
2019-06-27,15,N2EXMIDP,0,0
2019-06-27,16,APXMIDP ,513.55,37.18
2019-06-27,16,N2EXMIDP,0,0
2019-06-27,17,APXMIDP ,607.45,38.22
2019-06-27,17,N2EXMIDP,0,0
2019-06-27,18,APXMIDP ,603.8,35.07
2019-06-27,18,N2EXMIDP,0,0
2019-06-27,19,APXMIDP ,1054.25,34.44
2019-06-27,19,N2EXMIDP,0,0
2019-06-27,20,APXMIDP ,1067.3,33.43
2019-06-27,20,N2EXMIDP,0,0
2019-06-27,21,APXMIDP ,1239.85,32.73
2019-06-27,21,N2EXMIDP,0,0
2019-06-27,22,APXMIDP ,1287.2,36.06
2019-06-27,22,N2EXMIDP,0,0
2019-06-27,23,APXMIDP ,1399.8,37.23
2019-06-27,23,N2EXMIDP,0,0
2019-06-27,24,APXMIDP ,1351.2,34.35
2019-06-27,24,N2EXMIDP,0,0
2019-06-27,25,APXMIDP ,1545.55,33.14
2019-06-27,25,N2EXMIDP,0,0
2019-06-27,26,APXMIDP ,1446,32.39
2019-06-27,26,N2EXMIDP,0,0
2019-06-27,27,APXMIDP ,1611.2,31.81
2019-06-27,27,N2EXMIDP,0,0
2019-06-27,28,APXMIDP ,1524.95,31.86
2019-06-27,28,N2EXMIDP,0,0
2019-06-27,29,APXMIDP ,1496.75,32.36
2019-06-27,29,N2EXMIDP,0,0
2019-06-27,30,APXMIDP ,1655.85,32.39
2019-06-27,30,N2EXMIDP,0,0
2019-06-27,31,APXMIDP ,1129.85,33.59
2019-06-27,31,N2EXMIDP,0,0
2019-06-27,32,APXMIDP ,1060.1,34.15
2019-06-27,32,N2EXMIDP,0,0
2019-06-27,33,APXMIDP ,1054.75,33.23
2019-06-27,33,N2EXMIDP,0,0
2019-06-27,34,APXMIDP ,1195.65,33.73
2019-06-27,34,N2EXMIDP,0,0
2019-06-27,35,APXMIDP ,1296.85,35.47
2019-06-27,35,N2EXMIDP,0,0
2019-06-27,36,APXMIDP ,1312.9,35.87
2019-06-27,36,N2EXMIDP,0,0
2019-06-27,37,APXMIDP ,1363.45,39.49
2019-06-27,37,N2EXMIDP,0,0
2019-06-27,38,APXMIDP ,1198.8,39.87
2019-06-27,38,N2EXMIDP,0,0
2019-06-27,39,APXMIDP ,1262.95,40.28
2019-06-27,39,N2EXMIDP,0,0
2019-06-27,40,APXMIDP ,1204.35,40.71
2019-06-27,40,N2EXMIDP,0,0
2019-06-27,41,APXMIDP ,1260.4,40.95
2019-06-27,41,N2EXMIDP,0,0
2019-06-27,42,APXMIDP ,1373.5,38.15
2019-06-27,42,N2EXMIDP,0,0
2019-06-27,43,APXMIDP ,1144.75,36.82
2019-06-27,43,N2EXMIDP,0,0
2019-06-27,44,APXMIDP ,1208.1,37.35
2019-06-27,44,N2EXMIDP,0,0
2019-06-27,45,APXMIDP ,1299.8,35.98
2019-06-27,45,N2EXMIDP,0,0
2019-06-27,46,APXMIDP ,1734.7,35.05
2019-06-27,46,N2EXMIDP,0,0
2019-06-27,47,APXMIDP ,442.7,37.26
2019-06-27,47,N2EXMIDP,0,0
2019-06-27,48,APXMIDP ,791.2,36.23
2019-06-27,48,N2EXMIDP,0,0
2019-06-28,1,APXMIDP ,408.75,32.1
2019-06-28,1,N2EXMIDP,0,0
2019-06-28,2,APXMIDP ,420.85,30.14
2019-06-28,2,N2EXMIDP,0,0
2019-06-28,3,APXMIDP ,363.7,30.53
2019-06-28,3,N2EXMIDP,0,0
2019-06-28,4,APXMIDP ,424.5,30.04
2019-06-28,4,N2EXMIDP,0,0
2019-06-28,5,APXMIDP ,486.3,29.68
2019-06-28,5,N2EXMIDP,0,0
2019-06-28,6,APXMIDP ,411.5,29.86
2019-06-28,6,N2EXMIDP,0,0
2019-06-28,7,APXMIDP ,504.5,28.99
2019-06-28,7,N2EXMIDP,0,0
2019-06-28,8,APXMIDP ,418.75,28.61
2019-06-28,8,N2EXMIDP,0,0
2019-06-28,9,APXMIDP ,427.5,28.34
2019-06-28,9,N2EXMIDP,0,0
2019-06-28,10,APXMIDP ,375.15,27.14
2019-06-28,10,N2EXMIDP,0,0
2019-06-28,11,APXMIDP ,518.5,36.12
2019-06-28,11,N2EXMIDP,0,0
2019-06-28,12,APXMIDP ,482.4,31.97
2019-06-28,12,N2EXMIDP,0,0
2019-06-28,13,APXMIDP ,513,39.19
2019-06-28,13,N2EXMIDP,0,0
2019-06-28,14,APXMIDP ,868.45,38.76
2019-06-28,14,N2EXMIDP,0,0
2019-06-28,15,APXMIDP ,466.05,34.66
2019-06-28,15,N2EXMIDP,0,0
2019-06-28,16,APXMIDP ,658.3,35.79
2019-06-28,16,N2EXMIDP,0,0
2019-06-28,17,APXMIDP ,688.85,35.07
2019-06-28,17,N2EXMIDP,0,0
2019-06-28,18,APXMIDP ,543.75,32.87
2019-06-28,18,N2EXMIDP,0,0
2019-06-28,19,APXMIDP ,687.1,30.96
2019-06-28,19,N2EXMIDP,0,0
2019-06-28,20,APXMIDP ,811.2,29.88
2019-06-28,20,N2EXMIDP,0,0
2019-06-28,21,APXMIDP ,1252.3,27.71
2019-06-28,21,N2EXMIDP,0,0
2019-06-28,22,APXMIDP ,1334.05,29.06
2019-06-28,22,N2EXMIDP,0,0
2019-06-28,23,APXMIDP ,1522,28.21
2019-06-28,23,N2EXMIDP,0,0
2019-06-28,24,APXMIDP ,1233.6,28.26
2019-06-28,24,N2EXMIDP,0,0
2019-06-28,25,APXMIDP ,1342.15,28.11
2019-06-28,25,N2EXMIDP,0,0
2019-06-28,26,APXMIDP ,1728.3,28.03
2019-06-28,26,N2EXMIDP,0,0
2019-06-28,27,APXMIDP ,1218.1,28.35
2019-06-28,27,N2EXMIDP,0,0
2019-06-28,28,APXMIDP ,1410.7,27.39
2019-06-28,28,N2EXMIDP,0,0
2019-06-28,29,APXMIDP ,1332.9,27.82
2019-06-28,29,N2EXMIDP,0,0
2019-06-28,30,APXMIDP ,1355.35,27.76
2019-06-28,30,N2EXMIDP,0,0
2019-06-28,31,APXMIDP ,806.55,28.68
2019-06-28,31,N2EXMIDP,0,0
2019-06-28,32,APXMIDP ,873.05,29.33
2019-06-28,32,N2EXMIDP,0,0
2019-06-28,33,APXMIDP ,898.4,30.05
2019-06-28,33,N2EXMIDP,0,0
2019-06-28,34,APXMIDP ,991,31.28
2019-06-28,34,N2EXMIDP,0,0
2019-06-28,35,APXMIDP ,1634.6,36.47
2019-06-28,35,N2EXMIDP,0,0
2019-06-28,36,APXMIDP ,1890.3,37.73
2019-06-28,36,N2EXMIDP,0,0
2019-06-28,37,APXMIDP ,1736.55,40.73
2019-06-28,37,N2EXMIDP,0,0
2019-06-28,38,APXMIDP ,1623.55,41.37
2019-06-28,38,N2EXMIDP,0,0
2019-06-28,39,APXMIDP ,1370.3,46.32
2019-06-28,39,N2EXMIDP,0,0
2019-06-28,40,APXMIDP ,1283.05,43.76
2019-06-28,40,N2EXMIDP,0,0
2019-06-28,41,APXMIDP ,1476.9,43.12
2019-06-28,41,N2EXMIDP,0,0
2019-06-28,42,APXMIDP ,1361.75,41.38
2019-06-28,42,N2EXMIDP,0,0
2019-06-28,43,APXMIDP ,1330.4,39.74
2019-06-28,43,N2EXMIDP,0,0
2019-06-28,44,APXMIDP ,1431,38.55
2019-06-28,44,N2EXMIDP,0,0
2019-06-28,45,APXMIDP ,1317.5,37.18
2019-06-28,45,N2EXMIDP,0,0
2019-06-28,46,APXMIDP ,1936.4,38.45
2019-06-28,46,N2EXMIDP,0,0
2019-06-28,47,APXMIDP ,722.95,36.25
2019-06-28,47,N2EXMIDP,0,0
2019-06-28,48,APXMIDP ,383.75,47.73
2019-06-28,48,N2EXMIDP,0,0
2019-06-29,1,APXMIDP ,358.65,43.74
2019-06-29,1,N2EXMIDP,0,0
2019-06-29,2,APXMIDP ,327.6,41.86
2019-06-29,2,N2EXMIDP,0,0
2019-06-29,3,APXMIDP ,438.95,42.6
2019-06-29,3,N2EXMIDP,0,0
2019-06-29,4,APXMIDP ,451.1,43.06
2019-06-29,4,N2EXMIDP,0,0
2019-06-29,5,APXMIDP ,536.65,42.06
2019-06-29,5,N2EXMIDP,0,0
2019-06-29,6,APXMIDP ,600.9,39.72
2019-06-29,6,N2EXMIDP,0,0
2019-06-29,7,APXMIDP ,402.8,35.95
2019-06-29,7,N2EXMIDP,0,0
2019-06-29,8,APXMIDP ,394.6,35.52
2019-06-29,8,N2EXMIDP,0,0
2019-06-29,9,APXMIDP ,535.9,33.32
2019-06-29,9,N2EXMIDP,0,0
2019-06-29,10,APXMIDP ,588.85,33.25
2019-06-29,10,N2EXMIDP,0,0
2019-06-29,11,APXMIDP ,377.5,34.94
2019-06-29,11,N2EXMIDP,0,0
2019-06-29,12,APXMIDP ,382.9,37.62
2019-06-29,12,N2EXMIDP,0,0
2019-06-29,13,APXMIDP ,482.8,40.41
2019-06-29,13,N2EXMIDP,0,0
2019-06-29,14,APXMIDP ,1029.7,39.12
2019-06-29,14,N2EXMIDP,0,0
2019-06-29,15,APXMIDP ,604.1,37.4
2019-06-29,15,N2EXMIDP,0,0
2019-06-29,16,APXMIDP ,718.6,42.53
2019-06-29,16,N2EXMIDP,0,0
2019-06-29,17,APXMIDP ,520.95,48.96
2019-06-29,17,N2EXMIDP,0,0
2019-06-29,18,APXMIDP ,697.45,51.79
2019-06-29,18,N2EXMIDP,0,0
2019-06-29,19,APXMIDP ,906.9,52.03
2019-06-29,19,N2EXMIDP,0,0
2019-06-29,20,APXMIDP ,938.35,51.73
2019-06-29,20,N2EXMIDP,0,0
2019-06-29,21,APXMIDP ,944.9,50.06
2019-06-29,21,N2EXMIDP,0,0
2019-06-29,22,APXMIDP ,969.1,48.79
2019-06-29,22,N2EXMIDP,0,0
2019-06-29,23,APXMIDP ,538.55,45.51
2019-06-29,23,N2EXMIDP,0,0
2019-06-29,24,APXMIDP ,833.2,43.96
2019-06-29,24,N2EXMIDP,0,0
2019-06-29,25,APXMIDP ,758.75,44.08
2019-06-29,25,N2EXMIDP,0,0
2019-06-29,26,APXMIDP ,832.3,46.33
2019-06-29,26,N2EXMIDP,0,0
2019-06-29,27,APXMIDP ,906.9,44.16
2019-06-29,27,N2EXMIDP,0,0
2019-06-29,28,APXMIDP ,860.85,41.07
2019-06-29,28,N2EXMIDP,0,0
2019-06-29,29,APXMIDP ,931.05,40.47
2019-06-29,29,N2EXMIDP,0,0
2019-06-29,30,APXMIDP ,960,42.55
2019-06-29,30,N2EXMIDP,0,0
2019-06-29,31,APXMIDP ,1103.1,45.02
2019-06-29,31,N2EXMIDP,0,0
2019-06-29,32,APXMIDP ,958.2,45.9
2019-06-29,32,N2EXMIDP,0,0
2019-06-29,33,APXMIDP ,964.45,49.07
2019-06-29,33,N2EXMIDP,0,0
2019-06-29,34,APXMIDP ,1018.25,49.21
2019-06-29,34,N2EXMIDP,0,0
2019-06-29,35,APXMIDP ,1295,53.86
2019-06-29,35,N2EXMIDP,0,0
2019-06-29,36,APXMIDP ,1182.5,55.34
2019-06-29,36,N2EXMIDP,0,0
2019-06-29,37,APXMIDP ,1558.4,60.88
2019-06-29,37,N2EXMIDP,0,0
2019-06-29,38,APXMIDP ,1353.4,58.55
2019-06-29,38,N2EXMIDP,0,0
2019-06-29,39,APXMIDP ,1033,54.89
2019-06-29,39,N2EXMIDP,0,0
2019-06-29,40,APXMIDP ,1039.4,54.55
2019-06-29,40,N2EXMIDP,0,0
2019-06-29,41,APXMIDP ,1274,53.87
2019-06-29,41,N2EXMIDP,0,0
2019-06-29,42,APXMIDP ,1243.3,52.96
2019-06-29,42,N2EXMIDP,0,0
2019-06-29,43,APXMIDP ,1026.6,45.98
2019-06-29,43,N2EXMIDP,0,0
2019-06-29,44,APXMIDP ,980.25,45.36
2019-06-29,44,N2EXMIDP,0,0
2019-06-29,45,APXMIDP ,1134.9,42.86
2019-06-29,45,N2EXMIDP,0,0
2019-06-29,46,APXMIDP ,1367.95,39.69
2019-06-29,46,N2EXMIDP,0,0
2019-06-29,47,APXMIDP ,1297.1,49.04
2019-06-29,47,N2EXMIDP,0,0
2019-06-29,48,APXMIDP ,1108.25,50.67
2019-06-29,48,N2EXMIDP,0,0
2019-06-30,1,APXMIDP ,468.3,43.67
2019-06-30,1,N2EXMIDP,0,0
2019-06-30,2,APXMIDP ,457.35,42.93
2019-06-30,2,N2EXMIDP,0,0
2019-06-30,3,APXMIDP ,480,36.07
2019-06-30,3,N2EXMIDP,0,0
2019-06-30,4,APXMIDP ,432.95,34.51
2019-06-30,4,N2EXMIDP,0,0
2019-06-30,5,APXMIDP ,481.4,36.59
2019-06-30,5,N2EXMIDP,0,0
2019-06-30,6,APXMIDP ,670.6,33.8
2019-06-30,6,N2EXMIDP,0,0
2019-06-30,7,APXMIDP ,539.55,23.08
2019-06-30,7,N2EXMIDP,0,0
2019-06-30,8,APXMIDP ,502.4,14.61
2019-06-30,8,N2EXMIDP,0,0
2019-06-30,9,APXMIDP ,604.7,16.3
2019-06-30,9,N2EXMIDP,0,0
2019-06-30,10,APXMIDP ,522.35,11.82
2019-06-30,10,N2EXMIDP,0,0
2019-06-30,11,APXMIDP ,473.15,7.53
2019-06-30,11,N2EXMIDP,0,0
2019-06-30,12,APXMIDP ,526.75,6.58
2019-06-30,12,N2EXMIDP,0,0
2019-06-30,13,APXMIDP ,638.9,10.54
2019-06-30,13,N2EXMIDP,0,0
2019-06-30,14,APXMIDP ,708.5,12.96
2019-06-30,14,N2EXMIDP,0,0
2019-06-30,15,APXMIDP ,1207.45,20.57
2019-06-30,15,N2EXMIDP,0,0
2019-06-30,16,APXMIDP ,1027.45,24.84
2019-06-30,16,N2EXMIDP,0,0
2019-06-30,17,APXMIDP ,819.05,19.27
2019-06-30,17,N2EXMIDP,0,0
2019-06-30,18,APXMIDP ,902.1,25.47
2019-06-30,18,N2EXMIDP,0,0
2019-06-30,19,APXMIDP ,1100.4,32.38
2019-06-30,19,N2EXMIDP,0,0
2019-06-30,20,APXMIDP ,1094.8,33.7
2019-06-30,20,N2EXMIDP,0,0
2019-06-30,21,APXMIDP ,1244.25,36.66
2019-06-30,21,N2EXMIDP,0,0
2019-06-30,22,APXMIDP ,1346.35,37.37
2019-06-30,22,N2EXMIDP,0,0
2019-06-30,23,APXMIDP ,926.35,43.38
2019-06-30,23,N2EXMIDP,0,0
2019-06-30,24,APXMIDP ,1081.6,45.12
2019-06-30,24,N2EXMIDP,0,0
2019-06-30,25,APXMIDP ,1276.05,44.93
2019-06-30,25,N2EXMIDP,0,0
2019-06-30,26,APXMIDP ,1139.55,38.82
2019-06-30,26,N2EXMIDP,0,0
2019-06-30,27,APXMIDP ,797.2,28.1
2019-06-30,27,N2EXMIDP,0,0
2019-06-30,28,APXMIDP ,948.9,19.22
2019-06-30,28,N2EXMIDP,0,0
2019-06-30,29,APXMIDP ,879.25,15.25
2019-06-30,29,N2EXMIDP,0,0
2019-06-30,30,APXMIDP ,976.95,9.64
2019-06-30,30,N2EXMIDP,0,0
2019-06-30,31,APXMIDP ,890.6,-1.57
2019-06-30,31,N2EXMIDP,0,0
2019-06-30,32,APXMIDP ,947.75,0.5
2019-06-30,32,N2EXMIDP,0,0
2019-06-30,33,APXMIDP ,1170.15,5.44
2019-06-30,33,N2EXMIDP,0,0
2019-06-30,34,APXMIDP ,1217.3,10.89
2019-06-30,34,N2EXMIDP,0,0
2019-06-30,35,APXMIDP ,1608.2,23.42
2019-06-30,35,N2EXMIDP,0,0
2019-06-30,36,APXMIDP ,1522.75,25.33
2019-06-30,36,N2EXMIDP,0,0
2019-06-30,37,APXMIDP ,1609.3,26.7
2019-06-30,37,N2EXMIDP,0,0
2019-06-30,38,APXMIDP ,1547.8,30.96
2019-06-30,38,N2EXMIDP,0,0
2019-06-30,39,APXMIDP ,1156,40.8
2019-06-30,39,N2EXMIDP,0,0
2019-06-30,40,APXMIDP ,1136.7,41.15
2019-06-30,40,N2EXMIDP,0,0
2019-06-30,41,APXMIDP ,1131.25,41.47
2019-06-30,41,N2EXMIDP,0,0
2019-06-30,42,APXMIDP ,1287.05,42.18
2019-06-30,42,N2EXMIDP,0,0
2019-06-30,43,APXMIDP ,1116.8,39.55
2019-06-30,43,N2EXMIDP,0,0
2019-06-30,44,APXMIDP ,1164.6,39.65
2019-06-30,44,N2EXMIDP,0,0
2019-06-30,45,APXMIDP ,1155.35,38.5
2019-06-30,45,N2EXMIDP,0,0
2019-06-30,46,APXMIDP ,1387.9,34.75
2019-06-30,46,N2EXMIDP,0,0
2019-06-30,47,APXMIDP ,838.45,34.1
2019-06-30,47,N2EXMIDP,0,0
2019-06-30,48,APXMIDP ,514.25,29.99
2019-06-30,48,N2EXMIDP,0,0
2019-07-01,1,APXMIDP ,387.55,39.47
2019-07-01,1,N2EXMIDP,0,0
2019-07-01,2,APXMIDP ,371.5,31.11
2019-07-01,2,N2EXMIDP,0,0
2019-07-01,3,APXMIDP ,415,33.87
2019-07-01,3,N2EXMIDP,0,0
2019-07-01,4,APXMIDP ,352.3,26.76
2019-07-01,4,N2EXMIDP,0,0
2019-07-01,5,APXMIDP ,424.05,26.46
2019-07-01,5,N2EXMIDP,0,0
2019-07-01,6,APXMIDP ,433.9,23.38
2019-07-01,6,N2EXMIDP,0,0
2019-07-01,7,APXMIDP ,350.2,22.57
2019-07-01,7,N2EXMIDP,0,0
2019-07-01,8,APXMIDP ,332.9,19.28
2019-07-01,8,N2EXMIDP,0,0
2019-07-01,9,APXMIDP ,379.55,20.75
2019-07-01,9,N2EXMIDP,0,0
2019-07-01,10,APXMIDP ,392.1,18.96
2019-07-01,10,N2EXMIDP,0,0
2019-07-01,11,APXMIDP ,295.15,19.37
2019-07-01,11,N2EXMIDP,0,0
2019-07-01,12,APXMIDP ,388.05,18.82
2019-07-01,12,N2EXMIDP,0,0
2019-07-01,13,APXMIDP ,593.75,21.92
2019-07-01,13,N2EXMIDP,0,0
2019-07-01,14,APXMIDP ,830.3,33.57
2019-07-01,14,N2EXMIDP,0,0
2019-07-01,15,APXMIDP ,644.1,23.31
2019-07-01,15,N2EXMIDP,0,0
2019-07-01,16,APXMIDP ,691.5,34.68
2019-07-01,16,N2EXMIDP,0,0
2019-07-01,17,APXMIDP ,662.7,28.18
2019-07-01,17,N2EXMIDP,0,0
2019-07-01,18,APXMIDP ,799.5,22.2
2019-07-01,18,N2EXMIDP,0,0
2019-07-01,19,APXMIDP ,1759.5,34.07
2019-07-01,19,N2EXMIDP,0,0
2019-07-01,20,APXMIDP ,1676.1,39.89
2019-07-01,20,N2EXMIDP,0,0
2019-07-01,21,APXMIDP ,1906.25,42.17
2019-07-01,21,N2EXMIDP,0,0
2019-07-01,22,APXMIDP ,1811.1,41.61
2019-07-01,22,N2EXMIDP,0,0
2019-07-01,23,APXMIDP ,1827.05,39.78
2019-07-01,23,N2EXMIDP,0,0
2019-07-01,24,APXMIDP ,1962.3,40.93
2019-07-01,24,N2EXMIDP,0,0
2019-07-01,25,APXMIDP ,2000.55,41.44
2019-07-01,25,N2EXMIDP,0,0
2019-07-01,26,APXMIDP ,2097.8,41.45
2019-07-01,26,N2EXMIDP,0,0
2019-07-01,27,APXMIDP ,2111.55,43.13
2019-07-01,27,N2EXMIDP,0,0
2019-07-01,28,APXMIDP ,2104.25,42.13
2019-07-01,28,N2EXMIDP,0,0
2019-07-01,29,APXMIDP ,2245.35,42.04
2019-07-01,29,N2EXMIDP,0,0
2019-07-01,30,APXMIDP ,2475.1,38.41
2019-07-01,30,N2EXMIDP,0,0
2019-07-01,31,APXMIDP ,2240.85,38.87
2019-07-01,31,N2EXMIDP,0,0
2019-07-01,32,APXMIDP ,2270.05,40.86
2019-07-01,32,N2EXMIDP,0,0
2019-07-01,33,APXMIDP ,2550.3,41.81
2019-07-01,33,N2EXMIDP,0,0
2019-07-01,34,APXMIDP ,3031.35,41.79
2019-07-01,34,N2EXMIDP,0,0
2019-07-01,35,APXMIDP ,2564.15,41.43
2019-07-01,35,N2EXMIDP,0,0
2019-07-01,36,APXMIDP ,2814.85,42.62
2019-07-01,36,N2EXMIDP,0,0
2019-07-01,37,APXMIDP ,2497.05,45.9
2019-07-01,37,N2EXMIDP,0,0
2019-07-01,38,APXMIDP ,2536.15,47.87
2019-07-01,38,N2EXMIDP,0,0
2019-07-01,39,APXMIDP ,1666.65,56.91
2019-07-01,39,N2EXMIDP,0,0
2019-07-01,40,APXMIDP ,1485.75,58.97
2019-07-01,40,N2EXMIDP,0,0
2019-07-01,41,APXMIDP ,1495.3,58.2
2019-07-01,41,N2EXMIDP,0,0
2019-07-01,42,APXMIDP ,1695.3,56.3
2019-07-01,42,N2EXMIDP,0,0
2019-07-01,43,APXMIDP ,1566.15,56.05
2019-07-01,43,N2EXMIDP,0,0
2019-07-01,44,APXMIDP ,1423.25,55.31
2019-07-01,44,N2EXMIDP,0,0
2019-07-01,45,APXMIDP ,1429.55,55.69
2019-07-01,45,N2EXMIDP,0,0
2019-07-01,46,APXMIDP ,1572.85,46.23
2019-07-01,46,N2EXMIDP,0,0
2019-07-01,47,APXMIDP ,917.05,34.96
2019-07-01,47,N2EXMIDP,0,0
2019-07-01,48,APXMIDP ,828.65,43.85
2019-07-01,48,N2EXMIDP,0,0
2019-07-02,1,APXMIDP ,710.9,43.13
2019-07-02,1,N2EXMIDP,0,0
2019-07-02,2,APXMIDP ,530.8,31.86
2019-07-02,2,N2EXMIDP,0,0
2019-07-02,3,APXMIDP ,485.45,32.37
2019-07-02,3,N2EXMIDP,0,0
2019-07-02,4,APXMIDP ,479,32.56
2019-07-02,4,N2EXMIDP,0,0
2019-07-02,5,APXMIDP ,603.2,27.79
2019-07-02,5,N2EXMIDP,0,0
2019-07-02,6,APXMIDP ,876.05,30.1
2019-07-02,6,N2EXMIDP,0,0
2019-07-02,7,APXMIDP ,726.45,30.42
2019-07-02,7,N2EXMIDP,0,0
2019-07-02,8,APXMIDP ,719.35,29.86
2019-07-02,8,N2EXMIDP,0,0
2019-07-02,9,APXMIDP ,659.1,29.61
2019-07-02,9,N2EXMIDP,0,0
2019-07-02,10,APXMIDP ,704.7,29.44
2019-07-02,10,N2EXMIDP,0,0
2019-07-02,11,APXMIDP ,547.4,31.21
2019-07-02,11,N2EXMIDP,0,0
2019-07-02,12,APXMIDP ,537.65,30.31
2019-07-02,12,N2EXMIDP,0,0
2019-07-02,13,APXMIDP ,556.6,39.8
2019-07-02,13,N2EXMIDP,0,0
2019-07-02,14,APXMIDP ,747.5,36.91
2019-07-02,14,N2EXMIDP,0,0
2019-07-02,15,APXMIDP ,1021.5,32.8
2019-07-02,15,N2EXMIDP,0,0
2019-07-02,16,APXMIDP ,702,47.27
2019-07-02,16,N2EXMIDP,0,0
2019-07-02,17,APXMIDP ,874.5,46.88
2019-07-02,17,N2EXMIDP,0,0
2019-07-02,18,APXMIDP ,714.2,37.2
2019-07-02,18,N2EXMIDP,0,0
2019-07-02,19,APXMIDP ,1174.95,30.71
2019-07-02,19,N2EXMIDP,0,0
2019-07-02,20,APXMIDP ,1443.9,29.9
2019-07-02,20,N2EXMIDP,0,0
2019-07-02,21,APXMIDP ,1370.5,28.31
2019-07-02,21,N2EXMIDP,0,0
2019-07-02,22,APXMIDP ,1413.65,29.54
2019-07-02,22,N2EXMIDP,0,0
2019-07-02,23,APXMIDP ,1562.6,31.66
2019-07-02,23,N2EXMIDP,0,0
2019-07-02,24,APXMIDP ,1491.45,34.58
2019-07-02,24,N2EXMIDP,0,0
2019-07-02,25,APXMIDP ,1772.05,37.81
2019-07-02,25,N2EXMIDP,0,0
2019-07-02,26,APXMIDP ,1940.05,37.1
2019-07-02,26,N2EXMIDP,0,0
2019-07-02,27,APXMIDP ,1690.4,35.62
2019-07-02,27,N2EXMIDP,0,0
2019-07-02,28,APXMIDP ,1773.3,34.7
2019-07-02,28,N2EXMIDP,0,0
2019-07-02,29,APXMIDP ,1654.8,33.86
2019-07-02,29,N2EXMIDP,0,0
2019-07-02,30,APXMIDP ,1631.95,33.07
2019-07-02,30,N2EXMIDP,0,0
2019-07-02,31,APXMIDP ,1768.4,34.47
2019-07-02,31,N2EXMIDP,0,0
2019-07-02,32,APXMIDP ,1957.4,33.97
2019-07-02,32,N2EXMIDP,0,0
2019-07-02,33,APXMIDP ,2064.55,32.75
2019-07-02,33,N2EXMIDP,0,0
2019-07-02,34,APXMIDP ,2109.6,36.54
2019-07-02,34,N2EXMIDP,0,0
2019-07-02,35,APXMIDP ,1910.5,39.85
2019-07-02,35,N2EXMIDP,0,0
2019-07-02,36,APXMIDP ,1926.2,39.95
2019-07-02,36,N2EXMIDP,0,0
2019-07-02,37,APXMIDP ,1962.45,40.11
2019-07-02,37,N2EXMIDP,0,0
2019-07-02,38,APXMIDP ,2161.5,39.31
2019-07-02,38,N2EXMIDP,0,0
2019-07-02,39,APXMIDP ,2025.4,40.04
2019-07-02,39,N2EXMIDP,0,0
2019-07-02,40,APXMIDP ,2126.75,41.83
2019-07-02,40,N2EXMIDP,0,0
2019-07-02,41,APXMIDP ,1933.55,44.99
2019-07-02,41,N2EXMIDP,0,0
2019-07-02,42,APXMIDP ,2045.5,41.97
2019-07-02,42,N2EXMIDP,0,0
2019-07-02,43,APXMIDP ,1819.3,40.28
2019-07-02,43,N2EXMIDP,0,0
2019-07-02,44,APXMIDP ,2009.95,41.47
2019-07-02,44,N2EXMIDP,0,0
2019-07-02,45,APXMIDP ,2158.85,40.69
2019-07-02,45,N2EXMIDP,0,0
2019-07-02,46,APXMIDP ,2312.75,37.01
2019-07-02,46,N2EXMIDP,0,0
2019-07-02,47,APXMIDP ,739.9,31.22
2019-07-02,47,N2EXMIDP,0,0
2019-07-02,48,APXMIDP ,481.45,32.15
2019-07-02,48,N2EXMIDP,0,0
2019-07-03,1,APXMIDP ,442.15,30.81
2019-07-03,1,N2EXMIDP,0,0
2019-07-03,2,APXMIDP ,547.65,30.04
2019-07-03,2,N2EXMIDP,0,0
2019-07-03,3,APXMIDP ,466.35,29.88
2019-07-03,3,N2EXMIDP,0,0
2019-07-03,4,APXMIDP ,460.9,30.25
2019-07-03,4,N2EXMIDP,0,0
2019-07-03,5,APXMIDP ,553.45,29.72
2019-07-03,5,N2EXMIDP,0,0
2019-07-03,6,APXMIDP ,620.75,29.84
2019-07-03,6,N2EXMIDP,0,0
2019-07-03,7,APXMIDP ,766.75,31.34
2019-07-03,7,N2EXMIDP,0,0
2019-07-03,8,APXMIDP ,654.15,30.79
2019-07-03,8,N2EXMIDP,0,0
2019-07-03,9,APXMIDP ,668.8,32.51
2019-07-03,9,N2EXMIDP,0,0
2019-07-03,10,APXMIDP ,658.65,31.38
2019-07-03,10,N2EXMIDP,0,0
2019-07-03,11,APXMIDP ,354.6,32.4
2019-07-03,11,N2EXMIDP,0,0
2019-07-03,12,APXMIDP ,452.4,32.62
2019-07-03,12,N2EXMIDP,0,0
2019-07-03,13,APXMIDP ,565.85,39.48
2019-07-03,13,N2EXMIDP,0,0
2019-07-03,14,APXMIDP ,523.6,37.59
2019-07-03,14,N2EXMIDP,0,0
2019-07-03,15,APXMIDP ,514.8,29.02
2019-07-03,15,N2EXMIDP,0,0
2019-07-03,16,APXMIDP ,750.5,35.74
2019-07-03,16,N2EXMIDP,0,0
2019-07-03,17,APXMIDP ,1477.6,48.61
2019-07-03,17,N2EXMIDP,0,0
2019-07-03,18,APXMIDP ,1571.7,51.5
2019-07-03,18,N2EXMIDP,0,0
2019-07-03,19,APXMIDP ,1663.85,46.6
2019-07-03,19,N2EXMIDP,0,0
2019-07-03,20,APXMIDP ,1582.95,41.99
2019-07-03,20,N2EXMIDP,0,0
2019-07-03,21,APXMIDP ,1855.9,39.79
2019-07-03,21,N2EXMIDP,0,0
2019-07-03,22,APXMIDP ,2471.3,45.08
2019-07-03,22,N2EXMIDP,0,0
2019-07-03,23,APXMIDP ,2366.4,49.17
2019-07-03,23,N2EXMIDP,0,0
2019-07-03,24,APXMIDP ,2537.9,51.24
2019-07-03,24,N2EXMIDP,0,0
2019-07-03,25,APXMIDP ,2503,48.65
2019-07-03,25,N2EXMIDP,0,0
2019-07-03,26,APXMIDP ,2447.8,43.98
2019-07-03,26,N2EXMIDP,0,0
2019-07-03,27,APXMIDP ,2012.65,38.37
2019-07-03,27,N2EXMIDP,0,0
2019-07-03,28,APXMIDP ,1911.7,36.83
2019-07-03,28,N2EXMIDP,0,0
2019-07-03,29,APXMIDP ,1800.1,35.95
2019-07-03,29,N2EXMIDP,0,0
2019-07-03,30,APXMIDP ,2411.85,33.84
2019-07-03,30,N2EXMIDP,0,0
2019-07-03,31,APXMIDP ,1420.65,30.34
2019-07-03,31,N2EXMIDP,0,0
2019-07-03,32,APXMIDP ,1769.05,30.74
2019-07-03,32,N2EXMIDP,0,0
2019-07-03,33,APXMIDP ,1544.35,31.65
2019-07-03,33,N2EXMIDP,0,0
2019-07-03,34,APXMIDP ,1437.25,35.4
2019-07-03,34,N2EXMIDP,0,0
2019-07-03,35,APXMIDP ,1260.85,36.02
2019-07-03,35,N2EXMIDP,0,0
2019-07-03,36,APXMIDP ,1280.85,37.46
2019-07-03,36,N2EXMIDP,0,0
2019-07-03,37,APXMIDP ,1156.8,38.44
2019-07-03,37,N2EXMIDP,0,0
2019-07-03,38,APXMIDP ,1160.2,39.05
2019-07-03,38,N2EXMIDP,0,0
2019-07-03,39,APXMIDP ,1243.2,45.44
2019-07-03,39,N2EXMIDP,0,0
2019-07-03,40,APXMIDP ,1264.35,45.14
2019-07-03,40,N2EXMIDP,0,0
2019-07-03,41,APXMIDP ,1015.45,42.58
2019-07-03,41,N2EXMIDP,0,0
2019-07-03,42,APXMIDP ,939.35,39.67
2019-07-03,42,N2EXMIDP,0,0
2019-07-03,43,APXMIDP ,907.45,36.37
2019-07-03,43,N2EXMIDP,0,0
2019-07-03,44,APXMIDP ,863.5,36.41
2019-07-03,44,N2EXMIDP,0,0
2019-07-03,45,APXMIDP ,1304.4,34.79
2019-07-03,45,N2EXMIDP,0,0
2019-07-03,46,APXMIDP ,1263.9,37.23
2019-07-03,46,N2EXMIDP,0,0
2019-07-03,47,APXMIDP ,641.2,42.17
2019-07-03,47,N2EXMIDP,0,0
2019-07-03,48,APXMIDP ,575.8,41.21
2019-07-03,48,N2EXMIDP,0,0
2019-07-04,1,APXMIDP ,220.9,32.6
2019-07-04,1,N2EXMIDP,0,0
2019-07-04,2,APXMIDP ,391.3,31.19
2019-07-04,2,N2EXMIDP,0,0
2019-07-04,3,APXMIDP ,605.8,27.95
2019-07-04,3,N2EXMIDP,0,0
2019-07-04,4,APXMIDP ,679.8,28.17
2019-07-04,4,N2EXMIDP,0,0
2019-07-04,5,APXMIDP ,629.8,29.22
2019-07-04,5,N2EXMIDP,0,0
2019-07-04,6,APXMIDP ,651.9,28.53
2019-07-04,6,N2EXMIDP,0,0
2019-07-04,7,APXMIDP ,610.25,27.52
2019-07-04,7,N2EXMIDP,0,0
2019-07-04,8,APXMIDP ,744.75,27.98
2019-07-04,8,N2EXMIDP,0,0
2019-07-04,9,APXMIDP ,715.95,29.15
2019-07-04,9,N2EXMIDP,0,0
2019-07-04,10,APXMIDP ,744.75,28.92
2019-07-04,10,N2EXMIDP,0,0
2019-07-04,11,APXMIDP ,689.65,29.62
2019-07-04,11,N2EXMIDP,0,0
2019-07-04,12,APXMIDP ,563.55,28.28
2019-07-04,12,N2EXMIDP,0,0
2019-07-04,13,APXMIDP ,685.8,34.35
2019-07-04,13,N2EXMIDP,0,0
2019-07-04,14,APXMIDP ,922.55,36.8
2019-07-04,14,N2EXMIDP,0,0
2019-07-04,15,APXMIDP ,694.85,35.78
2019-07-04,15,N2EXMIDP,0,0
2019-07-04,16,APXMIDP ,799.9,46.61
2019-07-04,16,N2EXMIDP,0,0
2019-07-04,17,APXMIDP ,1135.2,49.02
2019-07-04,17,N2EXMIDP,0,0
2019-07-04,18,APXMIDP ,1077.45,42.91
2019-07-04,18,N2EXMIDP,0,0
2019-07-04,19,APXMIDP ,872.8,41.56
2019-07-04,19,N2EXMIDP,0,0
2019-07-04,20,APXMIDP ,791.5,37.78
2019-07-04,20,N2EXMIDP,0,0
2019-07-04,21,APXMIDP ,914.7,31.88
2019-07-04,21,N2EXMIDP,0,0
2019-07-04,22,APXMIDP ,1210.55,29.45
2019-07-04,22,N2EXMIDP,0,0
2019-07-04,23,APXMIDP ,1951.85,33.85
2019-07-04,23,N2EXMIDP,0,0
2019-07-04,24,APXMIDP ,1753.9,32.07
2019-07-04,24,N2EXMIDP,0,0
2019-07-04,25,APXMIDP ,1996.05,32.28
2019-07-04,25,N2EXMIDP,0,0
2019-07-04,26,APXMIDP ,1829.4,32.53
2019-07-04,26,N2EXMIDP,0,0
2019-07-04,27,APXMIDP ,2652,39.25
2019-07-04,27,N2EXMIDP,0,0
2019-07-04,28,APXMIDP ,2312.85,36.5
2019-07-04,28,N2EXMIDP,0,0
2019-07-04,29,APXMIDP ,2501.45,34.84
2019-07-04,29,N2EXMIDP,0,0
2019-07-04,30,APXMIDP ,2414.45,33.94
2019-07-04,30,N2EXMIDP,0,0
2019-07-04,31,APXMIDP ,1970.5,32.45
2019-07-04,31,N2EXMIDP,0,0
2019-07-04,32,APXMIDP ,1881.05,34.86
2019-07-04,32,N2EXMIDP,0,0
2019-07-04,33,APXMIDP ,1646.6,36.52
2019-07-04,33,N2EXMIDP,0,0
2019-07-04,34,APXMIDP ,2061.15,36.75
2019-07-04,34,N2EXMIDP,0,0
2019-07-04,35,APXMIDP ,2049.3,43.62
2019-07-04,35,N2EXMIDP,0,0
2019-07-04,36,APXMIDP ,1695.15,44.21
2019-07-04,36,N2EXMIDP,0,0
2019-07-04,37,APXMIDP ,1681.75,44
2019-07-04,37,N2EXMIDP,0,0
2019-07-04,38,APXMIDP ,1682.2,44.46
2019-07-04,38,N2EXMIDP,0,0
2019-07-04,39,APXMIDP ,798.5,48.48
2019-07-04,39,N2EXMIDP,0,0
2019-07-04,40,APXMIDP ,689.9,46.8
2019-07-04,40,N2EXMIDP,0,0
2019-07-04,41,APXMIDP ,822.9,45.2
2019-07-04,41,N2EXMIDP,0,0
2019-07-04,42,APXMIDP ,947.5,43.42
2019-07-04,42,N2EXMIDP,0,0
2019-07-04,43,APXMIDP ,641.65,40.2
2019-07-04,43,N2EXMIDP,0,0
2019-07-04,44,APXMIDP ,686.2,39.64
2019-07-04,44,N2EXMIDP,0,0
2019-07-04,45,APXMIDP ,918.75,39.33
2019-07-04,45,N2EXMIDP,0,0
2019-07-04,46,APXMIDP ,1564.1,36.89
2019-07-04,46,N2EXMIDP,0,0
2019-07-04,47,APXMIDP ,635.75,36.79
2019-07-04,47,N2EXMIDP,0,0
2019-07-04,48,APXMIDP ,508.65,34.8
2019-07-04,48,N2EXMIDP,0,0
2019-07-05,1,APXMIDP ,496.4,32.31
2019-07-05,1,N2EXMIDP,0,0
2019-07-05,2,APXMIDP ,574.3,31.6
2019-07-05,2,N2EXMIDP,0,0
2019-07-05,3,APXMIDP ,698.85,30.19
2019-07-05,3,N2EXMIDP,0,0
2019-07-05,4,APXMIDP ,684.05,29.96
2019-07-05,4,N2EXMIDP,0,0
2019-07-05,5,APXMIDP ,689.1,30.31
2019-07-05,5,N2EXMIDP,0,0
2019-07-05,6,APXMIDP ,623.9,30.33
2019-07-05,6,N2EXMIDP,0,0
2019-07-05,7,APXMIDP ,430.7,29.51
2019-07-05,7,N2EXMIDP,0,0
2019-07-05,8,APXMIDP ,648.45,29.39
2019-07-05,8,N2EXMIDP,0,0
2019-07-05,9,APXMIDP ,570.8,29.82
2019-07-05,9,N2EXMIDP,0,0
2019-07-05,10,APXMIDP ,477.8,29.84
2019-07-05,10,N2EXMIDP,0,0
2019-07-05,11,APXMIDP ,466.8,29.36
2019-07-05,11,N2EXMIDP,0,0
2019-07-05,12,APXMIDP ,483.2,28.99
2019-07-05,12,N2EXMIDP,0,0
2019-07-05,13,APXMIDP ,632.85,31.64
2019-07-05,13,N2EXMIDP,0,0
2019-07-05,14,APXMIDP ,923.45,32.71
2019-07-05,14,N2EXMIDP,0,0
2019-07-05,15,APXMIDP ,648.8,43.86
2019-07-05,15,N2EXMIDP,0,0
2019-07-05,16,APXMIDP ,731.6,54.7
2019-07-05,16,N2EXMIDP,0,0
2019-07-05,17,APXMIDP ,893.65,57.9
2019-07-05,17,N2EXMIDP,0,0
2019-07-05,18,APXMIDP ,1033,56.52
2019-07-05,18,N2EXMIDP,0,0
2019-07-05,19,APXMIDP ,1273,55.07
2019-07-05,19,N2EXMIDP,0,0
2019-07-05,20,APXMIDP ,1167.85,55.51
2019-07-05,20,N2EXMIDP,0,0
2019-07-05,21,APXMIDP ,1404.4,53.5
2019-07-05,21,N2EXMIDP,0,0
2019-07-05,22,APXMIDP ,1301.75,48.09
2019-07-05,22,N2EXMIDP,0,0
2019-07-05,23,APXMIDP ,1535.7,38.78
2019-07-05,23,N2EXMIDP,0,0
2019-07-05,24,APXMIDP ,1372.5,42.16
2019-07-05,24,N2EXMIDP,0,0
2019-07-05,25,APXMIDP ,1339.15,45.11
2019-07-05,25,N2EXMIDP,0,0
2019-07-05,26,APXMIDP ,1381.9,43.51
2019-07-05,26,N2EXMIDP,0,0
2019-07-05,27,APXMIDP ,1169.5,39.55
2019-07-05,27,N2EXMIDP,0,0
2019-07-05,28,APXMIDP ,1152,37.72
2019-07-05,28,N2EXMIDP,0,0
2019-07-05,29,APXMIDP ,1265.1,37.29
2019-07-05,29,N2EXMIDP,0,0
2019-07-05,30,APXMIDP ,1174.4,38.01
2019-07-05,30,N2EXMIDP,0,0
2019-07-05,31,APXMIDP ,736.9,42.93
2019-07-05,31,N2EXMIDP,0,0
2019-07-05,32,APXMIDP ,714.85,43.72
2019-07-05,32,N2EXMIDP,0,0
2019-07-05,33,APXMIDP ,623.3,41.92
2019-07-05,33,N2EXMIDP,0,0
2019-07-05,34,APXMIDP ,1030.9,43.51
2019-07-05,34,N2EXMIDP,0,0
2019-07-05,35,APXMIDP ,1149.6,44.52
2019-07-05,35,N2EXMIDP,0,0
2019-07-05,36,APXMIDP ,1099.55,44.6
2019-07-05,36,N2EXMIDP,0,0
2019-07-05,37,APXMIDP ,1208.95,43.53
2019-07-05,37,N2EXMIDP,0,0
2019-07-05,38,APXMIDP ,1449.65,42.36
2019-07-05,38,N2EXMIDP,0,0
2019-07-05,39,APXMIDP ,1429.25,39.5
2019-07-05,39,N2EXMIDP,0,0
2019-07-05,40,APXMIDP ,1493.1,37.73
2019-07-05,40,N2EXMIDP,0,0
2019-07-05,41,APXMIDP ,1267.4,40.2
2019-07-05,41,N2EXMIDP,0,0
2019-07-05,42,APXMIDP ,1515.6,40.12
2019-07-05,42,N2EXMIDP,0,0
2019-07-05,43,APXMIDP ,2028.5,41.69
2019-07-05,43,N2EXMIDP,0,0
2019-07-05,44,APXMIDP ,1953.5,43.2
2019-07-05,44,N2EXMIDP,0,0
2019-07-05,45,APXMIDP ,2210.65,40.94
2019-07-05,45,N2EXMIDP,0,0
2019-07-05,46,APXMIDP ,2391.65,39.18
2019-07-05,46,N2EXMIDP,0,0
2019-07-05,47,APXMIDP ,675.4,44.42
2019-07-05,47,N2EXMIDP,0,0
2019-07-05,48,APXMIDP ,509,41.09
2019-07-05,48,N2EXMIDP,0,0
2019-07-06,1,APXMIDP ,423.15,38.05
2019-07-06,1,N2EXMIDP,0,0
2019-07-06,2,APXMIDP ,501.5,34.12
2019-07-06,2,N2EXMIDP,0,0
2019-07-06,3,APXMIDP ,300.8,31.26
2019-07-06,3,N2EXMIDP,0,0
2019-07-06,4,APXMIDP ,295,30.88
2019-07-06,4,N2EXMIDP,0,0
2019-07-06,5,APXMIDP ,491.8,28.85
2019-07-06,5,N2EXMIDP,0,0
2019-07-06,6,APXMIDP ,546.3,28.18
2019-07-06,6,N2EXMIDP,0,0
2019-07-06,7,APXMIDP ,724.2,24.82
2019-07-06,7,N2EXMIDP,0,0
2019-07-06,8,APXMIDP ,671.45,25.86
2019-07-06,8,N2EXMIDP,0,0
2019-07-06,9,APXMIDP ,633.85,25.88
2019-07-06,9,N2EXMIDP,0,0
2019-07-06,10,APXMIDP ,602.6,25.89
2019-07-06,10,N2EXMIDP,0,0
2019-07-06,11,APXMIDP ,374.9,27.37
2019-07-06,11,N2EXMIDP,0,0
2019-07-06,12,APXMIDP ,423.65,28.16
2019-07-06,12,N2EXMIDP,0,0
2019-07-06,13,APXMIDP ,406.8,28.08
2019-07-06,13,N2EXMIDP,0,0
2019-07-06,14,APXMIDP ,634.5,31.68
2019-07-06,14,N2EXMIDP,0,0
2019-07-06,15,APXMIDP ,628.2,32.28
2019-07-06,15,N2EXMIDP,0,0
2019-07-06,16,APXMIDP ,447.85,33.25
2019-07-06,16,N2EXMIDP,0,0
2019-07-06,17,APXMIDP ,670.45,33.38
2019-07-06,17,N2EXMIDP,0,0
2019-07-06,18,APXMIDP ,554.4,33.02
2019-07-06,18,N2EXMIDP,0,0
2019-07-06,19,APXMIDP ,860.1,37.71
2019-07-06,19,N2EXMIDP,0,0
2019-07-06,20,APXMIDP ,1042.5,38.74
2019-07-06,20,N2EXMIDP,0,0
2019-07-06,21,APXMIDP ,926.45,37.53
2019-07-06,21,N2EXMIDP,0,0
2019-07-06,22,APXMIDP ,1180.1,40.17
2019-07-06,22,N2EXMIDP,0,0
2019-07-06,23,APXMIDP ,917.55,45.7
2019-07-06,23,N2EXMIDP,0,0
2019-07-06,24,APXMIDP ,1000.25,45.67
2019-07-06,24,N2EXMIDP,0,0
2019-07-06,25,APXMIDP ,858.1,45.38
2019-07-06,25,N2EXMIDP,0,0
2019-07-06,26,APXMIDP ,1057.5,46.1
2019-07-06,26,N2EXMIDP,0,0
2019-07-06,27,APXMIDP ,705.55,38.86
2019-07-06,27,N2EXMIDP,0,0
2019-07-06,28,APXMIDP ,628.15,38.49
2019-07-06,28,N2EXMIDP,0,0
2019-07-06,29,APXMIDP ,773.8,36.62
2019-07-06,29,N2EXMIDP,0,0
2019-07-06,30,APXMIDP ,960.5,34.29
2019-07-06,30,N2EXMIDP,0,0
2019-07-06,31,APXMIDP ,661.05,34.47
2019-07-06,31,N2EXMIDP,0,0
2019-07-06,32,APXMIDP ,764.6,34.49
2019-07-06,32,N2EXMIDP,0,0
2019-07-06,33,APXMIDP ,713.85,34.92
2019-07-06,33,N2EXMIDP,0,0
2019-07-06,34,APXMIDP ,890.3,34.96
2019-07-06,34,N2EXMIDP,0,0
2019-07-06,35,APXMIDP ,407.25,38.16
2019-07-06,35,N2EXMIDP,0,0
2019-07-06,36,APXMIDP ,369.5,38.34
2019-07-06,36,N2EXMIDP,0,0
2019-07-06,37,APXMIDP ,671.3,46.46
2019-07-06,37,N2EXMIDP,0,0
2019-07-06,38,APXMIDP ,810.85,48.22
2019-07-06,38,N2EXMIDP,0,0
2019-07-06,39,APXMIDP ,699.9,44.21
2019-07-06,39,N2EXMIDP,0,0
2019-07-06,40,APXMIDP ,741.35,45.13
2019-07-06,40,N2EXMIDP,0,0
2019-07-06,41,APXMIDP ,661.95,43.11
2019-07-06,41,N2EXMIDP,0,0
2019-07-06,42,APXMIDP ,731.35,40.39
2019-07-06,42,N2EXMIDP,0,0
2019-07-06,43,APXMIDP ,753.9,44.8
2019-07-06,43,N2EXMIDP,0,0
2019-07-06,44,APXMIDP ,1065.15,49.34
2019-07-06,44,N2EXMIDP,0,0
2019-07-06,45,APXMIDP ,1220.7,47
2019-07-06,45,N2EXMIDP,0,0
2019-07-06,46,APXMIDP ,1719.2,45.13
2019-07-06,46,N2EXMIDP,0,0
2019-07-06,47,APXMIDP ,695.65,46.37
2019-07-06,47,N2EXMIDP,0,0
2019-07-06,48,APXMIDP ,361.9,41.98
2019-07-06,48,N2EXMIDP,0,0
2019-07-07,1,APXMIDP ,410.1,36.39
2019-07-07,1,N2EXMIDP,0,0
2019-07-07,2,APXMIDP ,338.25,35.28
2019-07-07,2,N2EXMIDP,0,0
2019-07-07,3,APXMIDP ,397.1,35.11
2019-07-07,3,N2EXMIDP,0,0
2019-07-07,4,APXMIDP ,559,35.32
2019-07-07,4,N2EXMIDP,0,0
2019-07-07,5,APXMIDP ,326.95,34.5
2019-07-07,5,N2EXMIDP,0,0
2019-07-07,6,APXMIDP ,359.75,34.48
2019-07-07,6,N2EXMIDP,0,0
2019-07-07,7,APXMIDP ,332.3,32.08
2019-07-07,7,N2EXMIDP,0,0
2019-07-07,8,APXMIDP ,429.3,31.23
2019-07-07,8,N2EXMIDP,0,0
2019-07-07,9,APXMIDP ,466.7,31.09
2019-07-07,9,N2EXMIDP,0,0
2019-07-07,10,APXMIDP ,448.95,31.42
2019-07-07,10,N2EXMIDP,0,0
2019-07-07,11,APXMIDP ,418.5,31.65
2019-07-07,11,N2EXMIDP,0,0
2019-07-07,12,APXMIDP ,469.75,31.15
2019-07-07,12,N2EXMIDP,0,0
2019-07-07,13,APXMIDP ,472.5,32.83
2019-07-07,13,N2EXMIDP,0,0
2019-07-07,14,APXMIDP ,595.8,33.4
2019-07-07,14,N2EXMIDP,0,0
2019-07-07,15,APXMIDP ,375.75,31.71
2019-07-07,15,N2EXMIDP,0,0
2019-07-07,16,APXMIDP ,331.95,33.85
2019-07-07,16,N2EXMIDP,0,0
2019-07-07,17,APXMIDP ,571.85,29.66
2019-07-07,17,N2EXMIDP,0,0
2019-07-07,18,APXMIDP ,555.95,34.54
2019-07-07,18,N2EXMIDP,0,0
2019-07-07,19,APXMIDP ,454.65,33.14
2019-07-07,19,N2EXMIDP,0,0
2019-07-07,20,APXMIDP ,563.75,32.54
2019-07-07,20,N2EXMIDP,0,0
2019-07-07,21,APXMIDP ,785.15,32.63
2019-07-07,21,N2EXMIDP,0,0
2019-07-07,22,APXMIDP ,822.1,32.26
2019-07-07,22,N2EXMIDP,0,0
2019-07-07,23,APXMIDP ,787.65,31.19
2019-07-07,23,N2EXMIDP,0,0
2019-07-07,24,APXMIDP ,845.75,30.81
2019-07-07,24,N2EXMIDP,0,0
2019-07-07,25,APXMIDP ,960.75,32.34
2019-07-07,25,N2EXMIDP,0,0
2019-07-07,26,APXMIDP ,914.55,31.81
2019-07-07,26,N2EXMIDP,0,0
2019-07-07,27,APXMIDP ,1128.25,30.67
2019-07-07,27,N2EXMIDP,0,0
2019-07-07,28,APXMIDP ,1045.45,30.19
2019-07-07,28,N2EXMIDP,0,0
2019-07-07,29,APXMIDP ,1081.45,29.33
2019-07-07,29,N2EXMIDP,0,0
2019-07-07,30,APXMIDP ,1199.45,29.18
2019-07-07,30,N2EXMIDP,0,0
2019-07-07,31,APXMIDP ,877.4,28.34
2019-07-07,31,N2EXMIDP,0,0
2019-07-07,32,APXMIDP ,876.8,29.59
2019-07-07,32,N2EXMIDP,0,0
2019-07-07,33,APXMIDP ,773.55,30.25
2019-07-07,33,N2EXMIDP,0,0
2019-07-07,34,APXMIDP ,723.35,31.31
2019-07-07,34,N2EXMIDP,0,0
2019-07-07,35,APXMIDP ,911.3,33.86
2019-07-07,35,N2EXMIDP,0,0
2019-07-07,36,APXMIDP ,795.1,35.43
2019-07-07,36,N2EXMIDP,0,0
2019-07-07,37,APXMIDP ,1105.1,40.31
2019-07-07,37,N2EXMIDP,0,0
2019-07-07,38,APXMIDP ,933.45,43.2
2019-07-07,38,N2EXMIDP,0,0
2019-07-07,39,APXMIDP ,976.45,43.53
2019-07-07,39,N2EXMIDP,0,0
2019-07-07,40,APXMIDP ,1163.9,42.13
2019-07-07,40,N2EXMIDP,0,0
2019-07-07,41,APXMIDP ,1195.75,43.47
2019-07-07,41,N2EXMIDP,0,0
2019-07-07,42,APXMIDP ,1117.05,42.94
2019-07-07,42,N2EXMIDP,0,0
2019-07-07,43,APXMIDP ,911.1,42.93
2019-07-07,43,N2EXMIDP,0,0
2019-07-07,44,APXMIDP ,1001.55,43.96
2019-07-07,44,N2EXMIDP,0,0
2019-07-07,45,APXMIDP ,959.35,46.14
2019-07-07,45,N2EXMIDP,0,0
2019-07-07,46,APXMIDP ,929.5,40.64
2019-07-07,46,N2EXMIDP,0,0
2019-07-07,47,APXMIDP ,245.9,49.94
2019-07-07,47,N2EXMIDP,0,0
2019-07-07,48,APXMIDP ,234,42.26
2019-07-07,48,N2EXMIDP,0,0
2019-07-08,1,APXMIDP ,259.5,36.65
2019-07-08,1,N2EXMIDP,0,0
2019-07-08,2,APXMIDP ,240.5,33.7
2019-07-08,2,N2EXMIDP,0,0
2019-07-08,3,APXMIDP ,443,32.59
2019-07-08,3,N2EXMIDP,0,0
2019-07-08,4,APXMIDP ,485.95,32.23
2019-07-08,4,N2EXMIDP,0,0
2019-07-08,5,APXMIDP ,583.35,32.5
2019-07-08,5,N2EXMIDP,0,0
2019-07-08,6,APXMIDP ,614.35,32.5
2019-07-08,6,N2EXMIDP,0,0
2019-07-08,7,APXMIDP ,641.5,35.65
2019-07-08,7,N2EXMIDP,0,0
2019-07-08,8,APXMIDP ,619.1,35.48
2019-07-08,8,N2EXMIDP,0,0
2019-07-08,9,APXMIDP ,567.15,33.94
2019-07-08,9,N2EXMIDP,0,0
2019-07-08,10,APXMIDP ,550.7,32.92
2019-07-08,10,N2EXMIDP,0,0
2019-07-08,11,APXMIDP ,288.6,35.31
2019-07-08,11,N2EXMIDP,0,0
2019-07-08,12,APXMIDP ,222.55,35.68
2019-07-08,12,N2EXMIDP,0,0
2019-07-08,13,APXMIDP ,351.75,32.75
2019-07-08,13,N2EXMIDP,0,0
2019-07-08,14,APXMIDP ,516.25,35.13
2019-07-08,14,N2EXMIDP,0,0
2019-07-08,15,APXMIDP ,584.4,37.59
2019-07-08,15,N2EXMIDP,0,0
2019-07-08,16,APXMIDP ,594.8,41.05
2019-07-08,16,N2EXMIDP,0,0
2019-07-08,17,APXMIDP ,741,42.6
2019-07-08,17,N2EXMIDP,0,0
2019-07-08,18,APXMIDP ,588.7,43.33
2019-07-08,18,N2EXMIDP,0,0
2019-07-08,19,APXMIDP ,753.25,41.08
2019-07-08,19,N2EXMIDP,0,0
2019-07-08,20,APXMIDP ,812.45,38.24
2019-07-08,20,N2EXMIDP,0,0
2019-07-08,21,APXMIDP ,730.1,38.84
2019-07-08,21,N2EXMIDP,0,0
2019-07-08,22,APXMIDP ,857.85,38.65
2019-07-08,22,N2EXMIDP,0,0
2019-07-08,23,APXMIDP ,1395.85,39.32
2019-07-08,23,N2EXMIDP,0,0
2019-07-08,24,APXMIDP ,913.5,40.39
2019-07-08,24,N2EXMIDP,0,0
2019-07-08,25,APXMIDP ,1072.85,43.04
2019-07-08,25,N2EXMIDP,0,0
2019-07-08,26,APXMIDP ,1188.25,39.94
2019-07-08,26,N2EXMIDP,0,0
2019-07-08,27,APXMIDP ,1051.5,36.26
2019-07-08,27,N2EXMIDP,0,0
2019-07-08,28,APXMIDP ,953.25,37.36
2019-07-08,28,N2EXMIDP,0,0
2019-07-08,29,APXMIDP ,1190.4,37.76
2019-07-08,29,N2EXMIDP,0,0
2019-07-08,30,APXMIDP ,1092.45,38.72
2019-07-08,30,N2EXMIDP,0,0
2019-07-08,31,APXMIDP ,1235.1,38.58
2019-07-08,31,N2EXMIDP,0,0
2019-07-08,32,APXMIDP ,1141.6,38.44
2019-07-08,32,N2EXMIDP,0,0
2019-07-08,33,APXMIDP ,1060.35,41.45
2019-07-08,33,N2EXMIDP,0,0
2019-07-08,34,APXMIDP ,1173.85,49.67
2019-07-08,34,N2EXMIDP,0,0
2019-07-08,35,APXMIDP ,1254.95,51.5
2019-07-08,35,N2EXMIDP,0,0
2019-07-08,36,APXMIDP ,1269.8,60.82
2019-07-08,36,N2EXMIDP,0,0
2019-07-08,37,APXMIDP ,1517.35,68.58
2019-07-08,37,N2EXMIDP,0,0
2019-07-08,38,APXMIDP ,1671,68
2019-07-08,38,N2EXMIDP,0,0
2019-07-08,39,APXMIDP ,1070.6,61.75
2019-07-08,39,N2EXMIDP,0,0
2019-07-08,40,APXMIDP ,1126.8,57.52
2019-07-08,40,N2EXMIDP,0,0
2019-07-08,41,APXMIDP ,1240.95,51.19
2019-07-08,41,N2EXMIDP,0,0
2019-07-08,42,APXMIDP ,1353.35,48.89
2019-07-08,42,N2EXMIDP,0,0
2019-07-08,43,APXMIDP ,986.7,47.7
2019-07-08,43,N2EXMIDP,0,0
2019-07-08,44,APXMIDP ,1062.9,45.48
2019-07-08,44,N2EXMIDP,0,0
2019-07-08,45,APXMIDP ,1577.25,43.53
2019-07-08,45,N2EXMIDP,0,0
2019-07-08,46,APXMIDP ,1521.1,43.32
2019-07-08,46,N2EXMIDP,0,0
2019-07-08,47,APXMIDP ,935.1,43.43
2019-07-08,47,N2EXMIDP,0,0
2019-07-08,48,APXMIDP ,491.5,46.68
2019-07-08,48,N2EXMIDP,0,0
2019-07-09,1,APXMIDP ,353.5,35.43
2019-07-09,1,N2EXMIDP,0,0
2019-07-09,2,APXMIDP ,342.15,33.19
2019-07-09,2,N2EXMIDP,0,0
2019-07-09,3,APXMIDP ,208.1,29.72
2019-07-09,3,N2EXMIDP,0,0
2019-07-09,4,APXMIDP ,343.3,29.88
2019-07-09,4,N2EXMIDP,0,0
2019-07-09,5,APXMIDP ,339.8,29.76
2019-07-09,5,N2EXMIDP,0,0
2019-07-09,6,APXMIDP ,401.5,30.78
2019-07-09,6,N2EXMIDP,0,0
2019-07-09,7,APXMIDP ,297.15,32.29
2019-07-09,7,N2EXMIDP,0,0
2019-07-09,8,APXMIDP ,279.5,32.5
2019-07-09,8,N2EXMIDP,0,0
2019-07-09,9,APXMIDP ,256.15,34.09
2019-07-09,9,N2EXMIDP,0,0
2019-07-09,10,APXMIDP ,316.5,31.5
2019-07-09,10,N2EXMIDP,0,0
2019-07-09,11,APXMIDP ,271.8,35.19
2019-07-09,11,N2EXMIDP,0,0
2019-07-09,12,APXMIDP ,325.95,33.98
2019-07-09,12,N2EXMIDP,0,0
2019-07-09,13,APXMIDP ,517.65,36.94
2019-07-09,13,N2EXMIDP,0,0
2019-07-09,14,APXMIDP ,690.9,36.2
2019-07-09,14,N2EXMIDP,0,0
2019-07-09,15,APXMIDP ,665,40.06
2019-07-09,15,N2EXMIDP,0,0
2019-07-09,16,APXMIDP ,722.3,45.75
2019-07-09,16,N2EXMIDP,0,0
2019-07-09,17,APXMIDP ,623,44.36
2019-07-09,17,N2EXMIDP,0,0
2019-07-09,18,APXMIDP ,691.15,46.13
2019-07-09,18,N2EXMIDP,0,0
2019-07-09,19,APXMIDP ,783.75,47.28
2019-07-09,19,N2EXMIDP,0,0
2019-07-09,20,APXMIDP ,866.95,45.97
2019-07-09,20,N2EXMIDP,0,0
2019-07-09,21,APXMIDP ,1412.15,43.77
2019-07-09,21,N2EXMIDP,0,0
2019-07-09,22,APXMIDP ,1504.85,42.39
2019-07-09,22,N2EXMIDP,0,0
2019-07-09,23,APXMIDP ,1414.1,36.06
2019-07-09,23,N2EXMIDP,0,0
2019-07-09,24,APXMIDP ,1244.2,35.67
2019-07-09,24,N2EXMIDP,0,0
2019-07-09,25,APXMIDP ,1418.25,35.33
2019-07-09,25,N2EXMIDP,0,0
2019-07-09,26,APXMIDP ,1446,35.93
2019-07-09,26,N2EXMIDP,0,0
2019-07-09,27,APXMIDP ,1623.7,37.5
2019-07-09,27,N2EXMIDP,0,0
2019-07-09,28,APXMIDP ,1930.05,38.26
2019-07-09,28,N2EXMIDP,0,0
2019-07-09,29,APXMIDP ,1914.75,38.57
2019-07-09,29,N2EXMIDP,0,0
2019-07-09,30,APXMIDP ,2015.25,38.41
2019-07-09,30,N2EXMIDP,0,0
2019-07-09,31,APXMIDP ,1223.4,37.84
2019-07-09,31,N2EXMIDP,0,0
2019-07-09,32,APXMIDP ,1154.55,39.16
2019-07-09,32,N2EXMIDP,0,0
2019-07-09,33,APXMIDP ,1247.95,41.5
2019-07-09,33,N2EXMIDP,0,0
2019-07-09,34,APXMIDP ,1320,44.74
2019-07-09,34,N2EXMIDP,0,0
2019-07-09,35,APXMIDP ,1341.1,49.24
2019-07-09,35,N2EXMIDP,0,0
2019-07-09,36,APXMIDP ,1362.2,47.86
2019-07-09,36,N2EXMIDP,0,0
2019-07-09,37,APXMIDP ,1253.4,46.84
2019-07-09,37,N2EXMIDP,0,0
2019-07-09,38,APXMIDP ,1467,49.6
2019-07-09,38,N2EXMIDP,0,0
2019-07-09,39,APXMIDP ,1114.95,47.29
2019-07-09,39,N2EXMIDP,0,0
2019-07-09,40,APXMIDP ,928.95,45.33
2019-07-09,40,N2EXMIDP,0,0
2019-07-09,41,APXMIDP ,819.65,43.44
2019-07-09,41,N2EXMIDP,0,0
2019-07-09,42,APXMIDP ,810.65,43.18
2019-07-09,42,N2EXMIDP,0,0
2019-07-09,43,APXMIDP ,696.35,42.02
2019-07-09,43,N2EXMIDP,0,0
2019-07-09,44,APXMIDP ,780.6,41.76
2019-07-09,44,N2EXMIDP,0,0
2019-07-09,45,APXMIDP ,646.55,41.84
2019-07-09,45,N2EXMIDP,0,0
2019-07-09,46,APXMIDP ,747.05,41.43
2019-07-09,46,N2EXMIDP,0,0
2019-07-09,47,APXMIDP ,0,0
2019-07-09,47,N2EXMIDP,0,0
2019-07-09,48,APXMIDP ,211.05,35.82
2019-07-09,48,N2EXMIDP,0,0
2019-07-10,1,APXMIDP ,197.65,33.98
2019-07-10,1,N2EXMIDP,0,0
2019-07-10,2,APXMIDP ,321.25,32.03
2019-07-10,2,N2EXMIDP,0,0
2019-07-10,3,APXMIDP ,208.85,34.62
2019-07-10,3,N2EXMIDP,0,0
2019-07-10,4,APXMIDP ,265.3,34.5
2019-07-10,4,N2EXMIDP,0,0
2019-07-10,5,APXMIDP ,415.1,35.96
2019-07-10,5,N2EXMIDP,0,0
2019-07-10,6,APXMIDP ,375.6,34.56
2019-07-10,6,N2EXMIDP,0,0
2019-07-10,7,APXMIDP ,342.3,34.24
2019-07-10,7,N2EXMIDP,0,0
2019-07-10,8,APXMIDP ,296.9,34.95
2019-07-10,8,N2EXMIDP,0,0
2019-07-10,9,APXMIDP ,379.45,34.33
2019-07-10,9,N2EXMIDP,0,0
2019-07-10,10,APXMIDP ,354.6,33.91
2019-07-10,10,N2EXMIDP,0,0
2019-07-10,11,APXMIDP ,248,36.47
2019-07-10,11,N2EXMIDP,0,0
2019-07-10,12,APXMIDP ,302.8,36.45
2019-07-10,12,N2EXMIDP,0,0
2019-07-10,13,APXMIDP ,458.9,38.56
2019-07-10,13,N2EXMIDP,0,0
2019-07-10,14,APXMIDP ,786.6,38.72
2019-07-10,14,N2EXMIDP,0,0
2019-07-10,15,APXMIDP ,1230.2,40.84
2019-07-10,15,N2EXMIDP,0,0
2019-07-10,16,APXMIDP ,784.15,51.2
2019-07-10,16,N2EXMIDP,0,0
2019-07-10,17,APXMIDP ,1205.6,49.4
2019-07-10,17,N2EXMIDP,0,0
2019-07-10,18,APXMIDP ,995.6,46.95
2019-07-10,18,N2EXMIDP,0,0
2019-07-10,19,APXMIDP ,901.55,47.09
2019-07-10,19,N2EXMIDP,0,0
2019-07-10,20,APXMIDP ,1250,45.95
2019-07-10,20,N2EXMIDP,0,0
2019-07-10,21,APXMIDP ,1109.05,44.64
2019-07-10,21,N2EXMIDP,0,0
2019-07-10,22,APXMIDP ,1291.05,40.63
2019-07-10,22,N2EXMIDP,0,0
2019-07-10,23,APXMIDP ,946.35,37.45
2019-07-10,23,N2EXMIDP,0,0
2019-07-10,24,APXMIDP ,1219.6,37.59
2019-07-10,24,N2EXMIDP,0,0
2019-07-10,25,APXMIDP ,1095.5,37.51
2019-07-10,25,N2EXMIDP,0,0
2019-07-10,26,APXMIDP ,1327.2,37.39
2019-07-10,26,N2EXMIDP,0,0
2019-07-10,27,APXMIDP ,1640.75,36.75
2019-07-10,27,N2EXMIDP,0,0
2019-07-10,28,APXMIDP ,1724.15,35.79
2019-07-10,28,N2EXMIDP,0,0
2019-07-10,29,APXMIDP ,1511.15,36.2
2019-07-10,29,N2EXMIDP,0,0
2019-07-10,30,APXMIDP ,1588.6,35.49
2019-07-10,30,N2EXMIDP,0,0
2019-07-10,31,APXMIDP ,1225.35,40.69
2019-07-10,31,N2EXMIDP,0,0
2019-07-10,32,APXMIDP ,1160.7,41.08
2019-07-10,32,N2EXMIDP,0,0
2019-07-10,33,APXMIDP ,1289.5,41.62
2019-07-10,33,N2EXMIDP,0,0
2019-07-10,34,APXMIDP ,1336.5,44.1
2019-07-10,34,N2EXMIDP,0,0
2019-07-10,35,APXMIDP ,1269.25,46.5
2019-07-10,35,N2EXMIDP,0,0
2019-07-10,36,APXMIDP ,1415.6,46.89
2019-07-10,36,N2EXMIDP,0,0
2019-07-10,37,APXMIDP ,1413.1,46.69
2019-07-10,37,N2EXMIDP,0,0
2019-07-10,38,APXMIDP ,1531.7,45.43
2019-07-10,38,N2EXMIDP,0,0
2019-07-10,39,APXMIDP ,1425.35,44.28
2019-07-10,39,N2EXMIDP,0,0
2019-07-10,40,APXMIDP ,1233.75,43.55
2019-07-10,40,N2EXMIDP,0,0
2019-07-10,41,APXMIDP ,1507.55,45.52
2019-07-10,41,N2EXMIDP,0,0
2019-07-10,42,APXMIDP ,1461.75,43.08
2019-07-10,42,N2EXMIDP,0,0
2019-07-10,43,APXMIDP ,1270,43.4
2019-07-10,43,N2EXMIDP,0,0
2019-07-10,44,APXMIDP ,1458.5,41.34
2019-07-10,44,N2EXMIDP,0,0
2019-07-10,45,APXMIDP ,1563.2,43.53
2019-07-10,45,N2EXMIDP,0,0
2019-07-10,46,APXMIDP ,1686.9,41.15
2019-07-10,46,N2EXMIDP,0,0
2019-07-10,47,APXMIDP ,521.95,36.72
2019-07-10,47,N2EXMIDP,0,0
2019-07-10,48,APXMIDP ,262.75,43.93
2019-07-10,48,N2EXMIDP,0,0
2019-07-11,1,APXMIDP ,270.1,44.57
2019-07-11,1,N2EXMIDP,0,0
2019-07-11,2,APXMIDP ,193.5,41.31
2019-07-11,2,N2EXMIDP,0,0
2019-07-11,3,APXMIDP ,226.1,43.17
2019-07-11,3,N2EXMIDP,0,0
2019-07-11,4,APXMIDP ,223.8,43.3
2019-07-11,4,N2EXMIDP,0,0
2019-07-11,5,APXMIDP ,274.85,43.68
2019-07-11,5,N2EXMIDP,0,0
2019-07-11,6,APXMIDP ,267.25,43.14
2019-07-11,6,N2EXMIDP,0,0
2019-07-11,7,APXMIDP ,247.6,41.78
2019-07-11,7,N2EXMIDP,0,0
2019-07-11,8,APXMIDP ,270.65,39.9
2019-07-11,8,N2EXMIDP,0,0
2019-07-11,9,APXMIDP ,251.2,43.16
2019-07-11,9,N2EXMIDP,0,0
2019-07-11,10,APXMIDP ,332.35,40.75
2019-07-11,10,N2EXMIDP,0,0
2019-07-11,11,APXMIDP ,367.75,43.64
2019-07-11,11,N2EXMIDP,0,0
2019-07-11,12,APXMIDP ,484.95,42.9
2019-07-11,12,N2EXMIDP,0,0
2019-07-11,13,APXMIDP ,678.45,45.54
2019-07-11,13,N2EXMIDP,0,0
2019-07-11,14,APXMIDP ,1179.15,42.71
2019-07-11,14,N2EXMIDP,0,0
2019-07-11,15,APXMIDP ,1179.5,47.39
2019-07-11,15,N2EXMIDP,0,0
2019-07-11,16,APXMIDP ,837.15,51.78
2019-07-11,16,N2EXMIDP,0,0
2019-07-11,17,APXMIDP ,900.95,46.65
2019-07-11,17,N2EXMIDP,0,0
2019-07-11,18,APXMIDP ,773.6,49.48
2019-07-11,18,N2EXMIDP,0,0
2019-07-11,19,APXMIDP ,1106.75,51.41
2019-07-11,19,N2EXMIDP,0,0
2019-07-11,20,APXMIDP ,1357.4,61.67
2019-07-11,20,N2EXMIDP,0,0
2019-07-11,21,APXMIDP ,1411.75,67.18
2019-07-11,21,N2EXMIDP,0,0
2019-07-11,22,APXMIDP ,1841.35,63.46
2019-07-11,22,N2EXMIDP,0,0
2019-07-11,23,APXMIDP ,2214.9,59.03
2019-07-11,23,N2EXMIDP,0,0
2019-07-11,24,APXMIDP ,2259.8,57.82
2019-07-11,24,N2EXMIDP,0,0
2019-07-11,25,APXMIDP ,2117,58.91
2019-07-11,25,N2EXMIDP,0,0
2019-07-11,26,APXMIDP ,2140.45,58.78
2019-07-11,26,N2EXMIDP,0,0
2019-07-11,27,APXMIDP ,2402.7,54.65
2019-07-11,27,N2EXMIDP,0,0
2019-07-11,28,APXMIDP ,2285.5,54.92
2019-07-11,28,N2EXMIDP,0,0
2019-07-11,29,APXMIDP ,2292.95,55.04
2019-07-11,29,N2EXMIDP,0,0
2019-07-11,30,APXMIDP ,2418.6,54.35
2019-07-11,30,N2EXMIDP,0,0
2019-07-11,31,APXMIDP ,1559,47.7
2019-07-11,31,N2EXMIDP,0,0
2019-07-11,32,APXMIDP ,1730.3,45.83
2019-07-11,32,N2EXMIDP,0,0
2019-07-11,33,APXMIDP ,1395,46.42
2019-07-11,33,N2EXMIDP,0,0
2019-07-11,34,APXMIDP ,1699.8,48.55
2019-07-11,34,N2EXMIDP,0,0
2019-07-11,35,APXMIDP ,1677.45,48.7
2019-07-11,35,N2EXMIDP,0,0
2019-07-11,36,APXMIDP ,1653.15,47.51
2019-07-11,36,N2EXMIDP,0,0
2019-07-11,37,APXMIDP ,1718.55,48.52
2019-07-11,37,N2EXMIDP,0,0
2019-07-11,38,APXMIDP ,1720.65,50.14
2019-07-11,38,N2EXMIDP,0,0
2019-07-11,39,APXMIDP ,1923.3,49.85
2019-07-11,39,N2EXMIDP,0,0
2019-07-11,40,APXMIDP ,1792.1,49.35
2019-07-11,40,N2EXMIDP,0,0
2019-07-11,41,APXMIDP ,1829,50.73
2019-07-11,41,N2EXMIDP,0,0
2019-07-11,42,APXMIDP ,1854.8,46.75
2019-07-11,42,N2EXMIDP,0,0
2019-07-11,43,APXMIDP ,1833.45,50.08
2019-07-11,43,N2EXMIDP,0,0
2019-07-11,44,APXMIDP ,1649.55,48.97
2019-07-11,44,N2EXMIDP,0,0
2019-07-11,45,APXMIDP ,1879.35,45.74
2019-07-11,45,N2EXMIDP,0,0
2019-07-11,46,APXMIDP ,2181.4,45.69
2019-07-11,46,N2EXMIDP,0,0
2019-07-11,47,APXMIDP ,785.95,42.03
2019-07-11,47,N2EXMIDP,0,0
2019-07-11,48,APXMIDP ,372.25,51.09
2019-07-11,48,N2EXMIDP,0,0
2019-07-12,1,APXMIDP ,169.95,48.87
2019-07-12,1,N2EXMIDP,0,0
2019-07-12,2,APXMIDP ,310.5,45.03
2019-07-12,2,N2EXMIDP,0,0
2019-07-12,3,APXMIDP ,284.15,50.49
2019-07-12,3,N2EXMIDP,0,0
2019-07-12,4,APXMIDP ,248.8,49.91
2019-07-12,4,N2EXMIDP,0,0
2019-07-12,5,APXMIDP ,432.25,49.74
2019-07-12,5,N2EXMIDP,0,0
2019-07-12,6,APXMIDP ,390.55,47.68
2019-07-12,6,N2EXMIDP,0,0
2019-07-12,7,APXMIDP ,588.1,40.89
2019-07-12,7,N2EXMIDP,0,0
2019-07-12,8,APXMIDP ,546,40.93
2019-07-12,8,N2EXMIDP,0,0
2019-07-12,9,APXMIDP ,474.75,43.12
2019-07-12,9,N2EXMIDP,0,0
2019-07-12,10,APXMIDP ,565.85,42.25
2019-07-12,10,N2EXMIDP,0,0
2019-07-12,11,APXMIDP ,527.65,44.75
2019-07-12,11,N2EXMIDP,0,0
2019-07-12,12,APXMIDP ,494.45,44.68
2019-07-12,12,N2EXMIDP,0,0
2019-07-12,13,APXMIDP ,591.65,48.79
2019-07-12,13,N2EXMIDP,0,0
2019-07-12,14,APXMIDP ,793.45,51.24
2019-07-12,14,N2EXMIDP,0,0
2019-07-12,15,APXMIDP ,1117.55,56.14
2019-07-12,15,N2EXMIDP,0,0
2019-07-12,16,APXMIDP ,1127.9,56.41
2019-07-12,16,N2EXMIDP,0,0
2019-07-12,17,APXMIDP ,1135.6,48.57
2019-07-12,17,N2EXMIDP,0,0
2019-07-12,18,APXMIDP ,1315.8,50.3
2019-07-12,18,N2EXMIDP,0,0
2019-07-12,19,APXMIDP ,1897.7,53.84
2019-07-12,19,N2EXMIDP,0,0
2019-07-12,20,APXMIDP ,1766.5,53.41
2019-07-12,20,N2EXMIDP,0,0
2019-07-12,21,APXMIDP ,1832.95,52.94
2019-07-12,21,N2EXMIDP,0,0
2019-07-12,22,APXMIDP ,2237.9,54.26
2019-07-12,22,N2EXMIDP,0,0
2019-07-12,23,APXMIDP ,1036.95,48.45
2019-07-12,23,N2EXMIDP,0,0
2019-07-12,24,APXMIDP ,1392.55,47.39
2019-07-12,24,N2EXMIDP,0,0
2019-07-12,25,APXMIDP ,1432.05,50.49
2019-07-12,25,N2EXMIDP,0,0
2019-07-12,26,APXMIDP ,1246.2,48.19
2019-07-12,26,N2EXMIDP,0,0
2019-07-12,27,APXMIDP ,1239.05,44.21
2019-07-12,27,N2EXMIDP,0,0
2019-07-12,28,APXMIDP ,1272.05,43.39
2019-07-12,28,N2EXMIDP,0,0
2019-07-12,29,APXMIDP ,1370.9,43.24
2019-07-12,29,N2EXMIDP,0,0
2019-07-12,30,APXMIDP ,1369.4,40.46
2019-07-12,30,N2EXMIDP,0,0
2019-07-12,31,APXMIDP ,1183.35,39.94
2019-07-12,31,N2EXMIDP,0,0
2019-07-12,32,APXMIDP ,1392.95,40.13
2019-07-12,32,N2EXMIDP,0,0
2019-07-12,33,APXMIDP ,1371.3,39.95
2019-07-12,33,N2EXMIDP,0,0
2019-07-12,34,APXMIDP ,1354.15,42.62
2019-07-12,34,N2EXMIDP,0,0
2019-07-12,35,APXMIDP ,1300.75,43.41
2019-07-12,35,N2EXMIDP,0,0
2019-07-12,36,APXMIDP ,1304.35,43.44
2019-07-12,36,N2EXMIDP,0,0
2019-07-12,37,APXMIDP ,1204.95,44
2019-07-12,37,N2EXMIDP,0,0
2019-07-12,38,APXMIDP ,1219.6,43.98
2019-07-12,38,N2EXMIDP,0,0
2019-07-12,39,APXMIDP ,1172.05,44.09
2019-07-12,39,N2EXMIDP,0,0
2019-07-12,40,APXMIDP ,1347.35,46.84
2019-07-12,40,N2EXMIDP,0,0
2019-07-12,41,APXMIDP ,1206.2,44.63
2019-07-12,41,N2EXMIDP,0,0
2019-07-12,42,APXMIDP ,1174.15,43.54
2019-07-12,42,N2EXMIDP,0,0
2019-07-12,43,APXMIDP ,1355.3,41.97
2019-07-12,43,N2EXMIDP,0,0
2019-07-12,44,APXMIDP ,1383.8,41.97
2019-07-12,44,N2EXMIDP,0,0
2019-07-12,45,APXMIDP ,1357.05,42.78
2019-07-12,45,N2EXMIDP,0,0
2019-07-12,46,APXMIDP ,1645.45,41.98
2019-07-12,46,N2EXMIDP,0,0
2019-07-12,47,APXMIDP ,761.8,52.84
2019-07-12,47,N2EXMIDP,0,0
2019-07-12,48,APXMIDP ,568.5,51.54
2019-07-12,48,N2EXMIDP,0,0
2019-07-13,1,APXMIDP ,422.5,48.37
2019-07-13,1,N2EXMIDP,0,0
2019-07-13,2,APXMIDP ,437.65,43.21
2019-07-13,2,N2EXMIDP,0,0
2019-07-13,3,APXMIDP ,189.7,40.72
2019-07-13,3,N2EXMIDP,0,0
2019-07-13,4,APXMIDP ,258,40.04
2019-07-13,4,N2EXMIDP,0,0
2019-07-13,5,APXMIDP ,335.45,38.98
2019-07-13,5,N2EXMIDP,0,0
2019-07-13,6,APXMIDP ,336.1,40.24
2019-07-13,6,N2EXMIDP,0,0
2019-07-13,7,APXMIDP ,204.5,36.08
2019-07-13,7,N2EXMIDP,0,0
2019-07-13,8,APXMIDP ,209.6,35.62
2019-07-13,8,N2EXMIDP,0,0
2019-07-13,9,APXMIDP ,217.5,34.33
2019-07-13,9,N2EXMIDP,0,0
2019-07-13,10,APXMIDP ,285.05,35.2
2019-07-13,10,N2EXMIDP,0,0
2019-07-13,11,APXMIDP ,304.5,34.56
2019-07-13,11,N2EXMIDP,0,0
2019-07-13,12,APXMIDP ,348.4,34.23
2019-07-13,12,N2EXMIDP,0,0
2019-07-13,13,APXMIDP ,374,39.06
2019-07-13,13,N2EXMIDP,0,0
2019-07-13,14,APXMIDP ,471.25,39.71
2019-07-13,14,N2EXMIDP,0,0
2019-07-13,15,APXMIDP ,545,36.88
2019-07-13,15,N2EXMIDP,0,0
2019-07-13,16,APXMIDP ,642.5,36.81
2019-07-13,16,N2EXMIDP,0,0
2019-07-13,17,APXMIDP ,785,37.04
2019-07-13,17,N2EXMIDP,0,0
2019-07-13,18,APXMIDP ,485.4,41.29
2019-07-13,18,N2EXMIDP,0,0
2019-07-13,19,APXMIDP ,372.5,47.54
2019-07-13,19,N2EXMIDP,0,0
2019-07-13,20,APXMIDP ,370,47.65
2019-07-13,20,N2EXMIDP,0,0
2019-07-13,21,APXMIDP ,367.95,47.69
2019-07-13,21,N2EXMIDP,0,0
2019-07-13,22,APXMIDP ,372.3,47.65
2019-07-13,22,N2EXMIDP,0,0
2019-07-13,23,APXMIDP ,102.5,48.88
2019-07-13,23,N2EXMIDP,50,52
2019-07-13,24,APXMIDP ,102.5,48.88
2019-07-13,24,N2EXMIDP,59,50.25
2019-07-13,25,APXMIDP ,460.9,56.75
2019-07-13,25,N2EXMIDP,25,54
2019-07-13,26,APXMIDP ,551.95,52.62
2019-07-13,26,N2EXMIDP,25,54
2019-07-13,27,APXMIDP ,686.65,45.43
2019-07-13,27,N2EXMIDP,0,0
2019-07-13,28,APXMIDP ,700.3,42.26
2019-07-13,28,N2EXMIDP,0,0
2019-07-13,29,APXMIDP ,667.1,42.3
2019-07-13,29,N2EXMIDP,0,0
2019-07-13,30,APXMIDP ,1281.1,40.31
2019-07-13,30,N2EXMIDP,0,0
2019-07-13,31,APXMIDP ,941.25,41.26
2019-07-13,31,N2EXMIDP,0,0
2019-07-13,32,APXMIDP ,1020.85,40.9
2019-07-13,32,N2EXMIDP,0,0
2019-07-13,33,APXMIDP ,1014.75,40.27
2019-07-13,33,N2EXMIDP,0,0
2019-07-13,34,APXMIDP ,864.95,41.18
2019-07-13,34,N2EXMIDP,0,0
2019-07-13,35,APXMIDP ,709.95,42
2019-07-13,35,N2EXMIDP,0,0
2019-07-13,36,APXMIDP ,806.25,42.63
2019-07-13,36,N2EXMIDP,0,0
2019-07-13,37,APXMIDP ,864,43.08
2019-07-13,37,N2EXMIDP,0,0
2019-07-13,38,APXMIDP ,971.4,42.85
2019-07-13,38,N2EXMIDP,0,0
2019-07-13,39,APXMIDP ,965.65,40.84
2019-07-13,39,N2EXMIDP,0,0
2019-07-13,40,APXMIDP ,829.7,40.34
2019-07-13,40,N2EXMIDP,0,0
2019-07-13,41,APXMIDP ,891.3,40.3
2019-07-13,41,N2EXMIDP,0,0
2019-07-13,42,APXMIDP ,772.5,41.18
2019-07-13,42,N2EXMIDP,0,0
2019-07-13,43,APXMIDP ,750.55,41.03
2019-07-13,43,N2EXMIDP,0,0
2019-07-13,44,APXMIDP ,717.6,40.9
2019-07-13,44,N2EXMIDP,0,0
2019-07-13,45,APXMIDP ,842.35,40.06
2019-07-13,45,N2EXMIDP,0,0
2019-07-13,46,APXMIDP ,873.65,39
2019-07-13,46,N2EXMIDP,0,0
2019-07-13,47,APXMIDP ,451.75,41.61
2019-07-13,47,N2EXMIDP,0,0
2019-07-13,48,APXMIDP ,279.1,40.72
2019-07-13,48,N2EXMIDP,0,0
2019-07-14,1,APXMIDP ,242,41.57
2019-07-14,1,N2EXMIDP,0,0
2019-07-14,2,APXMIDP ,253.5,42.05
2019-07-14,2,N2EXMIDP,0,0
2019-07-14,3,APXMIDP ,219.7,40.23
2019-07-14,3,N2EXMIDP,0,0
2019-07-14,4,APXMIDP ,227.25,39.8
2019-07-14,4,N2EXMIDP,0,0
2019-07-14,5,APXMIDP ,255.65,43.83
2019-07-14,5,N2EXMIDP,0,0
2019-07-14,6,APXMIDP ,253.25,41.39
2019-07-14,6,N2EXMIDP,0,0
2019-07-14,7,APXMIDP ,221.5,43.41
2019-07-14,7,N2EXMIDP,0,0
2019-07-14,8,APXMIDP ,160,44.26
2019-07-14,8,N2EXMIDP,0,0
2019-07-14,9,APXMIDP ,238.75,44.76
2019-07-14,9,N2EXMIDP,0,0
2019-07-14,10,APXMIDP ,140.1,41.81
2019-07-14,10,N2EXMIDP,0,0
2019-07-14,11,APXMIDP ,167.65,42.75
2019-07-14,11,N2EXMIDP,0,0
2019-07-14,12,APXMIDP ,141.65,42.48
2019-07-14,12,N2EXMIDP,0,0
2019-07-14,13,APXMIDP ,332.1,45.68
2019-07-14,13,N2EXMIDP,0,0
2019-07-14,14,APXMIDP ,251.7,38.13
2019-07-14,14,N2EXMIDP,0,0
2019-07-14,15,APXMIDP ,702.65,37.03
2019-07-14,15,N2EXMIDP,0,0
2019-07-14,16,APXMIDP ,567.2,38.89
2019-07-14,16,N2EXMIDP,0,0
2019-07-14,17,APXMIDP ,735.35,38.86
2019-07-14,17,N2EXMIDP,0,0
2019-07-14,18,APXMIDP ,635.25,37.83
2019-07-14,18,N2EXMIDP,0,0
2019-07-14,19,APXMIDP ,951,38.6
2019-07-14,19,N2EXMIDP,0,0
2019-07-14,20,APXMIDP ,1008.95,37.89
2019-07-14,20,N2EXMIDP,0,0
2019-07-14,21,APXMIDP ,1024.55,39.09
2019-07-14,21,N2EXMIDP,0,0
2019-07-14,22,APXMIDP ,926.05,41.42
2019-07-14,22,N2EXMIDP,0,0
2019-07-14,23,APXMIDP ,1118.05,42.11
2019-07-14,23,N2EXMIDP,0,0
2019-07-14,24,APXMIDP ,1159.3,41.95
2019-07-14,24,N2EXMIDP,0,0
2019-07-14,25,APXMIDP ,1350,43.51
2019-07-14,25,N2EXMIDP,0,0
2019-07-14,26,APXMIDP ,1360,43.36
2019-07-14,26,N2EXMIDP,0,0
2019-07-14,27,APXMIDP ,1840.3,44.81
2019-07-14,27,N2EXMIDP,0,0
2019-07-14,28,APXMIDP ,1894.05,44.71
2019-07-14,28,N2EXMIDP,0,0
2019-07-14,29,APXMIDP ,1706,43.6
2019-07-14,29,N2EXMIDP,0,0
2019-07-14,30,APXMIDP ,1789.95,43.68
2019-07-14,30,N2EXMIDP,0,0
2019-07-14,31,APXMIDP ,956.35,41.6
2019-07-14,31,N2EXMIDP,0,0
2019-07-14,32,APXMIDP ,1073.15,40.74
2019-07-14,32,N2EXMIDP,0,0
2019-07-14,33,APXMIDP ,987.95,40
2019-07-14,33,N2EXMIDP,0,0
2019-07-14,34,APXMIDP ,901.2,40.84
2019-07-14,34,N2EXMIDP,0,0
2019-07-14,35,APXMIDP ,963.95,42.76
2019-07-14,35,N2EXMIDP,0,0
2019-07-14,36,APXMIDP ,847.4,44.55
2019-07-14,36,N2EXMIDP,0,0
2019-07-14,37,APXMIDP ,874.15,44.84
2019-07-14,37,N2EXMIDP,0,0
2019-07-14,38,APXMIDP ,840.85,45.91
2019-07-14,38,N2EXMIDP,0,0
2019-07-14,39,APXMIDP ,814.9,44.9
2019-07-14,39,N2EXMIDP,0,0
2019-07-14,40,APXMIDP ,644.9,44.16
2019-07-14,40,N2EXMIDP,0,0
2019-07-14,41,APXMIDP ,730.45,43.93
2019-07-14,41,N2EXMIDP,0,0
2019-07-14,42,APXMIDP ,893.1,45.74
2019-07-14,42,N2EXMIDP,0,0
2019-07-14,43,APXMIDP ,700.95,43.94
2019-07-14,43,N2EXMIDP,0,0
2019-07-14,44,APXMIDP ,515.75,43.19
2019-07-14,44,N2EXMIDP,0,0
2019-07-14,45,APXMIDP ,659.5,41.6
2019-07-14,45,N2EXMIDP,0,0
2019-07-14,46,APXMIDP ,909.5,38.58
2019-07-14,46,N2EXMIDP,0,0
2019-07-14,47,APXMIDP ,631.75,38.22
2019-07-14,47,N2EXMIDP,0,0
2019-07-14,48,APXMIDP ,261.5,37.56
2019-07-14,48,N2EXMIDP,0,0
2019-07-15,1,APXMIDP ,253.85,43.86
2019-07-15,1,N2EXMIDP,0,0
2019-07-15,2,APXMIDP ,178.95,37.76
2019-07-15,2,N2EXMIDP,0,0
2019-07-15,3,APXMIDP ,237,43.64
2019-07-15,3,N2EXMIDP,0,0
2019-07-15,4,APXMIDP ,173.85,39.65
2019-07-15,4,N2EXMIDP,0,0
2019-07-15,5,APXMIDP ,142.95,38.48
2019-07-15,5,N2EXMIDP,0,0
2019-07-15,6,APXMIDP ,153.55,36.69
2019-07-15,6,N2EXMIDP,0,0
2019-07-15,7,APXMIDP ,93.65,37.58
2019-07-15,7,N2EXMIDP,0,0
2019-07-15,8,APXMIDP ,122.65,36.93
2019-07-15,8,N2EXMIDP,0,0
2019-07-15,9,APXMIDP ,125.2,37.6
2019-07-15,9,N2EXMIDP,0,0
2019-07-15,10,APXMIDP ,166.85,36.14
2019-07-15,10,N2EXMIDP,0,0
2019-07-15,11,APXMIDP ,171.55,41.06
2019-07-15,11,N2EXMIDP,0,0
2019-07-15,12,APXMIDP ,372.55,39.74
2019-07-15,12,N2EXMIDP,0,0
2019-07-15,13,APXMIDP ,268.2,42.8
2019-07-15,13,N2EXMIDP,0,0
2019-07-15,14,APXMIDP ,585.25,41.25
2019-07-15,14,N2EXMIDP,0,0
2019-07-15,15,APXMIDP ,559,43.56
2019-07-15,15,N2EXMIDP,0,0
2019-07-15,16,APXMIDP ,624.4,45.26
2019-07-15,16,N2EXMIDP,0,0
2019-07-15,17,APXMIDP ,662.9,42.42
2019-07-15,17,N2EXMIDP,0,0
2019-07-15,18,APXMIDP ,720.45,41.59
2019-07-15,18,N2EXMIDP,0,0
2019-07-15,19,APXMIDP ,871.1,43.57
2019-07-15,19,N2EXMIDP,0,0
2019-07-15,20,APXMIDP ,958.9,44.6
2019-07-15,20,N2EXMIDP,0,0
2019-07-15,21,APXMIDP ,884.7,43.86
2019-07-15,21,N2EXMIDP,0,0
2019-07-15,22,APXMIDP ,1026.05,42.73
2019-07-15,22,N2EXMIDP,0,0
2019-07-15,23,APXMIDP ,1198.15,43.13
2019-07-15,23,N2EXMIDP,0,0
2019-07-15,24,APXMIDP ,1072.8,43.1
2019-07-15,24,N2EXMIDP,0,0
2019-07-15,25,APXMIDP ,1203.65,43.36
2019-07-15,25,N2EXMIDP,0,0
2019-07-15,26,APXMIDP ,1151.85,42.7
2019-07-15,26,N2EXMIDP,0,0
2019-07-15,27,APXMIDP ,1223.15,41.38
2019-07-15,27,N2EXMIDP,0,0
2019-07-15,28,APXMIDP ,1127.65,41.75
2019-07-15,28,N2EXMIDP,0,0
2019-07-15,29,APXMIDP ,1152.25,41.47
2019-07-15,29,N2EXMIDP,0,0
2019-07-15,30,APXMIDP ,1221.85,41.21
2019-07-15,30,N2EXMIDP,0,0
2019-07-15,31,APXMIDP ,975.2,42.98
2019-07-15,31,N2EXMIDP,0,0
2019-07-15,32,APXMIDP ,967.7,43.87
2019-07-15,32,N2EXMIDP,0,0
2019-07-15,33,APXMIDP ,1040.85,43.73
2019-07-15,33,N2EXMIDP,0,0
2019-07-15,34,APXMIDP ,1370.1,45.78
2019-07-15,34,N2EXMIDP,0,0
2019-07-15,35,APXMIDP ,1507.6,51.96
2019-07-15,35,N2EXMIDP,0,0
2019-07-15,36,APXMIDP ,1392.25,53.75
2019-07-15,36,N2EXMIDP,0,0
2019-07-15,37,APXMIDP ,1205.5,53.79
2019-07-15,37,N2EXMIDP,0,0
2019-07-15,38,APXMIDP ,1170.35,53.82
2019-07-15,38,N2EXMIDP,0,0
2019-07-15,39,APXMIDP ,757.8,46.76
2019-07-15,39,N2EXMIDP,0,0
2019-07-15,40,APXMIDP ,834.65,45.71
2019-07-15,40,N2EXMIDP,0,0
2019-07-15,41,APXMIDP ,815.05,46.65
2019-07-15,41,N2EXMIDP,0,0
2019-07-15,42,APXMIDP ,967.3,46.22
2019-07-15,42,N2EXMIDP,0,0
2019-07-15,43,APXMIDP ,934,42.41
2019-07-15,43,N2EXMIDP,0,0
2019-07-15,44,APXMIDP ,935.45,42.72
2019-07-15,44,N2EXMIDP,0,0
2019-07-15,45,APXMIDP ,931.9,42.17
2019-07-15,45,N2EXMIDP,0,0
2019-07-15,46,APXMIDP ,1267.85,40.85
2019-07-15,46,N2EXMIDP,0,0
2019-07-15,47,APXMIDP ,736.35,43.29
2019-07-15,47,N2EXMIDP,0,0
2019-07-15,48,APXMIDP ,384.95,44.6
2019-07-15,48,N2EXMIDP,0,0
2019-07-16,1,APXMIDP ,302.2,42.8
2019-07-16,1,N2EXMIDP,0,0
2019-07-16,2,APXMIDP ,304.9,40.61
2019-07-16,2,N2EXMIDP,0,0
2019-07-16,3,APXMIDP ,262.65,39.26
2019-07-16,3,N2EXMIDP,0,0
2019-07-16,4,APXMIDP ,270,37.84
2019-07-16,4,N2EXMIDP,0,0
2019-07-16,5,APXMIDP ,258.4,38.15
2019-07-16,5,N2EXMIDP,0,0
2019-07-16,6,APXMIDP ,321.7,38.93
2019-07-16,6,N2EXMIDP,0,0
2019-07-16,7,APXMIDP ,161.35,37.21
2019-07-16,7,N2EXMIDP,0,0
2019-07-16,8,APXMIDP ,146.35,37.25
2019-07-16,8,N2EXMIDP,0,0
2019-07-16,9,APXMIDP ,169.3,36.98
2019-07-16,9,N2EXMIDP,0,0
2019-07-16,10,APXMIDP ,220.5,36.21
2019-07-16,10,N2EXMIDP,0,0
2019-07-16,11,APXMIDP ,182.95,36.94
2019-07-16,11,N2EXMIDP,0,0
2019-07-16,12,APXMIDP ,272.7,37.96
2019-07-16,12,N2EXMIDP,0,0
2019-07-16,13,APXMIDP ,547.5,43.15
2019-07-16,13,N2EXMIDP,0,0
2019-07-16,14,APXMIDP ,1048.3,40.56
2019-07-16,14,N2EXMIDP,0,0
2019-07-16,15,APXMIDP ,607.75,42.9
2019-07-16,15,N2EXMIDP,0,0
2019-07-16,16,APXMIDP ,524.55,57.16
2019-07-16,16,N2EXMIDP,0,0
2019-07-16,17,APXMIDP ,717.7,57.38
2019-07-16,17,N2EXMIDP,0,0
2019-07-16,18,APXMIDP ,830.25,56.51
2019-07-16,18,N2EXMIDP,0,0
2019-07-16,19,APXMIDP ,863.3,51.09
2019-07-16,19,N2EXMIDP,0,0
2019-07-16,20,APXMIDP ,1045.85,42.1
2019-07-16,20,N2EXMIDP,0,0
2019-07-16,21,APXMIDP ,813.45,39.93
2019-07-16,21,N2EXMIDP,0,0
2019-07-16,22,APXMIDP ,928.9,39.6
2019-07-16,22,N2EXMIDP,0,0
2019-07-16,23,APXMIDP ,1273.4,37.69
2019-07-16,23,N2EXMIDP,0,0
2019-07-16,24,APXMIDP ,1171.5,37.67
2019-07-16,24,N2EXMIDP,0,0
2019-07-16,25,APXMIDP ,1189.85,38.89
2019-07-16,25,N2EXMIDP,0,0
2019-07-16,26,APXMIDP ,1468.3,40.22
2019-07-16,26,N2EXMIDP,0,0
2019-07-16,27,APXMIDP ,2026,38.83
2019-07-16,27,N2EXMIDP,0,0
2019-07-16,28,APXMIDP ,1709.8,37.79
2019-07-16,28,N2EXMIDP,0,0
2019-07-16,29,APXMIDP ,1906.55,38.33
2019-07-16,29,N2EXMIDP,0,0
2019-07-16,30,APXMIDP ,2059.35,38.27
2019-07-16,30,N2EXMIDP,0,0
2019-07-16,31,APXMIDP ,932.5,43.4
2019-07-16,31,N2EXMIDP,0,0
2019-07-16,32,APXMIDP ,847.4,44.42
2019-07-16,32,N2EXMIDP,0,0
2019-07-16,33,APXMIDP ,888.95,47.22
2019-07-16,33,N2EXMIDP,0,0
2019-07-16,34,APXMIDP ,1109.9,54.77
2019-07-16,34,N2EXMIDP,0,0
2019-07-16,35,APXMIDP ,728.2,55.32
2019-07-16,35,N2EXMIDP,0,0
2019-07-16,36,APXMIDP ,855,63.79
2019-07-16,36,N2EXMIDP,0,0
2019-07-16,37,APXMIDP ,934.2,66.64
2019-07-16,37,N2EXMIDP,0,0
2019-07-16,38,APXMIDP ,1123,63.48
2019-07-16,38,N2EXMIDP,0,0
2019-07-16,39,APXMIDP ,881.95,65.7
2019-07-16,39,N2EXMIDP,0,0
2019-07-16,40,APXMIDP ,837.1,65.17
2019-07-16,40,N2EXMIDP,0,0
2019-07-16,41,APXMIDP ,877.15,58.28
2019-07-16,41,N2EXMIDP,0,0
2019-07-16,42,APXMIDP ,974.55,54.13
2019-07-16,42,N2EXMIDP,0,0
2019-07-16,43,APXMIDP ,1086.05,56.38
2019-07-16,43,N2EXMIDP,0,0
2019-07-16,44,APXMIDP ,934.15,55.03
2019-07-16,44,N2EXMIDP,0,0
2019-07-16,45,APXMIDP ,1113.05,49.72
2019-07-16,45,N2EXMIDP,0,0
2019-07-16,46,APXMIDP ,1045,46.3
2019-07-16,46,N2EXMIDP,0,0
2019-07-16,47,APXMIDP ,628.25,44.04
2019-07-16,47,N2EXMIDP,0,0
2019-07-16,48,APXMIDP ,550.75,43.6
2019-07-16,48,N2EXMIDP,0,0
2019-07-17,1,APXMIDP ,277.75,40.6
2019-07-17,1,N2EXMIDP,0,0
2019-07-17,2,APXMIDP ,287.1,37.23
2019-07-17,2,N2EXMIDP,0,0
2019-07-17,3,APXMIDP ,279,36.55
2019-07-17,3,N2EXMIDP,0,0
2019-07-17,4,APXMIDP ,283.5,36.44
2019-07-17,4,N2EXMIDP,0,0
2019-07-17,5,APXMIDP ,272.15,36.38
2019-07-17,5,N2EXMIDP,0,0
2019-07-17,6,APXMIDP ,332.4,36.59
2019-07-17,6,N2EXMIDP,0,0
2019-07-17,7,APXMIDP ,482.3,36.63
2019-07-17,7,N2EXMIDP,0,0
2019-07-17,8,APXMIDP ,460,36.44
2019-07-17,8,N2EXMIDP,0,0
2019-07-17,9,APXMIDP ,439.2,36.43
2019-07-17,9,N2EXMIDP,0,0
2019-07-17,10,APXMIDP ,492.5,36.06
2019-07-17,10,N2EXMIDP,0,0
2019-07-17,11,APXMIDP ,336.1,41.11
2019-07-17,11,N2EXMIDP,0,0
2019-07-17,12,APXMIDP ,344.5,38.38
2019-07-17,12,N2EXMIDP,0,0
2019-07-17,13,APXMIDP ,481.95,42.29
2019-07-17,13,N2EXMIDP,0,0
2019-07-17,14,APXMIDP ,894.2,46.66
2019-07-17,14,N2EXMIDP,0,0
2019-07-17,15,APXMIDP ,625.2,42.48
2019-07-17,15,N2EXMIDP,0,0
2019-07-17,16,APXMIDP ,605.05,48.28
2019-07-17,16,N2EXMIDP,0,0
2019-07-17,17,APXMIDP ,752.3,50.77
2019-07-17,17,N2EXMIDP,0,0
2019-07-17,18,APXMIDP ,854.85,47.74
2019-07-17,18,N2EXMIDP,0,0
2019-07-17,19,APXMIDP ,1088.7,43.04
2019-07-17,19,N2EXMIDP,0,0
2019-07-17,20,APXMIDP ,1179.65,40.42
2019-07-17,20,N2EXMIDP,0,0
2019-07-17,21,APXMIDP ,1047.95,38.92
2019-07-17,21,N2EXMIDP,0,0
2019-07-17,22,APXMIDP ,946.45,37.69
2019-07-17,22,N2EXMIDP,0,0
2019-07-17,23,APXMIDP ,1547.55,35.63
2019-07-17,23,N2EXMIDP,0,0
2019-07-17,24,APXMIDP ,1600.55,28.73
2019-07-17,24,N2EXMIDP,0,0
2019-07-17,25,APXMIDP ,1597.85,31.93
2019-07-17,25,N2EXMIDP,0,0
2019-07-17,26,APXMIDP ,1854.45,33.92
2019-07-17,26,N2EXMIDP,0,0
2019-07-17,27,APXMIDP ,1958.9,35.39
2019-07-17,27,N2EXMIDP,0,0
2019-07-17,28,APXMIDP ,2116.85,35.35
2019-07-17,28,N2EXMIDP,0,0
2019-07-17,29,APXMIDP ,2311.6,36.32
2019-07-17,29,N2EXMIDP,0,0
2019-07-17,30,APXMIDP ,2181.9,36.13
2019-07-17,30,N2EXMIDP,0,0
2019-07-17,31,APXMIDP ,1375.95,38.77
2019-07-17,31,N2EXMIDP,0,0
2019-07-17,32,APXMIDP ,1162.5,40.17
2019-07-17,32,N2EXMIDP,0,0
2019-07-17,33,APXMIDP ,1234.35,38.7
2019-07-17,33,N2EXMIDP,0,0
2019-07-17,34,APXMIDP ,1093.95,39.67
2019-07-17,34,N2EXMIDP,0,0
2019-07-17,35,APXMIDP ,1333.6,40.91
2019-07-17,35,N2EXMIDP,0,0
2019-07-17,36,APXMIDP ,1378.55,41.75
2019-07-17,36,N2EXMIDP,0,0
2019-07-17,37,APXMIDP ,1307.2,43
2019-07-17,37,N2EXMIDP,0,0
2019-07-17,38,APXMIDP ,1109.65,42.72
2019-07-17,38,N2EXMIDP,0,0
2019-07-17,39,APXMIDP ,1093.55,41.22
2019-07-17,39,N2EXMIDP,0,0
2019-07-17,40,APXMIDP ,1098.5,39.93
2019-07-17,40,N2EXMIDP,0,0
2019-07-17,41,APXMIDP ,1202.45,40.92
2019-07-17,41,N2EXMIDP,0,0
2019-07-17,42,APXMIDP ,1011.4,40.7
2019-07-17,42,N2EXMIDP,0,0
2019-07-17,43,APXMIDP ,1211.55,40.97
2019-07-17,43,N2EXMIDP,0,0
2019-07-17,44,APXMIDP ,1111.65,40.78
2019-07-17,44,N2EXMIDP,0,0
2019-07-17,45,APXMIDP ,1297.1,42.34
2019-07-17,45,N2EXMIDP,0,0
2019-07-17,46,APXMIDP ,1267.1,40.75
2019-07-17,46,N2EXMIDP,0,0
2019-07-17,47,APXMIDP ,545.7,33.51
2019-07-17,47,N2EXMIDP,0,0
2019-07-17,48,APXMIDP ,505.35,32.14
2019-07-17,48,N2EXMIDP,0,0
2019-07-18,1,APXMIDP ,323.15,31.61
2019-07-18,1,N2EXMIDP,0,0
2019-07-18,2,APXMIDP ,495.45,27.96
2019-07-18,2,N2EXMIDP,0,0
2019-07-18,3,APXMIDP ,650.85,32.19
2019-07-18,3,N2EXMIDP,0,0
2019-07-18,4,APXMIDP ,579.3,32.51
2019-07-18,4,N2EXMIDP,0,0
2019-07-18,5,APXMIDP ,571.55,32.88
2019-07-18,5,N2EXMIDP,0,0
2019-07-18,6,APXMIDP ,636,33.09
2019-07-18,6,N2EXMIDP,0,0
2019-07-18,7,APXMIDP ,607.5,32.29
2019-07-18,7,N2EXMIDP,0,0
2019-07-18,8,APXMIDP ,597.6,32.45
2019-07-18,8,N2EXMIDP,0,0
2019-07-18,9,APXMIDP ,583.85,31.99
2019-07-18,9,N2EXMIDP,0,0
2019-07-18,10,APXMIDP ,552.8,31.89
2019-07-18,10,N2EXMIDP,0,0
2019-07-18,11,APXMIDP ,575.1,34.32
2019-07-18,11,N2EXMIDP,0,0
2019-07-18,12,APXMIDP ,509,35.31
2019-07-18,12,N2EXMIDP,0,0
2019-07-18,13,APXMIDP ,778.75,37.58
2019-07-18,13,N2EXMIDP,0,0
2019-07-18,14,APXMIDP ,966.4,39.42
2019-07-18,14,N2EXMIDP,0,0
2019-07-18,15,APXMIDP ,840.2,45.25
2019-07-18,15,N2EXMIDP,0,0
2019-07-18,16,APXMIDP ,865.1,51.37
2019-07-18,16,N2EXMIDP,0,0
2019-07-18,17,APXMIDP ,976.65,53.2
2019-07-18,17,N2EXMIDP,0,0
2019-07-18,18,APXMIDP ,913.15,53.65
2019-07-18,18,N2EXMIDP,0,0
2019-07-18,19,APXMIDP ,1099.4,51.11
2019-07-18,19,N2EXMIDP,0,0
2019-07-18,20,APXMIDP ,1157.2,49.41
2019-07-18,20,N2EXMIDP,0,0
2019-07-18,21,APXMIDP ,962.45,44.49
2019-07-18,21,N2EXMIDP,0,0
2019-07-18,22,APXMIDP ,1108.05,41.49
2019-07-18,22,N2EXMIDP,0,0
2019-07-18,23,APXMIDP ,948.6,36.14
2019-07-18,23,N2EXMIDP,0,0
2019-07-18,24,APXMIDP ,981.2,35.55
2019-07-18,24,N2EXMIDP,0,0
2019-07-18,25,APXMIDP ,1034.85,35.73
2019-07-18,25,N2EXMIDP,0,0
2019-07-18,26,APXMIDP ,1557.65,33.87
2019-07-18,26,N2EXMIDP,0,0
2019-07-18,27,APXMIDP ,1590.7,36.26
2019-07-18,27,N2EXMIDP,0,0
2019-07-18,28,APXMIDP ,1462.4,36.56
2019-07-18,28,N2EXMIDP,0,0
2019-07-18,29,APXMIDP ,1502.25,37.62
2019-07-18,29,N2EXMIDP,0,0
2019-07-18,30,APXMIDP ,1534.6,36.8
2019-07-18,30,N2EXMIDP,0,0
2019-07-18,31,APXMIDP ,969.55,39.13
2019-07-18,31,N2EXMIDP,0,0
2019-07-18,32,APXMIDP ,1007.3,38.79
2019-07-18,32,N2EXMIDP,0,0
2019-07-18,33,APXMIDP ,952.3,38.44
2019-07-18,33,N2EXMIDP,0,0
2019-07-18,34,APXMIDP ,1089,40.49
2019-07-18,34,N2EXMIDP,0,0
2019-07-18,35,APXMIDP ,1099.65,43.5
2019-07-18,35,N2EXMIDP,0,0
2019-07-18,36,APXMIDP ,991.45,43
2019-07-18,36,N2EXMIDP,0,0
2019-07-18,37,APXMIDP ,1079.9,40.98
2019-07-18,37,N2EXMIDP,0,0
2019-07-18,38,APXMIDP ,1157.45,41.77
2019-07-18,38,N2EXMIDP,0,0
2019-07-18,39,APXMIDP ,1093.85,40.43
2019-07-18,39,N2EXMIDP,0,0
2019-07-18,40,APXMIDP ,956.65,41.14
2019-07-18,40,N2EXMIDP,0,0
2019-07-18,41,APXMIDP ,1270.55,42.8
2019-07-18,41,N2EXMIDP,0,0
2019-07-18,42,APXMIDP ,931,43.37
2019-07-18,42,N2EXMIDP,0,0
2019-07-18,43,APXMIDP ,1028.35,44.39
2019-07-18,43,N2EXMIDP,0,0
2019-07-18,44,APXMIDP ,984.9,43.92
2019-07-18,44,N2EXMIDP,0,0
2019-07-18,45,APXMIDP ,968.95,44.91
2019-07-18,45,N2EXMIDP,0,0
2019-07-18,46,APXMIDP ,1102.45,43
2019-07-18,46,N2EXMIDP,0,0
2019-07-18,47,APXMIDP ,335.05,40.58
2019-07-18,47,N2EXMIDP,0,0
2019-07-18,48,APXMIDP ,407.3,42.02
2019-07-18,48,N2EXMIDP,0,0
2019-07-19,1,APXMIDP ,471,40.52
2019-07-19,1,N2EXMIDP,0,0
2019-07-19,2,APXMIDP ,301.55,38.64
2019-07-19,2,N2EXMIDP,0,0
2019-07-19,3,APXMIDP ,336.95,34.29
2019-07-19,3,N2EXMIDP,0,0
2019-07-19,4,APXMIDP ,287.45,33.55
2019-07-19,4,N2EXMIDP,0,0
2019-07-19,5,APXMIDP ,302.15,35.2
2019-07-19,5,N2EXMIDP,0,0
2019-07-19,6,APXMIDP ,357.5,34.94
2019-07-19,6,N2EXMIDP,0,0
2019-07-19,7,APXMIDP ,305,35.81
2019-07-19,7,N2EXMIDP,0,0
2019-07-19,8,APXMIDP ,236.5,34.8
2019-07-19,8,N2EXMIDP,0,0
2019-07-19,9,APXMIDP ,242.4,33.88
2019-07-19,9,N2EXMIDP,0,0
2019-07-19,10,APXMIDP ,328,33.33
2019-07-19,10,N2EXMIDP,0,0
2019-07-19,11,APXMIDP ,303.3,34.36
2019-07-19,11,N2EXMIDP,0,0
2019-07-19,12,APXMIDP ,329.9,35.97
2019-07-19,12,N2EXMIDP,0,0
2019-07-19,13,APXMIDP ,490.5,38.72
2019-07-19,13,N2EXMIDP,0,0
2019-07-19,14,APXMIDP ,712.25,37.51
2019-07-19,14,N2EXMIDP,0,0
2019-07-19,15,APXMIDP ,745.6,43.45
2019-07-19,15,N2EXMIDP,0,0
2019-07-19,16,APXMIDP ,537.5,47.98
2019-07-19,16,N2EXMIDP,0,0
2019-07-19,17,APXMIDP ,775.15,46.41
2019-07-19,17,N2EXMIDP,0,0
2019-07-19,18,APXMIDP ,802.25,47.64
2019-07-19,18,N2EXMIDP,0,0
2019-07-19,19,APXMIDP ,888.55,52.74
2019-07-19,19,N2EXMIDP,0,0
2019-07-19,20,APXMIDP ,1081.9,48.14
2019-07-19,20,N2EXMIDP,0,0
2019-07-19,21,APXMIDP ,791.2,47.08
2019-07-19,21,N2EXMIDP,0,0
2019-07-19,22,APXMIDP ,974.5,45
2019-07-19,22,N2EXMIDP,0,0
2019-07-19,23,APXMIDP ,1369.35,47.03
2019-07-19,23,N2EXMIDP,0,0
2019-07-19,24,APXMIDP ,1538.5,47.3
2019-07-19,24,N2EXMIDP,0,0
2019-07-19,25,APXMIDP ,1229.45,42.84
2019-07-19,25,N2EXMIDP,0,0
2019-07-19,26,APXMIDP ,1148.35,41.03
2019-07-19,26,N2EXMIDP,0,0
2019-07-19,27,APXMIDP ,1748.95,40.76
2019-07-19,27,N2EXMIDP,0,0
2019-07-19,28,APXMIDP ,1736.65,38.86
2019-07-19,28,N2EXMIDP,0,0
2019-07-19,29,APXMIDP ,2044.65,38.46
2019-07-19,29,N2EXMIDP,0,0
2019-07-19,30,APXMIDP ,1659.25,38.03
2019-07-19,30,N2EXMIDP,0,0
2019-07-19,31,APXMIDP ,1975.75,41.68
2019-07-19,31,N2EXMIDP,0,0
2019-07-19,32,APXMIDP ,1981.85,42.95
2019-07-19,32,N2EXMIDP,0,0
2019-07-19,33,APXMIDP ,1919.35,45.22
2019-07-19,33,N2EXMIDP,0,0
2019-07-19,34,APXMIDP ,2056.4,46.71
2019-07-19,34,N2EXMIDP,0,0
2019-07-19,35,APXMIDP ,1975.65,47.77
2019-07-19,35,N2EXMIDP,0,0
2019-07-19,36,APXMIDP ,2017,47.07
2019-07-19,36,N2EXMIDP,0,0
2019-07-19,37,APXMIDP ,1983.35,48.18
2019-07-19,37,N2EXMIDP,0,0
2019-07-19,38,APXMIDP ,2003.2,48.13
2019-07-19,38,N2EXMIDP,0,0
2019-07-19,39,APXMIDP ,1352.5,46.64
2019-07-19,39,N2EXMIDP,0,0
2019-07-19,40,APXMIDP ,1099.55,44.4
2019-07-19,40,N2EXMIDP,0,0
2019-07-19,41,APXMIDP ,1263.8,44.03
2019-07-19,41,N2EXMIDP,0,0
2019-07-19,42,APXMIDP ,1309.55,42.62
2019-07-19,42,N2EXMIDP,0,0
2019-07-19,43,APXMIDP ,1010.2,43.75
2019-07-19,43,N2EXMIDP,0,0
2019-07-19,44,APXMIDP ,1115.9,44.5
2019-07-19,44,N2EXMIDP,0,0
2019-07-19,45,APXMIDP ,1044.75,42.27
2019-07-19,45,N2EXMIDP,0,0
2019-07-19,46,APXMIDP ,1205.15,42.12
2019-07-19,46,N2EXMIDP,0,0
2019-07-19,47,APXMIDP ,485,36.45
2019-07-19,47,N2EXMIDP,0,0
2019-07-19,48,APXMIDP ,535.85,40.79
2019-07-19,48,N2EXMIDP,0,0
2019-07-20,1,APXMIDP ,330.15,35.13
2019-07-20,1,N2EXMIDP,0,0
2019-07-20,2,APXMIDP ,356.9,37.35
2019-07-20,2,N2EXMIDP,0,0
2019-07-20,3,APXMIDP ,408.3,34.94
2019-07-20,3,N2EXMIDP,0,0
2019-07-20,4,APXMIDP ,481.7,35.22
2019-07-20,4,N2EXMIDP,0,0
2019-07-20,5,APXMIDP ,356.4,35.27
2019-07-20,5,N2EXMIDP,0,0
2019-07-20,6,APXMIDP ,409.55,35.07
2019-07-20,6,N2EXMIDP,0,0
2019-07-20,7,APXMIDP ,317.75,36.01
2019-07-20,7,N2EXMIDP,0,0
2019-07-20,8,APXMIDP ,271.05,33.97
2019-07-20,8,N2EXMIDP,0,0
2019-07-20,9,APXMIDP ,259.35,34.24
2019-07-20,9,N2EXMIDP,0,0
2019-07-20,10,APXMIDP ,243.1,34.37
2019-07-20,10,N2EXMIDP,0,0
2019-07-20,11,APXMIDP ,266.35,36.81
2019-07-20,11,N2EXMIDP,0,0
2019-07-20,12,APXMIDP ,284.8,38.17
2019-07-20,12,N2EXMIDP,0,0
2019-07-20,13,APXMIDP ,413.5,36.43
2019-07-20,13,N2EXMIDP,0,0
2019-07-20,14,APXMIDP ,595.05,39.94
2019-07-20,14,N2EXMIDP,0,0
2019-07-20,15,APXMIDP ,756.95,37.74
2019-07-20,15,N2EXMIDP,0,0
2019-07-20,16,APXMIDP ,536.45,41.2
2019-07-20,16,N2EXMIDP,0,0
2019-07-20,17,APXMIDP ,627.4,41.72
2019-07-20,17,N2EXMIDP,0,0
2019-07-20,18,APXMIDP ,833.2,44.76
2019-07-20,18,N2EXMIDP,0,0
2019-07-20,19,APXMIDP ,951.35,46.36
2019-07-20,19,N2EXMIDP,0,0
2019-07-20,20,APXMIDP ,904.4,47.62
2019-07-20,20,N2EXMIDP,0,0
2019-07-20,21,APXMIDP ,1030.95,48.13
2019-07-20,21,N2EXMIDP,0,0
2019-07-20,22,APXMIDP ,1079.85,42.54
2019-07-20,22,N2EXMIDP,0,0
2019-07-20,23,APXMIDP ,795.25,32.92
2019-07-20,23,N2EXMIDP,0,0
2019-07-20,24,APXMIDP ,739.5,30.48
2019-07-20,24,N2EXMIDP,0,0
2019-07-20,25,APXMIDP ,911.05,29.62
2019-07-20,25,N2EXMIDP,0,0
2019-07-20,26,APXMIDP ,1269.2,29.93
2019-07-20,26,N2EXMIDP,0,0
2019-07-20,27,APXMIDP ,1529.8,29.17
2019-07-20,27,N2EXMIDP,0,0
2019-07-20,28,APXMIDP ,1722.7,31.01
2019-07-20,28,N2EXMIDP,0,0
2019-07-20,29,APXMIDP ,1790.55,29.45
2019-07-20,29,N2EXMIDP,0,0
2019-07-20,30,APXMIDP ,1969.5,28.84
2019-07-20,30,N2EXMIDP,0,0
2019-07-20,31,APXMIDP ,1585.8,24.98
2019-07-20,31,N2EXMIDP,0,0
2019-07-20,32,APXMIDP ,1636.15,25.93
2019-07-20,32,N2EXMIDP,0,0
2019-07-20,33,APXMIDP ,1634.45,27.33
2019-07-20,33,N2EXMIDP,0,0
2019-07-20,34,APXMIDP ,1784.3,29.36
2019-07-20,34,N2EXMIDP,0,0
2019-07-20,35,APXMIDP ,1455.75,30.93
2019-07-20,35,N2EXMIDP,0,0
2019-07-20,36,APXMIDP ,1194.15,30.6
2019-07-20,36,N2EXMIDP,0,0
2019-07-20,37,APXMIDP ,1365.85,30.68
2019-07-20,37,N2EXMIDP,0,0
2019-07-20,38,APXMIDP ,1219.2,31.35
2019-07-20,38,N2EXMIDP,0,0
2019-07-20,39,APXMIDP ,893.85,39.21
2019-07-20,39,N2EXMIDP,0,0
2019-07-20,40,APXMIDP ,881.8,39.46
2019-07-20,40,N2EXMIDP,0,0
2019-07-20,41,APXMIDP ,703.4,41.18
2019-07-20,41,N2EXMIDP,0,0
2019-07-20,42,APXMIDP ,871.45,43.11
2019-07-20,42,N2EXMIDP,0,0
2019-07-20,43,APXMIDP ,987.1,45.86
2019-07-20,43,N2EXMIDP,0,0
2019-07-20,44,APXMIDP ,889.9,45.59
2019-07-20,44,N2EXMIDP,0,0
2019-07-20,45,APXMIDP ,1025.7,45.84
2019-07-20,45,N2EXMIDP,0,0
2019-07-20,46,APXMIDP ,1078.1,40.71
2019-07-20,46,N2EXMIDP,0,0
2019-07-20,47,APXMIDP ,641.8,46.59
2019-07-20,47,N2EXMIDP,0,0
2019-07-20,48,APXMIDP ,652.35,47.61
2019-07-20,48,N2EXMIDP,0,0
2019-07-21,1,APXMIDP ,399.1,43.5
2019-07-21,1,N2EXMIDP,0,0
2019-07-21,2,APXMIDP ,322.85,37.16
2019-07-21,2,N2EXMIDP,0,0
2019-07-21,3,APXMIDP ,245.65,31.65
2019-07-21,3,N2EXMIDP,0,0
2019-07-21,4,APXMIDP ,238.15,34.91
2019-07-21,4,N2EXMIDP,0,0
2019-07-21,5,APXMIDP ,251.9,33.85
2019-07-21,5,N2EXMIDP,0,0
2019-07-21,6,APXMIDP ,258.9,32.99
2019-07-21,6,N2EXMIDP,0,0
2019-07-21,7,APXMIDP ,418.85,29.11
2019-07-21,7,N2EXMIDP,0,0
2019-07-21,8,APXMIDP ,404,28.99
2019-07-21,8,N2EXMIDP,0,0
2019-07-21,9,APXMIDP ,392,29.83
2019-07-21,9,N2EXMIDP,0,0
2019-07-21,10,APXMIDP ,452.6,28.78
2019-07-21,10,N2EXMIDP,0,0
2019-07-21,11,APXMIDP ,396.35,30.63
2019-07-21,11,N2EXMIDP,0,0
2019-07-21,12,APXMIDP ,454.85,31.56
2019-07-21,12,N2EXMIDP,0,0
2019-07-21,13,APXMIDP ,509.35,32.87
2019-07-21,13,N2EXMIDP,0,0
2019-07-21,14,APXMIDP ,472,32.47
2019-07-21,14,N2EXMIDP,0,0
2019-07-21,15,APXMIDP ,422.25,36.85
2019-07-21,15,N2EXMIDP,0,0
2019-07-21,16,APXMIDP ,283.25,39.14
2019-07-21,16,N2EXMIDP,0,0
2019-07-21,17,APXMIDP ,513.8,33.41
2019-07-21,17,N2EXMIDP,0,0
2019-07-21,18,APXMIDP ,379.25,43.75
2019-07-21,18,N2EXMIDP,0,0
2019-07-21,19,APXMIDP ,466.15,50.4
2019-07-21,19,N2EXMIDP,0,0
2019-07-21,20,APXMIDP ,541.6,50.96
2019-07-21,20,N2EXMIDP,0,0
2019-07-21,21,APXMIDP ,751.75,50
2019-07-21,21,N2EXMIDP,0,0
2019-07-21,22,APXMIDP ,699.85,50.21
2019-07-21,22,N2EXMIDP,0,0
2019-07-21,23,APXMIDP ,629.8,47.55
2019-07-21,23,N2EXMIDP,0,0
2019-07-21,24,APXMIDP ,735.3,48.53
2019-07-21,24,N2EXMIDP,0,0
2019-07-21,25,APXMIDP ,957.85,49.57
2019-07-21,25,N2EXMIDP,0,0
2019-07-21,26,APXMIDP ,1030.15,48.65
2019-07-21,26,N2EXMIDP,0,0
2019-07-21,27,APXMIDP ,1013,39.28
2019-07-21,27,N2EXMIDP,0,0
2019-07-21,28,APXMIDP ,1114.7,35.39
2019-07-21,28,N2EXMIDP,0,0
2019-07-21,29,APXMIDP ,1065.35,34.69
2019-07-21,29,N2EXMIDP,0,0
2019-07-21,30,APXMIDP ,1116.75,34.5
2019-07-21,30,N2EXMIDP,0,0
2019-07-21,31,APXMIDP ,828.65,32.45
2019-07-21,31,N2EXMIDP,0,0
2019-07-21,32,APXMIDP ,891.3,37.28
2019-07-21,32,N2EXMIDP,0,0
2019-07-21,33,APXMIDP ,837.45,35.55
2019-07-21,33,N2EXMIDP,0,0
2019-07-21,34,APXMIDP ,953.2,39
2019-07-21,34,N2EXMIDP,0,0
2019-07-21,35,APXMIDP ,909,41.96
2019-07-21,35,N2EXMIDP,0,0
2019-07-21,36,APXMIDP ,757,40.32
2019-07-21,36,N2EXMIDP,0,0
2019-07-21,37,APXMIDP ,873.4,41.8
2019-07-21,37,N2EXMIDP,0,0
2019-07-21,38,APXMIDP ,723.55,40.19
2019-07-21,38,N2EXMIDP,0,0
2019-07-21,39,APXMIDP ,571.55,41.49
2019-07-21,39,N2EXMIDP,0,0
2019-07-21,40,APXMIDP ,634.7,40.52
2019-07-21,40,N2EXMIDP,0,0
2019-07-21,41,APXMIDP ,738.95,39.62
2019-07-21,41,N2EXMIDP,0,0
2019-07-21,42,APXMIDP ,859.85,38.37
2019-07-21,42,N2EXMIDP,0,0
2019-07-21,43,APXMIDP ,944.9,41.66
2019-07-21,43,N2EXMIDP,0,0
2019-07-21,44,APXMIDP ,859.8,42.26
2019-07-21,44,N2EXMIDP,0,0
2019-07-21,45,APXMIDP ,849.75,43.87
2019-07-21,45,N2EXMIDP,0,0
2019-07-21,46,APXMIDP ,1201.45,35.06
2019-07-21,46,N2EXMIDP,0,0
2019-07-21,47,APXMIDP ,631.1,40.69
2019-07-21,47,N2EXMIDP,0,0
2019-07-21,48,APXMIDP ,411.75,37.8
2019-07-21,48,N2EXMIDP,0,0
2019-07-22,1,APXMIDP ,560.2,34.79
2019-07-22,1,N2EXMIDP,0,0
2019-07-22,2,APXMIDP ,674,24.5
2019-07-22,2,N2EXMIDP,0,0
2019-07-22,3,APXMIDP ,685.45,17.4
2019-07-22,3,N2EXMIDP,0,0
2019-07-22,4,APXMIDP ,896.6,15.99
2019-07-22,4,N2EXMIDP,0,0
2019-07-22,5,APXMIDP ,696.4,17.47
2019-07-22,5,N2EXMIDP,0,0
2019-07-22,6,APXMIDP ,581.9,18.88
2019-07-22,6,N2EXMIDP,0,0
2019-07-22,7,APXMIDP ,872.85,9.79
2019-07-22,7,N2EXMIDP,0,0
2019-07-22,8,APXMIDP ,870.25,10.32
2019-07-22,8,N2EXMIDP,0,0
2019-07-22,9,APXMIDP ,848.9,10.39
2019-07-22,9,N2EXMIDP,0,0
2019-07-22,10,APXMIDP ,869.9,11.03
2019-07-22,10,N2EXMIDP,0,0
2019-07-22,11,APXMIDP ,772.2,13.54
2019-07-22,11,N2EXMIDP,0,0
2019-07-22,12,APXMIDP ,774.95,20.11
2019-07-22,12,N2EXMIDP,0,0
2019-07-22,13,APXMIDP ,1020.65,27.42
2019-07-22,13,N2EXMIDP,0,0
2019-07-22,14,APXMIDP ,1251.25,31.9
2019-07-22,14,N2EXMIDP,0,0
2019-07-22,15,APXMIDP ,1350.2,46.02
2019-07-22,15,N2EXMIDP,0,0
2019-07-22,16,APXMIDP ,1498.1,49.22
2019-07-22,16,N2EXMIDP,0,0
2019-07-22,17,APXMIDP ,1473.45,45.07
2019-07-22,17,N2EXMIDP,0,0
2019-07-22,18,APXMIDP ,1220.65,46.11
2019-07-22,18,N2EXMIDP,0,0
2019-07-22,19,APXMIDP ,1527.9,44.41
2019-07-22,19,N2EXMIDP,0,0
2019-07-22,20,APXMIDP ,1551.45,44.17
2019-07-22,20,N2EXMIDP,0,0
2019-07-22,21,APXMIDP ,1468.8,44.22
2019-07-22,21,N2EXMIDP,0,0
2019-07-22,22,APXMIDP ,1658.65,43.36
2019-07-22,22,N2EXMIDP,0,0
2019-07-22,23,APXMIDP ,1319.95,38.03
2019-07-22,23,N2EXMIDP,0,0
2019-07-22,24,APXMIDP ,1227.4,37.35
2019-07-22,24,N2EXMIDP,0,0
2019-07-22,25,APXMIDP ,1540.6,39.8
2019-07-22,25,N2EXMIDP,0,0
2019-07-22,26,APXMIDP ,1354.2,38.35
2019-07-22,26,N2EXMIDP,0,0
2019-07-22,27,APXMIDP ,1277.3,38.81
2019-07-22,27,N2EXMIDP,0,0
2019-07-22,28,APXMIDP ,1332.55,38.88
2019-07-22,28,N2EXMIDP,0,0
2019-07-22,29,APXMIDP ,1310.9,39.29
2019-07-22,29,N2EXMIDP,0,0
2019-07-22,30,APXMIDP ,1645.4,37.64
2019-07-22,30,N2EXMIDP,0,0
2019-07-22,31,APXMIDP ,1598,39.45
2019-07-22,31,N2EXMIDP,0,0
2019-07-22,32,APXMIDP ,1550.4,39.68
2019-07-22,32,N2EXMIDP,0,0
2019-07-22,33,APXMIDP ,2069.5,42.34
2019-07-22,33,N2EXMIDP,0,0
2019-07-22,34,APXMIDP ,2006.8,43.01
2019-07-22,34,N2EXMIDP,0,0
2019-07-22,35,APXMIDP ,1817.7,42.02
2019-07-22,35,N2EXMIDP,0,0
2019-07-22,36,APXMIDP ,1792.95,42.74
2019-07-22,36,N2EXMIDP,0,0
2019-07-22,37,APXMIDP ,1895.5,41.62
2019-07-22,37,N2EXMIDP,0,0
2019-07-22,38,APXMIDP ,1578.5,43.47
2019-07-22,38,N2EXMIDP,0,0
2019-07-22,39,APXMIDP ,1328.75,44.8
2019-07-22,39,N2EXMIDP,0,0
2019-07-22,40,APXMIDP ,1285.15,45.54
2019-07-22,40,N2EXMIDP,0,0
2019-07-22,41,APXMIDP ,1154.25,44.76
2019-07-22,41,N2EXMIDP,0,0
2019-07-22,42,APXMIDP ,988.2,42.99
2019-07-22,42,N2EXMIDP,0,0
2019-07-22,43,APXMIDP ,1201.25,42.61
2019-07-22,43,N2EXMIDP,0,0
2019-07-22,44,APXMIDP ,980.15,42.79
2019-07-22,44,N2EXMIDP,0,0
2019-07-22,45,APXMIDP ,958.65,43.06
2019-07-22,45,N2EXMIDP,0,0
2019-07-22,46,APXMIDP ,1103.2,39.31
2019-07-22,46,N2EXMIDP,0,0
2019-07-22,47,APXMIDP ,546.65,28.74
2019-07-22,47,N2EXMIDP,0,0
2019-07-22,48,APXMIDP ,290.2,25.3
2019-07-22,48,N2EXMIDP,0,0
2019-07-23,1,APXMIDP ,564.8,32.61
2019-07-23,1,N2EXMIDP,0,0
2019-07-23,2,APXMIDP ,487.5,29.34
2019-07-23,2,N2EXMIDP,0,0
2019-07-23,3,APXMIDP ,559.5,32.89
2019-07-23,3,N2EXMIDP,0,0
2019-07-23,4,APXMIDP ,579.35,33.08
2019-07-23,4,N2EXMIDP,0,0
2019-07-23,5,APXMIDP ,548.15,32.53
2019-07-23,5,N2EXMIDP,0,0
2019-07-23,6,APXMIDP ,567.35,32.15
2019-07-23,6,N2EXMIDP,0,0
2019-07-23,7,APXMIDP ,557.4,33.64
2019-07-23,7,N2EXMIDP,0,0
2019-07-23,8,APXMIDP ,581.7,33.75
2019-07-23,8,N2EXMIDP,0,0
2019-07-23,9,APXMIDP ,593.1,33.67
2019-07-23,9,N2EXMIDP,0,0
2019-07-23,10,APXMIDP ,624.95,33.36
2019-07-23,10,N2EXMIDP,0,0
2019-07-23,11,APXMIDP ,681.15,35.44
2019-07-23,11,N2EXMIDP,0,0
2019-07-23,12,APXMIDP ,604.95,35.99
2019-07-23,12,N2EXMIDP,0,0
2019-07-23,13,APXMIDP ,899.75,39.75
2019-07-23,13,N2EXMIDP,0,0
2019-07-23,14,APXMIDP ,907.9,33.74
2019-07-23,14,N2EXMIDP,0,0
2019-07-23,15,APXMIDP ,652.2,38.52
2019-07-23,15,N2EXMIDP,0,0
2019-07-23,16,APXMIDP ,547.75,39.94
2019-07-23,16,N2EXMIDP,0,0
2019-07-23,17,APXMIDP ,646.25,35.91
2019-07-23,17,N2EXMIDP,0,0
2019-07-23,18,APXMIDP ,621.1,34.74
2019-07-23,18,N2EXMIDP,0,0
2019-07-23,19,APXMIDP ,1101.95,36.17
2019-07-23,19,N2EXMIDP,0,0
2019-07-23,20,APXMIDP ,1271.25,33.12
2019-07-23,20,N2EXMIDP,0,0
2019-07-23,21,APXMIDP ,1283.95,34.38
2019-07-23,21,N2EXMIDP,0,0
2019-07-23,22,APXMIDP ,1426.9,33.38
2019-07-23,22,N2EXMIDP,0,0
2019-07-23,23,APXMIDP ,1355.25,34.81
2019-07-23,23,N2EXMIDP,0,0
2019-07-23,24,APXMIDP ,1324.1,34.82
2019-07-23,24,N2EXMIDP,0,0
2019-07-23,25,APXMIDP ,1213.2,34.83
2019-07-23,25,N2EXMIDP,0,0
2019-07-23,26,APXMIDP ,1129.25,34.08
2019-07-23,26,N2EXMIDP,0,0
2019-07-23,27,APXMIDP ,1323.45,36.23
2019-07-23,27,N2EXMIDP,0,0
2019-07-23,28,APXMIDP ,1258.25,36.95
2019-07-23,28,N2EXMIDP,0,0
2019-07-23,29,APXMIDP ,1338.3,37.04
2019-07-23,29,N2EXMIDP,0,0
2019-07-23,30,APXMIDP ,2128.1,49.37
2019-07-23,30,N2EXMIDP,0,0
2019-07-23,31,APXMIDP ,2573.95,56.21
2019-07-23,31,N2EXMIDP,0,0
2019-07-23,32,APXMIDP ,2481.45,54.65
2019-07-23,32,N2EXMIDP,0,0
2019-07-23,33,APXMIDP ,2596.45,51.39
2019-07-23,33,N2EXMIDP,0,0
2019-07-23,34,APXMIDP ,2905.5,55.12
2019-07-23,34,N2EXMIDP,0,0
2019-07-23,35,APXMIDP ,2608.85,61.04
2019-07-23,35,N2EXMIDP,0,0
2019-07-23,36,APXMIDP ,2719.7,63.12
2019-07-23,36,N2EXMIDP,0,0
2019-07-23,37,APXMIDP ,2888.5,65.13
2019-07-23,37,N2EXMIDP,0,0
2019-07-23,38,APXMIDP ,2723.35,63.49
2019-07-23,38,N2EXMIDP,0,0
2019-07-23,39,APXMIDP ,1874,56.04
2019-07-23,39,N2EXMIDP,0,0
2019-07-23,40,APXMIDP ,1773.05,54.92
2019-07-23,40,N2EXMIDP,0,0
2019-07-23,41,APXMIDP ,1809.55,54.43
2019-07-23,41,N2EXMIDP,0,0
2019-07-23,42,APXMIDP ,1761.45,53.39
2019-07-23,42,N2EXMIDP,0,0
2019-07-23,43,APXMIDP ,1528.35,51.78
2019-07-23,43,N2EXMIDP,0,0
2019-07-23,44,APXMIDP ,1587.15,49.28
2019-07-23,44,N2EXMIDP,0,0
2019-07-23,45,APXMIDP ,1236,45.44
2019-07-23,45,N2EXMIDP,0,0
2019-07-23,46,APXMIDP ,1412.05,43.64
2019-07-23,46,N2EXMIDP,0,0
2019-07-23,47,APXMIDP ,676.4,41.78
2019-07-23,47,N2EXMIDP,0,0
2019-07-23,48,APXMIDP ,601.2,40.88
2019-07-23,48,N2EXMIDP,0,0
2019-07-24,1,APXMIDP ,376.35,42.04
2019-07-24,1,N2EXMIDP,0,0
2019-07-24,2,APXMIDP ,535.1,41.57
2019-07-24,2,N2EXMIDP,0,0
2019-07-24,3,APXMIDP ,478.05,40.82
2019-07-24,3,N2EXMIDP,0,0
2019-07-24,4,APXMIDP ,340.2,38.12
2019-07-24,4,N2EXMIDP,0,0
2019-07-24,5,APXMIDP ,491.05,36.76
2019-07-24,5,N2EXMIDP,0,0
2019-07-24,6,APXMIDP ,469.75,36.8
2019-07-24,6,N2EXMIDP,0,0
2019-07-24,7,APXMIDP ,632.05,32.92
2019-07-24,7,N2EXMIDP,0,0
2019-07-24,8,APXMIDP ,513.35,34.15
2019-07-24,8,N2EXMIDP,0,0
2019-07-24,9,APXMIDP ,720.55,34.69
2019-07-24,9,N2EXMIDP,0,0
2019-07-24,10,APXMIDP ,688.95,39.66
2019-07-24,10,N2EXMIDP,0,0
2019-07-24,11,APXMIDP ,714.1,47.73
2019-07-24,11,N2EXMIDP,0,0
2019-07-24,12,APXMIDP ,902.55,46.89
2019-07-24,12,N2EXMIDP,0,0
2019-07-24,13,APXMIDP ,1090.2,48.95
2019-07-24,13,N2EXMIDP,0,0
2019-07-24,14,APXMIDP ,1422.05,44.88
2019-07-24,14,N2EXMIDP,0,0
2019-07-24,15,APXMIDP ,1530.15,46.36
2019-07-24,15,N2EXMIDP,0,0
2019-07-24,16,APXMIDP ,1288.1,47.77
2019-07-24,16,N2EXMIDP,0,0
2019-07-24,17,APXMIDP ,1522.85,48.32
2019-07-24,17,N2EXMIDP,0,0
2019-07-24,18,APXMIDP ,1398.4,53.44
2019-07-24,18,N2EXMIDP,0,0
2019-07-24,19,APXMIDP ,1343.5,52.03
2019-07-24,19,N2EXMIDP,0,0
2019-07-24,20,APXMIDP ,1336.45,54.46
2019-07-24,20,N2EXMIDP,0,0
2019-07-24,21,APXMIDP ,1362.7,52.68
2019-07-24,21,N2EXMIDP,0,0
2019-07-24,22,APXMIDP ,1606.8,50.26
2019-07-24,22,N2EXMIDP,0,0
2019-07-24,23,APXMIDP ,1003.15,47.19
2019-07-24,23,N2EXMIDP,0,0
2019-07-24,24,APXMIDP ,1005,47.06
2019-07-24,24,N2EXMIDP,0,0
2019-07-24,25,APXMIDP ,1136.6,49.89
2019-07-24,25,N2EXMIDP,0,0
2019-07-24,26,APXMIDP ,1279.7,54.12
2019-07-24,26,N2EXMIDP,0,0
2019-07-24,27,APXMIDP ,1258.7,54.33
2019-07-24,27,N2EXMIDP,0,0
2019-07-24,28,APXMIDP ,1276.5,53.93
2019-07-24,28,N2EXMIDP,0,0
2019-07-24,29,APXMIDP ,1214.3,54.32
2019-07-24,29,N2EXMIDP,0,0
2019-07-24,30,APXMIDP ,1324.05,54.18
2019-07-24,30,N2EXMIDP,0,0
2019-07-24,31,APXMIDP ,1712.55,80.19
2019-07-24,31,N2EXMIDP,0,0
2019-07-24,32,APXMIDP ,1815.8,81.22
2019-07-24,32,N2EXMIDP,0,0
2019-07-24,33,APXMIDP ,2054.6,79.02
2019-07-24,33,N2EXMIDP,0,0
2019-07-24,34,APXMIDP ,2041.95,81.12
2019-07-24,34,N2EXMIDP,0,0
2019-07-24,35,APXMIDP ,2396.7,83.25
2019-07-24,35,N2EXMIDP,0,0
2019-07-24,36,APXMIDP ,2599.4,84.15
2019-07-24,36,N2EXMIDP,0,0
2019-07-24,37,APXMIDP ,2332,85.35
2019-07-24,37,N2EXMIDP,0,0
2019-07-24,38,APXMIDP ,2435.2,85.51
2019-07-24,38,N2EXMIDP,0,0
2019-07-24,39,APXMIDP ,1275.7,73.67
2019-07-24,39,N2EXMIDP,0,0
2019-07-24,40,APXMIDP ,1406,74.46
2019-07-24,40,N2EXMIDP,0,0
2019-07-24,41,APXMIDP ,1273.65,71.1
2019-07-24,41,N2EXMIDP,0,0
2019-07-24,42,APXMIDP ,1454.4,68.78
2019-07-24,42,N2EXMIDP,0,0
2019-07-24,43,APXMIDP ,1022.6,61.63
2019-07-24,43,N2EXMIDP,0,0
2019-07-24,44,APXMIDP ,962.9,62.91
2019-07-24,44,N2EXMIDP,0,0
2019-07-24,45,APXMIDP ,1334.25,62.57
2019-07-24,45,N2EXMIDP,0,0
2019-07-24,46,APXMIDP ,1778.1,62.59
2019-07-24,46,N2EXMIDP,0,0
2019-07-24,47,APXMIDP ,661.8,49.02
2019-07-24,47,N2EXMIDP,0,0
2019-07-24,48,APXMIDP ,713.5,46.52
2019-07-24,48,N2EXMIDP,0,0
2019-07-25,1,APXMIDP ,574.5,45.84
2019-07-25,1,N2EXMIDP,0,0
2019-07-25,2,APXMIDP ,553.15,43.82
2019-07-25,2,N2EXMIDP,0,0
2019-07-25,3,APXMIDP ,360.7,35.54
2019-07-25,3,N2EXMIDP,0,0
2019-07-25,4,APXMIDP ,447.85,34.61
2019-07-25,4,N2EXMIDP,0,0
2019-07-25,5,APXMIDP ,641.6,35.22
2019-07-25,5,N2EXMIDP,0,0
2019-07-25,6,APXMIDP ,567.35,33.95
2019-07-25,6,N2EXMIDP,0,0
2019-07-25,7,APXMIDP ,613.5,33.31
2019-07-25,7,N2EXMIDP,0,0
2019-07-25,8,APXMIDP ,623.05,33.13
2019-07-25,8,N2EXMIDP,0,0
2019-07-25,9,APXMIDP ,668.95,34.28
2019-07-25,9,N2EXMIDP,0,0
2019-07-25,10,APXMIDP ,730.4,33.53
2019-07-25,10,N2EXMIDP,0,0
2019-07-25,11,APXMIDP ,1063.05,35.06
2019-07-25,11,N2EXMIDP,0,0
2019-07-25,12,APXMIDP ,985.05,34.65
2019-07-25,12,N2EXMIDP,0,0
2019-07-25,13,APXMIDP ,1060.55,31.2
2019-07-25,13,N2EXMIDP,0,0
2019-07-25,14,APXMIDP ,1209.25,32.35
2019-07-25,14,N2EXMIDP,0,0
2019-07-25,15,APXMIDP ,623.1,37.24
2019-07-25,15,N2EXMIDP,0,0
2019-07-25,16,APXMIDP ,738.95,37.05
2019-07-25,16,N2EXMIDP,0,0
2019-07-25,17,APXMIDP ,710.25,38.28
2019-07-25,17,N2EXMIDP,0,0
2019-07-25,18,APXMIDP ,1257.15,35.34
2019-07-25,18,N2EXMIDP,0,0
2019-07-25,19,APXMIDP ,1394.4,38.12
2019-07-25,19,N2EXMIDP,0,0
2019-07-25,20,APXMIDP ,1364.85,41.72
2019-07-25,20,N2EXMIDP,0,0
2019-07-25,21,APXMIDP ,1435,43.24
2019-07-25,21,N2EXMIDP,0,0
2019-07-25,22,APXMIDP ,1328.6,41.55
2019-07-25,22,N2EXMIDP,0,0
2019-07-25,23,APXMIDP ,1414.5,41.66
2019-07-25,23,N2EXMIDP,0,0
2019-07-25,24,APXMIDP ,1474.2,42.47
2019-07-25,24,N2EXMIDP,0,0
2019-07-25,25,APXMIDP ,1565.65,42.17
2019-07-25,25,N2EXMIDP,0,0
2019-07-25,26,APXMIDP ,1565.25,41.69
2019-07-25,26,N2EXMIDP,0,0
2019-07-25,27,APXMIDP ,1482.75,42.52
2019-07-25,27,N2EXMIDP,0,0
2019-07-25,28,APXMIDP ,1425.25,42.45
2019-07-25,28,N2EXMIDP,0,0
2019-07-25,29,APXMIDP ,1401.85,43.75
2019-07-25,29,N2EXMIDP,0,0
2019-07-25,30,APXMIDP ,1450.85,44
2019-07-25,30,N2EXMIDP,0,0
2019-07-25,31,APXMIDP ,1150.1,58.87
2019-07-25,31,N2EXMIDP,0,0
2019-07-25,32,APXMIDP ,1358.95,61.38
2019-07-25,32,N2EXMIDP,0,0
2019-07-25,33,APXMIDP ,1274.05,64.17
2019-07-25,33,N2EXMIDP,0,0
2019-07-25,34,APXMIDP ,1490.4,69.61
2019-07-25,34,N2EXMIDP,0,0
2019-07-25,35,APXMIDP ,1771.75,77.35
2019-07-25,35,N2EXMIDP,0,0
2019-07-25,36,APXMIDP ,1619.8,79.31
2019-07-25,36,N2EXMIDP,0,0
2019-07-25,37,APXMIDP ,1588.35,82.64
2019-07-25,37,N2EXMIDP,0,0
2019-07-25,38,APXMIDP ,1844.75,85.79
2019-07-25,38,N2EXMIDP,0,0
2019-07-25,39,APXMIDP ,1674.45,79.63
2019-07-25,39,N2EXMIDP,0,0
2019-07-25,40,APXMIDP ,1591.25,78.35
2019-07-25,40,N2EXMIDP,0,0
2019-07-25,41,APXMIDP ,1378.7,72.85
2019-07-25,41,N2EXMIDP,0,0
2019-07-25,42,APXMIDP ,1679.2,64.58
2019-07-25,42,N2EXMIDP,0,0
2019-07-25,43,APXMIDP ,1445.75,54.88
2019-07-25,43,N2EXMIDP,0,0
2019-07-25,44,APXMIDP ,1715.6,55.29
2019-07-25,44,N2EXMIDP,0,0
2019-07-25,45,APXMIDP ,1565.95,57.63
2019-07-25,45,N2EXMIDP,0,0
2019-07-25,46,APXMIDP ,1883.15,50.59
2019-07-25,46,N2EXMIDP,0,0
2019-07-25,47,APXMIDP ,774.7,47.32
2019-07-25,47,N2EXMIDP,0,0
2019-07-25,48,APXMIDP ,432.4,42.97
2019-07-25,48,N2EXMIDP,0,0
2019-07-26,1,APXMIDP ,349.15,38.69
2019-07-26,1,N2EXMIDP,0,0
2019-07-26,2,APXMIDP ,542.95,37.64
2019-07-26,2,N2EXMIDP,0,0
2019-07-26,3,APXMIDP ,560.05,34.64
2019-07-26,3,N2EXMIDP,0,0
2019-07-26,4,APXMIDP ,662.15,36.76
2019-07-26,4,N2EXMIDP,0,0
2019-07-26,5,APXMIDP ,649.85,35.03
2019-07-26,5,N2EXMIDP,0,0
2019-07-26,6,APXMIDP ,712.55,31.13
2019-07-26,6,N2EXMIDP,0,0
2019-07-26,7,APXMIDP ,611.6,35.76
2019-07-26,7,N2EXMIDP,0,0
2019-07-26,8,APXMIDP ,807.5,34.12
2019-07-26,8,N2EXMIDP,0,0
2019-07-26,9,APXMIDP ,1232,35.43
2019-07-26,9,N2EXMIDP,0,0
2019-07-26,10,APXMIDP ,1001.05,34.81
2019-07-26,10,N2EXMIDP,0,0
2019-07-26,11,APXMIDP ,574.15,36.64
2019-07-26,11,N2EXMIDP,0,0
2019-07-26,12,APXMIDP ,597.5,34.29
2019-07-26,12,N2EXMIDP,0,0
2019-07-26,13,APXMIDP ,802.7,37.09
2019-07-26,13,N2EXMIDP,0,0
2019-07-26,14,APXMIDP ,1012.4,36.29
2019-07-26,14,N2EXMIDP,0,0
2019-07-26,15,APXMIDP ,539.7,44.43
2019-07-26,15,N2EXMIDP,0,0
2019-07-26,16,APXMIDP ,524.65,49.1
2019-07-26,16,N2EXMIDP,0,0
2019-07-26,17,APXMIDP ,614.25,52.03
2019-07-26,17,N2EXMIDP,0,0
2019-07-26,18,APXMIDP ,611.35,60.13
2019-07-26,18,N2EXMIDP,0,0
2019-07-26,19,APXMIDP ,909.55,58.34
2019-07-26,19,N2EXMIDP,0,0
2019-07-26,20,APXMIDP ,1150.1,62.06
2019-07-26,20,N2EXMIDP,0,0
2019-07-26,21,APXMIDP ,1489.05,65.77
2019-07-26,21,N2EXMIDP,0,0
2019-07-26,22,APXMIDP ,1678.6,64.96
2019-07-26,22,N2EXMIDP,0,0
2019-07-26,23,APXMIDP ,1956.15,62.81
2019-07-26,23,N2EXMIDP,0,0
2019-07-26,24,APXMIDP ,2197.9,63.25
2019-07-26,24,N2EXMIDP,0,0
2019-07-26,25,APXMIDP ,2096.1,59.49
2019-07-26,25,N2EXMIDP,0,0
2019-07-26,26,APXMIDP ,2038.85,57.66
2019-07-26,26,N2EXMIDP,0,0
2019-07-26,27,APXMIDP ,2166.8,52.38
2019-07-26,27,N2EXMIDP,0,0
2019-07-26,28,APXMIDP ,2436.2,51.28
2019-07-26,28,N2EXMIDP,0,0
2019-07-26,29,APXMIDP ,2397.45,50.98
2019-07-26,29,N2EXMIDP,0,0
2019-07-26,30,APXMIDP ,2166,51.08
2019-07-26,30,N2EXMIDP,0,0
2019-07-26,31,APXMIDP ,2059.45,46.26
2019-07-26,31,N2EXMIDP,0,0
2019-07-26,32,APXMIDP ,2124.7,45.24
2019-07-26,32,N2EXMIDP,0,0
2019-07-26,33,APXMIDP ,2068.45,43.64
2019-07-26,33,N2EXMIDP,0,0
2019-07-26,34,APXMIDP ,2015.45,45.37
2019-07-26,34,N2EXMIDP,0,0
2019-07-26,35,APXMIDP ,2253.4,46.76
2019-07-26,35,N2EXMIDP,0,0
2019-07-26,36,APXMIDP ,2527.15,47.44
2019-07-26,36,N2EXMIDP,0,0
2019-07-26,37,APXMIDP ,2231.85,48.76
2019-07-26,37,N2EXMIDP,0,0
2019-07-26,38,APXMIDP ,2222.55,45.88
2019-07-26,38,N2EXMIDP,0,0
2019-07-26,39,APXMIDP ,1727.5,47.63
2019-07-26,39,N2EXMIDP,0,0
2019-07-26,40,APXMIDP ,1792.5,46.46
2019-07-26,40,N2EXMIDP,0,0
2019-07-26,41,APXMIDP ,1369.8,42.95
2019-07-26,41,N2EXMIDP,0,0
2019-07-26,42,APXMIDP ,1294.75,43.74
2019-07-26,42,N2EXMIDP,0,0
2019-07-26,43,APXMIDP ,1343.25,45.34
2019-07-26,43,N2EXMIDP,0,0
2019-07-26,44,APXMIDP ,1298.75,44.45
2019-07-26,44,N2EXMIDP,0,0
2019-07-26,45,APXMIDP ,1235.2,44.77
2019-07-26,45,N2EXMIDP,0,0
2019-07-26,46,APXMIDP ,1162.6,42.06
2019-07-26,46,N2EXMIDP,0,0
2019-07-26,47,APXMIDP ,682.75,33.62
2019-07-26,47,N2EXMIDP,0,0
2019-07-26,48,APXMIDP ,300.55,35.26
2019-07-26,48,N2EXMIDP,0,0
2019-07-27,1,APXMIDP ,243.8,35.29
2019-07-27,1,N2EXMIDP,0,0
2019-07-27,2,APXMIDP ,263.65,34.24
2019-07-27,2,N2EXMIDP,0,0
2019-07-27,3,APXMIDP ,353.65,33.35
2019-07-27,3,N2EXMIDP,0,0
2019-07-27,4,APXMIDP ,354.45,33.37
2019-07-27,4,N2EXMIDP,0,0
2019-07-27,5,APXMIDP ,406,30.65
2019-07-27,5,N2EXMIDP,0,0
2019-07-27,6,APXMIDP ,364.3,33.07
2019-07-27,6,N2EXMIDP,0,0
2019-07-27,7,APXMIDP ,191.95,35.7
2019-07-27,7,N2EXMIDP,0,0
2019-07-27,8,APXMIDP ,263.9,37.89
2019-07-27,8,N2EXMIDP,0,0
2019-07-27,9,APXMIDP ,312.45,38.32
2019-07-27,9,N2EXMIDP,0,0
2019-07-27,10,APXMIDP ,215.95,35.51
2019-07-27,10,N2EXMIDP,0,0
2019-07-27,11,APXMIDP ,216.9,34.14
2019-07-27,11,N2EXMIDP,0,0
2019-07-27,12,APXMIDP ,264.75,31.78
2019-07-27,12,N2EXMIDP,0,0
2019-07-27,13,APXMIDP ,514.95,31.79
2019-07-27,13,N2EXMIDP,0,0
2019-07-27,14,APXMIDP ,413.25,31.08
2019-07-27,14,N2EXMIDP,0,0
2019-07-27,15,APXMIDP ,314.65,24.25
2019-07-27,15,N2EXMIDP,0,0
2019-07-27,16,APXMIDP ,311.4,32.79
2019-07-27,16,N2EXMIDP,0,0
2019-07-27,17,APXMIDP ,766.25,31.32
2019-07-27,17,N2EXMIDP,0,0
2019-07-27,18,APXMIDP ,836.2,38.96
2019-07-27,18,N2EXMIDP,0,0
2019-07-27,19,APXMIDP ,1154.05,47.04
2019-07-27,19,N2EXMIDP,0,0
2019-07-27,20,APXMIDP ,1275.25,47.48
2019-07-27,20,N2EXMIDP,0,0
2019-07-27,21,APXMIDP ,1158.05,45.46
2019-07-27,21,N2EXMIDP,0,0
2019-07-27,22,APXMIDP ,1326.5,43.71
2019-07-27,22,N2EXMIDP,0,0
2019-07-27,23,APXMIDP ,1199.85,41.67
2019-07-27,23,N2EXMIDP,0,0
2019-07-27,24,APXMIDP ,1223.3,41.84
2019-07-27,24,N2EXMIDP,0,0
2019-07-27,25,APXMIDP ,1099.45,42.45
2019-07-27,25,N2EXMIDP,0,0
2019-07-27,26,APXMIDP ,1100.1,42.17
2019-07-27,26,N2EXMIDP,0,0
2019-07-27,27,APXMIDP ,1065.45,41.46
2019-07-27,27,N2EXMIDP,0,0
2019-07-27,28,APXMIDP ,1067.7,42.25
2019-07-27,28,N2EXMIDP,0,0
2019-07-27,29,APXMIDP ,1171.25,43.27
2019-07-27,29,N2EXMIDP,0,0
2019-07-27,30,APXMIDP ,1572.35,42.45
2019-07-27,30,N2EXMIDP,0,0
2019-07-27,31,APXMIDP ,1072.05,40.11
2019-07-27,31,N2EXMIDP,0,0
2019-07-27,32,APXMIDP ,1030.8,40.21
2019-07-27,32,N2EXMIDP,0,0
2019-07-27,33,APXMIDP ,1143,38.45
2019-07-27,33,N2EXMIDP,0,0
2019-07-27,34,APXMIDP ,885.3,39.4
2019-07-27,34,N2EXMIDP,0,0
2019-07-27,35,APXMIDP ,1235.7,41.59
2019-07-27,35,N2EXMIDP,0,0
2019-07-27,36,APXMIDP ,1262.3,43.11
2019-07-27,36,N2EXMIDP,0,0
2019-07-27,37,APXMIDP ,1341.9,43.45
2019-07-27,37,N2EXMIDP,0,0
2019-07-27,38,APXMIDP ,1392,43.04
2019-07-27,38,N2EXMIDP,0,0
2019-07-27,39,APXMIDP ,1044.4,43.83
2019-07-27,39,N2EXMIDP,0,0
2019-07-27,40,APXMIDP ,811.25,39.36
2019-07-27,40,N2EXMIDP,0,0
2019-07-27,41,APXMIDP ,878.8,39.82
2019-07-27,41,N2EXMIDP,0,0
2019-07-27,42,APXMIDP ,764.6,39.78
2019-07-27,42,N2EXMIDP,0,0
2019-07-27,43,APXMIDP ,1219.85,42.91
2019-07-27,43,N2EXMIDP,0,0
2019-07-27,44,APXMIDP ,1322.9,44.31
2019-07-27,44,N2EXMIDP,0,0
2019-07-27,45,APXMIDP ,1589.2,44.27
2019-07-27,45,N2EXMIDP,0,0
2019-07-27,46,APXMIDP ,1618.65,43.15
2019-07-27,46,N2EXMIDP,0,0
2019-07-27,47,APXMIDP ,1227.4,46.78
2019-07-27,47,N2EXMIDP,0,0
2019-07-27,48,APXMIDP ,961,46.8
2019-07-27,48,N2EXMIDP,0,0
2019-07-28,1,APXMIDP ,579.55,46.19
2019-07-28,1,N2EXMIDP,0,0
2019-07-28,2,APXMIDP ,430.8,45.74
2019-07-28,2,N2EXMIDP,0,0
2019-07-28,3,APXMIDP ,407.1,42.39
2019-07-28,3,N2EXMIDP,0,0
2019-07-28,4,APXMIDP ,479.1,43.52
2019-07-28,4,N2EXMIDP,0,0
2019-07-28,5,APXMIDP ,408.25,40.18
2019-07-28,5,N2EXMIDP,0,0
2019-07-28,6,APXMIDP ,410.65,33.8
2019-07-28,6,N2EXMIDP,0,0
2019-07-28,7,APXMIDP ,343.85,28.68
2019-07-28,7,N2EXMIDP,0,0
2019-07-28,8,APXMIDP ,369.2,27.76
2019-07-28,8,N2EXMIDP,0,0
2019-07-28,9,APXMIDP ,326.2,29.02
2019-07-28,9,N2EXMIDP,0,0
2019-07-28,10,APXMIDP ,426.7,28.75
2019-07-28,10,N2EXMIDP,0,0
2019-07-28,11,APXMIDP ,373.35,29.75
2019-07-28,11,N2EXMIDP,0,0
2019-07-28,12,APXMIDP ,377.85,29.95
2019-07-28,12,N2EXMIDP,0,0
2019-07-28,13,APXMIDP ,385.05,33.91
2019-07-28,13,N2EXMIDP,0,0
2019-07-28,14,APXMIDP ,326.6,34.4
2019-07-28,14,N2EXMIDP,0,0
2019-07-28,15,APXMIDP ,514.25,35.62
2019-07-28,15,N2EXMIDP,0,0
2019-07-28,16,APXMIDP ,422.65,40.37
2019-07-28,16,N2EXMIDP,0,0
2019-07-28,17,APXMIDP ,626.75,36.44
2019-07-28,17,N2EXMIDP,0,0
2019-07-28,18,APXMIDP ,622.9,43.05
2019-07-28,18,N2EXMIDP,0,0
2019-07-28,19,APXMIDP ,814.4,43.54
2019-07-28,19,N2EXMIDP,0,0
2019-07-28,20,APXMIDP ,746.5,43.64
2019-07-28,20,N2EXMIDP,0,0
2019-07-28,21,APXMIDP ,663.1,43.95
2019-07-28,21,N2EXMIDP,0,0
2019-07-28,22,APXMIDP ,772.3,40.9
2019-07-28,22,N2EXMIDP,0,0
2019-07-28,23,APXMIDP ,637.5,39.07
2019-07-28,23,N2EXMIDP,0,0
2019-07-28,24,APXMIDP ,652.2,38.13
2019-07-28,24,N2EXMIDP,0,0
2019-07-28,25,APXMIDP ,727.15,38.19
2019-07-28,25,N2EXMIDP,0,0
2019-07-28,26,APXMIDP ,974.45,39.26
2019-07-28,26,N2EXMIDP,0,0
2019-07-28,27,APXMIDP ,892.6,37.99
2019-07-28,27,N2EXMIDP,0,0
2019-07-28,28,APXMIDP ,1024.75,37.58
2019-07-28,28,N2EXMIDP,0,0
2019-07-28,29,APXMIDP ,1070.5,35.63
2019-07-28,29,N2EXMIDP,0,0
2019-07-28,30,APXMIDP ,1032.9,34.81
2019-07-28,30,N2EXMIDP,0,0
2019-07-28,31,APXMIDP ,562.35,33.34
2019-07-28,31,N2EXMIDP,0,0
2019-07-28,32,APXMIDP ,579.85,37.74
2019-07-28,32,N2EXMIDP,0,0
2019-07-28,33,APXMIDP ,485.45,40.47
2019-07-28,33,N2EXMIDP,0,0
2019-07-28,34,APXMIDP ,651.35,41.59
2019-07-28,34,N2EXMIDP,0,0
2019-07-28,35,APXMIDP ,1098.85,42.32
2019-07-28,35,N2EXMIDP,0,0
2019-07-28,36,APXMIDP ,831.05,44.52
2019-07-28,36,N2EXMIDP,0,0
2019-07-28,37,APXMIDP ,623.45,46.44
2019-07-28,37,N2EXMIDP,0,0
2019-07-28,38,APXMIDP ,756.8,46.61
2019-07-28,38,N2EXMIDP,0,0
2019-07-28,39,APXMIDP ,955.55,47.79
2019-07-28,39,N2EXMIDP,0,0
2019-07-28,40,APXMIDP ,1023.45,47.81
2019-07-28,40,N2EXMIDP,0,0
2019-07-28,41,APXMIDP ,1021.55,47.28
2019-07-28,41,N2EXMIDP,0,0
2019-07-28,42,APXMIDP ,957.4,47.43
2019-07-28,42,N2EXMIDP,0,0
2019-07-28,43,APXMIDP ,889.05,47.18
2019-07-28,43,N2EXMIDP,0,0
2019-07-28,44,APXMIDP ,944.55,46.8
2019-07-28,44,N2EXMIDP,0,0
2019-07-28,45,APXMIDP ,1188.45,44.26
2019-07-28,45,N2EXMIDP,0,0
2019-07-28,46,APXMIDP ,1333.4,41.95
2019-07-28,46,N2EXMIDP,0,0
2019-07-28,47,APXMIDP ,833,34.81
2019-07-28,47,N2EXMIDP,0,0
2019-07-28,48,APXMIDP ,527.55,34.72
2019-07-28,48,N2EXMIDP,0,0
2019-07-29,1,APXMIDP ,538.75,34.46
2019-07-29,1,N2EXMIDP,0,0
2019-07-29,2,APXMIDP ,333.25,33.46
2019-07-29,2,N2EXMIDP,0,0
2019-07-29,3,APXMIDP ,555.25,32.61
2019-07-29,3,N2EXMIDP,0,0
2019-07-29,4,APXMIDP ,567.05,32.26
2019-07-29,4,N2EXMIDP,0,0
2019-07-29,5,APXMIDP ,647.1,32.05
2019-07-29,5,N2EXMIDP,0,0
2019-07-29,6,APXMIDP ,719.9,32.73
2019-07-29,6,N2EXMIDP,0,0
2019-07-29,7,APXMIDP ,484.75,32.15
2019-07-29,7,N2EXMIDP,0,0
2019-07-29,8,APXMIDP ,492.75,31.88
2019-07-29,8,N2EXMIDP,0,0
2019-07-29,9,APXMIDP ,545.5,32.11
2019-07-29,9,N2EXMIDP,0,0
2019-07-29,10,APXMIDP ,621.75,31.14
2019-07-29,10,N2EXMIDP,0,0
2019-07-29,11,APXMIDP ,684.75,33.31
2019-07-29,11,N2EXMIDP,0,0
2019-07-29,12,APXMIDP ,609.55,33.1
2019-07-29,12,N2EXMIDP,0,0
2019-07-29,13,APXMIDP ,945.25,33.9
2019-07-29,13,N2EXMIDP,0,0
2019-07-29,14,APXMIDP ,1143.45,32.68
2019-07-29,14,N2EXMIDP,0,0
2019-07-29,15,APXMIDP ,877.8,28.02
2019-07-29,15,N2EXMIDP,0,0
2019-07-29,16,APXMIDP ,807.65,30.07
2019-07-29,16,N2EXMIDP,0,0
2019-07-29,17,APXMIDP ,1010.3,31.34
2019-07-29,17,N2EXMIDP,0,0
2019-07-29,18,APXMIDP ,827.65,31.06
2019-07-29,18,N2EXMIDP,0,0
2019-07-29,19,APXMIDP ,1117.25,31.71
2019-07-29,19,N2EXMIDP,0,0
2019-07-29,20,APXMIDP ,1177.1,31.97
2019-07-29,20,N2EXMIDP,0,0
2019-07-29,21,APXMIDP ,1395.35,36.4
2019-07-29,21,N2EXMIDP,0,0
2019-07-29,22,APXMIDP ,1208.6,33.84
2019-07-29,22,N2EXMIDP,0,0
2019-07-29,23,APXMIDP ,1547,32.97
2019-07-29,23,N2EXMIDP,0,0
2019-07-29,24,APXMIDP ,1265.7,33.32
2019-07-29,24,N2EXMIDP,0,0
2019-07-29,25,APXMIDP ,1350.7,33.06
2019-07-29,25,N2EXMIDP,0,0
2019-07-29,26,APXMIDP ,1532.45,33.51
2019-07-29,26,N2EXMIDP,0,0
2019-07-29,27,APXMIDP ,1558.9,34.48
2019-07-29,27,N2EXMIDP,0,0
2019-07-29,28,APXMIDP ,1577.2,35.82
2019-07-29,28,N2EXMIDP,0,0
2019-07-29,29,APXMIDP ,1759.35,36.95
2019-07-29,29,N2EXMIDP,0,0
2019-07-29,30,APXMIDP ,1613.3,35.4
2019-07-29,30,N2EXMIDP,0,0
2019-07-29,31,APXMIDP ,1340.2,40.23
2019-07-29,31,N2EXMIDP,0,0
2019-07-29,32,APXMIDP ,1282.95,40.5
2019-07-29,32,N2EXMIDP,0,0
2019-07-29,33,APXMIDP ,1311.2,42.3
2019-07-29,33,N2EXMIDP,0,0
2019-07-29,34,APXMIDP ,1357.2,43.49
2019-07-29,34,N2EXMIDP,0,0
2019-07-29,35,APXMIDP ,1457.2,48.31
2019-07-29,35,N2EXMIDP,0,0
2019-07-29,36,APXMIDP ,1507.25,49.1
2019-07-29,36,N2EXMIDP,0,0
2019-07-29,37,APXMIDP ,1324.2,50.42
2019-07-29,37,N2EXMIDP,0,0
2019-07-29,38,APXMIDP ,1281.75,48.66
2019-07-29,38,N2EXMIDP,0,0
2019-07-29,39,APXMIDP ,1048.65,46.2
2019-07-29,39,N2EXMIDP,0,0
2019-07-29,40,APXMIDP ,1113.8,45.17
2019-07-29,40,N2EXMIDP,0,0
2019-07-29,41,APXMIDP ,975.15,43.87
2019-07-29,41,N2EXMIDP,0,0
2019-07-29,42,APXMIDP ,1028,42.11
2019-07-29,42,N2EXMIDP,0,0
2019-07-29,43,APXMIDP ,2305.25,40.85
2019-07-29,43,N2EXMIDP,0,0
2019-07-29,44,APXMIDP ,1842.95,40.18
2019-07-29,44,N2EXMIDP,0,0
2019-07-29,45,APXMIDP ,1724.4,39.85
2019-07-29,45,N2EXMIDP,0,0
2019-07-29,46,APXMIDP ,2208.35,38.91
2019-07-29,46,N2EXMIDP,0,0
2019-07-29,47,APXMIDP ,637,34.59
2019-07-29,47,N2EXMIDP,0,0
2019-07-29,48,APXMIDP ,698.9,35.69
2019-07-29,48,N2EXMIDP,0,0
2019-07-30,1,APXMIDP ,474.4,34.65
2019-07-30,1,N2EXMIDP,0,0
2019-07-30,2,APXMIDP ,395.9,31.41
2019-07-30,2,N2EXMIDP,0,0
2019-07-30,3,APXMIDP ,443.45,31.21
2019-07-30,3,N2EXMIDP,0,0
2019-07-30,4,APXMIDP ,482,30.57
2019-07-30,4,N2EXMIDP,0,0
2019-07-30,5,APXMIDP ,464.3,30.71
2019-07-30,5,N2EXMIDP,0,0
2019-07-30,6,APXMIDP ,657.9,29.02
2019-07-30,6,N2EXMIDP,0,0
2019-07-30,7,APXMIDP ,718,27.61
2019-07-30,7,N2EXMIDP,0,0
2019-07-30,8,APXMIDP ,652.65,25.62
2019-07-30,8,N2EXMIDP,0,0
2019-07-30,9,APXMIDP ,666.05,26.63
2019-07-30,9,N2EXMIDP,0,0
2019-07-30,10,APXMIDP ,571.25,27.63
2019-07-30,10,N2EXMIDP,0,0
2019-07-30,11,APXMIDP ,572.95,33.2
2019-07-30,11,N2EXMIDP,0,0
2019-07-30,12,APXMIDP ,596.4,32.12
2019-07-30,12,N2EXMIDP,0,0
2019-07-30,13,APXMIDP ,509.2,27.67
2019-07-30,13,N2EXMIDP,0,0
2019-07-30,14,APXMIDP ,857.25,31.54
2019-07-30,14,N2EXMIDP,0,0
2019-07-30,15,APXMIDP ,1022.1,33.85
2019-07-30,15,N2EXMIDP,0,0
2019-07-30,16,APXMIDP ,711.2,39.61
2019-07-30,16,N2EXMIDP,0,0
2019-07-30,17,APXMIDP ,1085.75,39.67
2019-07-30,17,N2EXMIDP,0,0
2019-07-30,18,APXMIDP ,860.5,37.7
2019-07-30,18,N2EXMIDP,0,0
2019-07-30,19,APXMIDP ,973.85,35.09
2019-07-30,19,N2EXMIDP,0,0
2019-07-30,20,APXMIDP ,1422.2,35.08
2019-07-30,20,N2EXMIDP,0,0
2019-07-30,21,APXMIDP ,1507.05,36.14
2019-07-30,21,N2EXMIDP,0,0
2019-07-30,22,APXMIDP ,1487.9,36.66
2019-07-30,22,N2EXMIDP,0,0
2019-07-30,23,APXMIDP ,1018.75,36.69
2019-07-30,23,N2EXMIDP,0,0
2019-07-30,24,APXMIDP ,1042.95,37.24
2019-07-30,24,N2EXMIDP,0,0
2019-07-30,25,APXMIDP ,1095.4,36.59
2019-07-30,25,N2EXMIDP,0,0
2019-07-30,26,APXMIDP ,1359.75,36.89
2019-07-30,26,N2EXMIDP,0,0
2019-07-30,27,APXMIDP ,1574.3,39.5
2019-07-30,27,N2EXMIDP,0,0
2019-07-30,28,APXMIDP ,1576.4,39
2019-07-30,28,N2EXMIDP,0,0
2019-07-30,29,APXMIDP ,1691.8,39
2019-07-30,29,N2EXMIDP,0,0
2019-07-30,30,APXMIDP ,1770.75,37.69
2019-07-30,30,N2EXMIDP,0,0
2019-07-30,31,APXMIDP ,1259.35,37.73
2019-07-30,31,N2EXMIDP,0,0
2019-07-30,32,APXMIDP ,1295.3,37.04
2019-07-30,32,N2EXMIDP,0,0
2019-07-30,33,APXMIDP ,1405.4,36.78
2019-07-30,33,N2EXMIDP,0,0
2019-07-30,34,APXMIDP ,1492.35,37.46
2019-07-30,34,N2EXMIDP,0,0
2019-07-30,35,APXMIDP ,1343.15,39.26
2019-07-30,35,N2EXMIDP,0,0
2019-07-30,36,APXMIDP ,1379.05,39.13
2019-07-30,36,N2EXMIDP,0,0
2019-07-30,37,APXMIDP ,1370.8,41.32
2019-07-30,37,N2EXMIDP,0,0
2019-07-30,38,APXMIDP ,1712.1,43.24
2019-07-30,38,N2EXMIDP,0,0
2019-07-30,39,APXMIDP ,1485.15,42.52
2019-07-30,39,N2EXMIDP,0,0
2019-07-30,40,APXMIDP ,1618.5,40.87
2019-07-30,40,N2EXMIDP,0,0
2019-07-30,41,APXMIDP ,1698.5,40.89
2019-07-30,41,N2EXMIDP,0,0
2019-07-30,42,APXMIDP ,1696.1,40.9
2019-07-30,42,N2EXMIDP,0,0
2019-07-30,43,APXMIDP ,2048.25,43.59
2019-07-30,43,N2EXMIDP,0,0
2019-07-30,44,APXMIDP ,2174.8,44.22
2019-07-30,44,N2EXMIDP,0,0
2019-07-30,45,APXMIDP ,2267.85,41.26
2019-07-30,45,N2EXMIDP,0,0
2019-07-30,46,APXMIDP ,2378.7,40.81
2019-07-30,46,N2EXMIDP,0,0
2019-07-30,47,APXMIDP ,955.85,40.71
2019-07-30,47,N2EXMIDP,0,0
2019-07-30,48,APXMIDP ,713.25,43.63
2019-07-30,48,N2EXMIDP,0,0
2019-07-31,1,APXMIDP ,684.25,43.09
2019-07-31,1,N2EXMIDP,0,0
2019-07-31,2,APXMIDP ,660.65,40.24
2019-07-31,2,N2EXMIDP,0,0
2019-07-31,3,APXMIDP ,496.15,33.78
2019-07-31,3,N2EXMIDP,0,0
2019-07-31,4,APXMIDP ,613.9,32.79
2019-07-31,4,N2EXMIDP,0,0
2019-07-31,5,APXMIDP ,630.2,32.66
2019-07-31,5,N2EXMIDP,0,0
2019-07-31,6,APXMIDP ,511.6,33.36
2019-07-31,6,N2EXMIDP,0,0
2019-07-31,7,APXMIDP ,631.25,33.83
2019-07-31,7,N2EXMIDP,0,0
2019-07-31,8,APXMIDP ,704.8,33.96
2019-07-31,8,N2EXMIDP,0,0
2019-07-31,9,APXMIDP ,635.3,33.76
2019-07-31,9,N2EXMIDP,0,0
2019-07-31,10,APXMIDP ,654.5,33.29
2019-07-31,10,N2EXMIDP,0,0
2019-07-31,11,APXMIDP ,335.5,34.01
2019-07-31,11,N2EXMIDP,0,0
2019-07-31,12,APXMIDP ,441.2,31.12
2019-07-31,12,N2EXMIDP,0,0
2019-07-31,13,APXMIDP ,560.8,39.02
2019-07-31,13,N2EXMIDP,0,0
2019-07-31,14,APXMIDP ,967,36.82
2019-07-31,14,N2EXMIDP,0,0
2019-07-31,15,APXMIDP ,1300.2,36.02
2019-07-31,15,N2EXMIDP,0,0
2019-07-31,16,APXMIDP ,963.75,41.68
2019-07-31,16,N2EXMIDP,0,0
2019-07-31,17,APXMIDP ,1070.1,38.92
2019-07-31,17,N2EXMIDP,0,0
2019-07-31,18,APXMIDP ,1292,42.7
2019-07-31,18,N2EXMIDP,0,0
2019-07-31,19,APXMIDP ,1237.3,43.44
2019-07-31,19,N2EXMIDP,0,0
2019-07-31,20,APXMIDP ,1043.95,40.8
2019-07-31,20,N2EXMIDP,0,0
2019-07-31,21,APXMIDP ,1079.15,39.83
2019-07-31,21,N2EXMIDP,0,0
2019-07-31,22,APXMIDP ,1226.9,38.24
2019-07-31,22,N2EXMIDP,0,0
2019-07-31,23,APXMIDP ,1163.7,33.73
2019-07-31,23,N2EXMIDP,0,0
2019-07-31,24,APXMIDP ,1119.05,33.22
2019-07-31,24,N2EXMIDP,0,0
2019-07-31,25,APXMIDP ,1080.8,33.02
2019-07-31,25,N2EXMIDP,0,0
2019-07-31,26,APXMIDP ,1117.45,33.57
2019-07-31,26,N2EXMIDP,0,0
2019-07-31,27,APXMIDP ,1627.15,34.79
2019-07-31,27,N2EXMIDP,0,0
2019-07-31,28,APXMIDP ,1651.95,35.84
2019-07-31,28,N2EXMIDP,0,0
2019-07-31,29,APXMIDP ,1609.35,36.35
2019-07-31,29,N2EXMIDP,0,0
2019-07-31,30,APXMIDP ,1834.15,37.29
2019-07-31,30,N2EXMIDP,0,0
2019-07-31,31,APXMIDP ,920.8,35.84
2019-07-31,31,N2EXMIDP,0,0
2019-07-31,32,APXMIDP ,943.25,34.43
2019-07-31,32,N2EXMIDP,0,0
2019-07-31,33,APXMIDP ,956.15,35.48
2019-07-31,33,N2EXMIDP,0,0
2019-07-31,34,APXMIDP ,1095.95,35.73
2019-07-31,34,N2EXMIDP,0,0
2019-07-31,35,APXMIDP ,943.15,41.14
2019-07-31,35,N2EXMIDP,0,0
2019-07-31,36,APXMIDP ,952.7,44.04
2019-07-31,36,N2EXMIDP,0,0
2019-07-31,37,APXMIDP ,886.95,45.47
2019-07-31,37,N2EXMIDP,0,0
2019-07-31,38,APXMIDP ,917.45,45.26
2019-07-31,38,N2EXMIDP,0,0
2019-07-31,39,APXMIDP ,1140.95,45.21
2019-07-31,39,N2EXMIDP,0,0
2019-07-31,40,APXMIDP ,1110.9,44.38
2019-07-31,40,N2EXMIDP,0,0
2019-07-31,41,APXMIDP ,1028.5,41.12
2019-07-31,41,N2EXMIDP,0,0
2019-07-31,42,APXMIDP ,1145.7,41.19
2019-07-31,42,N2EXMIDP,0,0
2019-07-31,43,APXMIDP ,1274.65,41.07
2019-07-31,43,N2EXMIDP,0,0
2019-07-31,44,APXMIDP ,1316.5,41.7
2019-07-31,44,N2EXMIDP,0,0
2019-07-31,45,APXMIDP ,1559.8,41.87
2019-07-31,45,N2EXMIDP,0,0
2019-07-31,46,APXMIDP ,1336.15,38.29
2019-07-31,46,N2EXMIDP,0,0
2019-07-31,47,APXMIDP ,503.65,33.86
2019-07-31,47,N2EXMIDP,0,0
2019-07-31,48,APXMIDP ,272.6,33.12
2019-07-31,48,N2EXMIDP,0,0
2019-08-01,1,APXMIDP ,298.2,33.11
2019-08-01,1,N2EXMIDP,0,0
2019-08-01,2,APXMIDP ,287.5,34.12
2019-08-01,2,N2EXMIDP,0,0
2019-08-01,3,APXMIDP ,270.25,35.38
2019-08-01,3,N2EXMIDP,0,0
2019-08-01,4,APXMIDP ,371.15,36.74
2019-08-01,4,N2EXMIDP,0,0
2019-08-01,5,APXMIDP ,311.2,35.63
2019-08-01,5,N2EXMIDP,0,0
2019-08-01,6,APXMIDP ,337.05,36.66
2019-08-01,6,N2EXMIDP,0,0
2019-08-01,7,APXMIDP ,222.35,41.13
2019-08-01,7,N2EXMIDP,0,0
2019-08-01,8,APXMIDP ,291.3,41.22
2019-08-01,8,N2EXMIDP,0,0
2019-08-01,9,APXMIDP ,251.15,39.46
2019-08-01,9,N2EXMIDP,0,0
2019-08-01,10,APXMIDP ,294.95,39.18
2019-08-01,10,N2EXMIDP,0,0
2019-08-01,11,APXMIDP ,255.25,35.88
2019-08-01,11,N2EXMIDP,0,0
2019-08-01,12,APXMIDP ,308.3,37.43
2019-08-01,12,N2EXMIDP,0,0
2019-08-01,13,APXMIDP ,473.35,37.69
2019-08-01,13,N2EXMIDP,0,0
2019-08-01,14,APXMIDP ,635.1,36.75
2019-08-01,14,N2EXMIDP,0,0
2019-08-01,15,APXMIDP ,889,34.08
2019-08-01,15,N2EXMIDP,0,0
2019-08-01,16,APXMIDP ,774.55,33.91
2019-08-01,16,N2EXMIDP,0,0
2019-08-01,17,APXMIDP ,887.65,38.58
2019-08-01,17,N2EXMIDP,0,0
2019-08-01,18,APXMIDP ,1126.5,46.95
2019-08-01,18,N2EXMIDP,0,0
2019-08-01,19,APXMIDP ,1478.45,39.67
2019-08-01,19,N2EXMIDP,0,0
2019-08-01,20,APXMIDP ,1495.6,38.38
2019-08-01,20,N2EXMIDP,0,0
2019-08-01,21,APXMIDP ,1512.5,40.36
2019-08-01,21,N2EXMIDP,0,0
2019-08-01,22,APXMIDP ,1711.55,40.49
2019-08-01,22,N2EXMIDP,0,0
2019-08-01,23,APXMIDP ,1633.9,34.37
2019-08-01,23,N2EXMIDP,0,0
2019-08-01,24,APXMIDP ,1499.3,34.67
2019-08-01,24,N2EXMIDP,0,0
2019-08-01,25,APXMIDP ,1384.3,37.58
2019-08-01,25,N2EXMIDP,0,0
2019-08-01,26,APXMIDP ,1405.3,37.86
2019-08-01,26,N2EXMIDP,0,0
2019-08-01,27,APXMIDP ,1251.35,39.61
2019-08-01,27,N2EXMIDP,0,0
2019-08-01,28,APXMIDP ,1263.85,39.86
2019-08-01,28,N2EXMIDP,0,0
2019-08-01,29,APXMIDP ,1352.3,42.38
2019-08-01,29,N2EXMIDP,0,0
2019-08-01,30,APXMIDP ,1271.7,40.39
2019-08-01,30,N2EXMIDP,0,0
2019-08-01,31,APXMIDP ,943.3,40.54
2019-08-01,31,N2EXMIDP,0,0
2019-08-01,32,APXMIDP ,826.8,39.76
2019-08-01,32,N2EXMIDP,0,0
2019-08-01,33,APXMIDP ,933.35,36.96
2019-08-01,33,N2EXMIDP,0,0
2019-08-01,34,APXMIDP ,842.6,40.88
2019-08-01,34,N2EXMIDP,0,0
2019-08-01,35,APXMIDP ,1096.85,48.14
2019-08-01,35,N2EXMIDP,0,0
2019-08-01,36,APXMIDP ,1300.2,49.31
2019-08-01,36,N2EXMIDP,0,0
2019-08-01,37,APXMIDP ,1188.35,51.61
2019-08-01,37,N2EXMIDP,0,0
2019-08-01,38,APXMIDP ,1205.7,50.12
2019-08-01,38,N2EXMIDP,0,0
2019-08-01,39,APXMIDP ,750.6,54.91
2019-08-01,39,N2EXMIDP,0,0
2019-08-01,40,APXMIDP ,793.35,53.73
2019-08-01,40,N2EXMIDP,0,0
2019-08-01,41,APXMIDP ,982.85,47.89
2019-08-01,41,N2EXMIDP,0,0
2019-08-01,42,APXMIDP ,900.25,46.83
2019-08-01,42,N2EXMIDP,0,0
2019-08-01,43,APXMIDP ,927.3,43.29
2019-08-01,43,N2EXMIDP,0,0
2019-08-01,44,APXMIDP ,979.3,41.46
2019-08-01,44,N2EXMIDP,0,0
2019-08-01,45,APXMIDP ,921.85,45.1
2019-08-01,45,N2EXMIDP,0,0
2019-08-01,46,APXMIDP ,1293.95,43.95
2019-08-01,46,N2EXMIDP,0,0
2019-08-01,47,APXMIDP ,428.65,37.24
2019-08-01,47,N2EXMIDP,0,0
2019-08-01,48,APXMIDP ,566.3,47.07
2019-08-01,48,N2EXMIDP,0,0
2019-08-02,1,APXMIDP ,328.65,41.41
2019-08-02,1,N2EXMIDP,0,0
2019-08-02,2,APXMIDP ,214.15,36.97
2019-08-02,2,N2EXMIDP,0,0
2019-08-02,3,APXMIDP ,307,36.57
2019-08-02,3,N2EXMIDP,0,0
2019-08-02,4,APXMIDP ,316.75,34.49
2019-08-02,4,N2EXMIDP,0,0
2019-08-02,5,APXMIDP ,341.95,34.92
2019-08-02,5,N2EXMIDP,0,0
2019-08-02,6,APXMIDP ,464.9,37.31
2019-08-02,6,N2EXMIDP,0,0
2019-08-02,7,APXMIDP ,270,37.89
2019-08-02,7,N2EXMIDP,0,0
2019-08-02,8,APXMIDP ,263.45,37.95
2019-08-02,8,N2EXMIDP,0,0
2019-08-02,9,APXMIDP ,302.05,37.62
2019-08-02,9,N2EXMIDP,0,0
2019-08-02,10,APXMIDP ,319.2,37.37
2019-08-02,10,N2EXMIDP,0,0
2019-08-02,11,APXMIDP ,537,40.77
2019-08-02,11,N2EXMIDP,0,0
2019-08-02,12,APXMIDP ,522.2,39.17
2019-08-02,12,N2EXMIDP,0,0
2019-08-02,13,APXMIDP ,500,52.82
2019-08-02,13,N2EXMIDP,0,0
2019-08-02,14,APXMIDP ,682.25,52.71
2019-08-02,14,N2EXMIDP,0,0
2019-08-02,15,APXMIDP ,974.45,50.41
2019-08-02,15,N2EXMIDP,0,0
2019-08-02,16,APXMIDP ,844.5,59.29
2019-08-02,16,N2EXMIDP,0,0
2019-08-02,17,APXMIDP ,919.45,52.89
2019-08-02,17,N2EXMIDP,0,0
2019-08-02,18,APXMIDP ,1101.05,54.63
2019-08-02,18,N2EXMIDP,0,0
2019-08-02,19,APXMIDP ,899.95,54.55
2019-08-02,19,N2EXMIDP,0,0
2019-08-02,20,APXMIDP ,1320.1,53.59
2019-08-02,20,N2EXMIDP,0,0
2019-08-02,21,APXMIDP ,1397.75,52.47
2019-08-02,21,N2EXMIDP,0,0
2019-08-02,22,APXMIDP ,1320.15,52.12
2019-08-02,22,N2EXMIDP,0,0
2019-08-02,23,APXMIDP ,1016.05,47.39
2019-08-02,23,N2EXMIDP,0,0
2019-08-02,24,APXMIDP ,1207.3,49.33
2019-08-02,24,N2EXMIDP,0,0
2019-08-02,25,APXMIDP ,1234.45,47.97
2019-08-02,25,N2EXMIDP,0,0
2019-08-02,26,APXMIDP ,1257.3,46.65
2019-08-02,26,N2EXMIDP,0,0
2019-08-02,27,APXMIDP ,1046.9,45.07
2019-08-02,27,N2EXMIDP,0,0
2019-08-02,28,APXMIDP ,1235.3,45.17
2019-08-02,28,N2EXMIDP,0,0
2019-08-02,29,APXMIDP ,1049.45,45.27
2019-08-02,29,N2EXMIDP,0,0
2019-08-02,30,APXMIDP ,1409.95,46.38
2019-08-02,30,N2EXMIDP,0,0
2019-08-02,31,APXMIDP ,991.4,48.4
2019-08-02,31,N2EXMIDP,0,0
2019-08-02,32,APXMIDP ,1201.8,53.11
2019-08-02,32,N2EXMIDP,0,0
2019-08-02,33,APXMIDP ,1003.6,51.22
2019-08-02,33,N2EXMIDP,0,0
2019-08-02,34,APXMIDP ,823.8,51.86
2019-08-02,34,N2EXMIDP,0,0
2019-08-02,35,APXMIDP ,931.8,59.74
2019-08-02,35,N2EXMIDP,0,0
2019-08-02,36,APXMIDP ,830.95,60.28
2019-08-02,36,N2EXMIDP,0,0
2019-08-02,37,APXMIDP ,836.25,60.45
2019-08-02,37,N2EXMIDP,0,0
2019-08-02,38,APXMIDP ,821.4,59.77
2019-08-02,38,N2EXMIDP,0,0
2019-08-02,39,APXMIDP ,846.65,60.34
2019-08-02,39,N2EXMIDP,0,0
2019-08-02,40,APXMIDP ,820.65,57.61
2019-08-02,40,N2EXMIDP,0,0
2019-08-02,41,APXMIDP ,829.2,52.29
2019-08-02,41,N2EXMIDP,0,0
2019-08-02,42,APXMIDP ,907.5,50.84
2019-08-02,42,N2EXMIDP,0,0
2019-08-02,43,APXMIDP ,320.55,48.74
2019-08-02,43,N2EXMIDP,0,0
2019-08-02,44,APXMIDP ,458.4,46.36
2019-08-02,44,N2EXMIDP,0,0
2019-08-02,45,APXMIDP ,464.05,42.87
2019-08-02,45,N2EXMIDP,0,0
2019-08-02,46,APXMIDP ,876.3,40.2
2019-08-02,46,N2EXMIDP,0,0
2019-08-02,47,APXMIDP ,603.75,48.33
2019-08-02,47,N2EXMIDP,0,0
2019-08-02,48,APXMIDP ,443.35,50.15
2019-08-02,48,N2EXMIDP,0,0
2019-08-03,1,APXMIDP ,636.15,44.87
2019-08-03,1,N2EXMIDP,0,0
2019-08-03,2,APXMIDP ,247.05,44.46
2019-08-03,2,N2EXMIDP,0,0
2019-08-03,3,APXMIDP ,351.7,37.35
2019-08-03,3,N2EXMIDP,0,0
2019-08-03,4,APXMIDP ,315.85,37.91
2019-08-03,4,N2EXMIDP,0,0
2019-08-03,5,APXMIDP ,302.7,37.56
2019-08-03,5,N2EXMIDP,0,0
2019-08-03,6,APXMIDP ,312.25,36.42
2019-08-03,6,N2EXMIDP,0,0
2019-08-03,7,APXMIDP ,310.45,35.35
2019-08-03,7,N2EXMIDP,0,0
2019-08-03,8,APXMIDP ,310.05,34.47
2019-08-03,8,N2EXMIDP,0,0
2019-08-03,9,APXMIDP ,298.4,34.71
2019-08-03,9,N2EXMIDP,0,0
2019-08-03,10,APXMIDP ,313.4,34.15
2019-08-03,10,N2EXMIDP,0,0
2019-08-03,11,APXMIDP ,325,36.04
2019-08-03,11,N2EXMIDP,0,0
2019-08-03,12,APXMIDP ,331.5,35.68
2019-08-03,12,N2EXMIDP,0,0
2019-08-03,13,APXMIDP ,378.05,34.15
2019-08-03,13,N2EXMIDP,0,0
2019-08-03,14,APXMIDP ,377.05,35.26
2019-08-03,14,N2EXMIDP,0,0
2019-08-03,15,APXMIDP ,830.2,35.13
2019-08-03,15,N2EXMIDP,0,0
2019-08-03,16,APXMIDP ,664.8,34.84
2019-08-03,16,N2EXMIDP,0,0
2019-08-03,17,APXMIDP ,472.25,35.08
2019-08-03,17,N2EXMIDP,0,0
2019-08-03,18,APXMIDP ,565.05,35.16
2019-08-03,18,N2EXMIDP,0,0
2019-08-03,19,APXMIDP ,1197.8,41.38
2019-08-03,19,N2EXMIDP,0,0
2019-08-03,20,APXMIDP ,1077.35,43.14
2019-08-03,20,N2EXMIDP,0,0
2019-08-03,21,APXMIDP ,944.9,42.46
2019-08-03,21,N2EXMIDP,0,0
2019-08-03,22,APXMIDP ,985.25,43.16
2019-08-03,22,N2EXMIDP,0,0
2019-08-03,23,APXMIDP ,974.4,41.59
2019-08-03,23,N2EXMIDP,0,0
2019-08-03,24,APXMIDP ,1105.3,39.54
2019-08-03,24,N2EXMIDP,0,0
2019-08-03,25,APXMIDP ,1166.25,38.95
2019-08-03,25,N2EXMIDP,0,0
2019-08-03,26,APXMIDP ,1278.75,38.31
2019-08-03,26,N2EXMIDP,0,0
2019-08-03,27,APXMIDP ,1602.95,37.09
2019-08-03,27,N2EXMIDP,0,0
2019-08-03,28,APXMIDP ,1762.15,37.62
2019-08-03,28,N2EXMIDP,0,0
2019-08-03,29,APXMIDP ,1344.7,37.69
2019-08-03,29,N2EXMIDP,0,0
2019-08-03,30,APXMIDP ,1446.6,38.02
2019-08-03,30,N2EXMIDP,0,0
2019-08-03,31,APXMIDP ,1039.95,37.96
2019-08-03,31,N2EXMIDP,0,0
2019-08-03,32,APXMIDP ,784.95,39.81
2019-08-03,32,N2EXMIDP,0,0
2019-08-03,33,APXMIDP ,983.05,39.88
2019-08-03,33,N2EXMIDP,0,0
2019-08-03,34,APXMIDP ,1131.1,44.24
2019-08-03,34,N2EXMIDP,0,0
2019-08-03,35,APXMIDP ,838.1,49.28
2019-08-03,35,N2EXMIDP,0,0
2019-08-03,36,APXMIDP ,789.6,49.75
2019-08-03,36,N2EXMIDP,0,0
2019-08-03,37,APXMIDP ,732.85,50.23
2019-08-03,37,N2EXMIDP,0,0
2019-08-03,38,APXMIDP ,762.2,50.11
2019-08-03,38,N2EXMIDP,0,0
2019-08-03,39,APXMIDP ,843.45,52.16
2019-08-03,39,N2EXMIDP,0,0
2019-08-03,40,APXMIDP ,780.15,50.76
2019-08-03,40,N2EXMIDP,0,0
2019-08-03,41,APXMIDP ,802.05,49.71
2019-08-03,41,N2EXMIDP,0,0
2019-08-03,42,APXMIDP ,776.45,50.15
2019-08-03,42,N2EXMIDP,0,0
2019-08-03,43,APXMIDP ,702.2,49.2
2019-08-03,43,N2EXMIDP,0,0
2019-08-03,44,APXMIDP ,615.95,48.95
2019-08-03,44,N2EXMIDP,0,0
2019-08-03,45,APXMIDP ,585.7,49.88
2019-08-03,45,N2EXMIDP,0,0
2019-08-03,46,APXMIDP ,590.35,49.44
2019-08-03,46,N2EXMIDP,0,0
2019-08-03,47,APXMIDP ,612.9,46.87
2019-08-03,47,N2EXMIDP,0,0
2019-08-03,48,APXMIDP ,328.95,47.96
2019-08-03,48,N2EXMIDP,0,0
2019-08-04,1,APXMIDP ,497.35,46.31
2019-08-04,1,N2EXMIDP,0,0
2019-08-04,2,APXMIDP ,350.75,45.8
2019-08-04,2,N2EXMIDP,0,0
2019-08-04,3,APXMIDP ,335.4,38.87
2019-08-04,3,N2EXMIDP,0,0
2019-08-04,4,APXMIDP ,313.35,37.82
2019-08-04,4,N2EXMIDP,0,0
2019-08-04,5,APXMIDP ,330.15,38.34
2019-08-04,5,N2EXMIDP,0,0
2019-08-04,6,APXMIDP ,273.2,37.75
2019-08-04,6,N2EXMIDP,0,0
2019-08-04,7,APXMIDP ,229.8,34.06
2019-08-04,7,N2EXMIDP,0,0
2019-08-04,8,APXMIDP ,333.05,33.28
2019-08-04,8,N2EXMIDP,0,0
2019-08-04,9,APXMIDP ,237.3,34.09
2019-08-04,9,N2EXMIDP,0,0
2019-08-04,10,APXMIDP ,307.3,33.58
2019-08-04,10,N2EXMIDP,0,0
2019-08-04,11,APXMIDP ,309.4,33.89
2019-08-04,11,N2EXMIDP,0,0
2019-08-04,12,APXMIDP ,310.65,34.19
2019-08-04,12,N2EXMIDP,0,0
2019-08-04,13,APXMIDP ,354.4,34.3
2019-08-04,13,N2EXMIDP,0,0
2019-08-04,14,APXMIDP ,432.3,34.08
2019-08-04,14,N2EXMIDP,0,0
2019-08-04,15,APXMIDP ,518,36.43
2019-08-04,15,N2EXMIDP,0,0
2019-08-04,16,APXMIDP ,516.7,38.09
2019-08-04,16,N2EXMIDP,0,0
2019-08-04,17,APXMIDP ,545.25,39.6
2019-08-04,17,N2EXMIDP,0,0
2019-08-04,18,APXMIDP ,602.1,37.35
2019-08-04,18,N2EXMIDP,0,0
2019-08-04,19,APXMIDP ,535.75,36.63
2019-08-04,19,N2EXMIDP,0,0
2019-08-04,20,APXMIDP ,675.7,37.78
2019-08-04,20,N2EXMIDP,0,0
2019-08-04,21,APXMIDP ,677.95,38.5
2019-08-04,21,N2EXMIDP,0,0
2019-08-04,22,APXMIDP ,523.5,41.07
2019-08-04,22,N2EXMIDP,0,0
2019-08-04,23,APXMIDP ,506.55,46.15
2019-08-04,23,N2EXMIDP,0,0
2019-08-04,24,APXMIDP ,539.3,46.24
2019-08-04,24,N2EXMIDP,0,0
2019-08-04,25,APXMIDP ,650.95,47.32
2019-08-04,25,N2EXMIDP,0,0
2019-08-04,26,APXMIDP ,620.7,47.26
2019-08-04,26,N2EXMIDP,0,0
2019-08-04,27,APXMIDP ,722.95,45.02
2019-08-04,27,N2EXMIDP,0,0
2019-08-04,28,APXMIDP ,678.35,43.22
2019-08-04,28,N2EXMIDP,0,0
2019-08-04,29,APXMIDP ,874.2,44.08
2019-08-04,29,N2EXMIDP,0,0
2019-08-04,30,APXMIDP ,633.5,44.23
2019-08-04,30,N2EXMIDP,0,0
2019-08-04,31,APXMIDP ,478.6,44.46
2019-08-04,31,N2EXMIDP,0,0
2019-08-04,32,APXMIDP ,687.85,44.99
2019-08-04,32,N2EXMIDP,0,0
2019-08-04,33,APXMIDP ,600.6,42.95
2019-08-04,33,N2EXMIDP,0,0
2019-08-04,34,APXMIDP ,828.1,45.62
2019-08-04,34,N2EXMIDP,0,0
2019-08-04,35,APXMIDP ,979.2,49.77
2019-08-04,35,N2EXMIDP,0,0
2019-08-04,36,APXMIDP ,817.9,50.85
2019-08-04,36,N2EXMIDP,0,0
2019-08-04,37,APXMIDP ,782.9,51.17
2019-08-04,37,N2EXMIDP,0,0
2019-08-04,38,APXMIDP ,913.4,50.29
2019-08-04,38,N2EXMIDP,25,47.5
2019-08-04,39,APXMIDP ,557.7,52.54
2019-08-04,39,N2EXMIDP,0,0
2019-08-04,40,APXMIDP ,489.65,54.38
2019-08-04,40,N2EXMIDP,0,0
2019-08-04,41,APXMIDP ,604.75,52
2019-08-04,41,N2EXMIDP,0,0
2019-08-04,42,APXMIDP ,537.65,49.89
2019-08-04,42,N2EXMIDP,0,0
2019-08-04,43,APXMIDP ,670.3,47.73
2019-08-04,43,N2EXMIDP,0,0
2019-08-04,44,APXMIDP ,662.6,46.23
2019-08-04,44,N2EXMIDP,0,0
2019-08-04,45,APXMIDP ,1069.55,41.91
2019-08-04,45,N2EXMIDP,0,0
2019-08-04,46,APXMIDP ,1236.2,40.28
2019-08-04,46,N2EXMIDP,0,0
2019-08-04,47,APXMIDP ,857.5,42.41
2019-08-04,47,N2EXMIDP,0,0
2019-08-04,48,APXMIDP ,598,41.5
2019-08-04,48,N2EXMIDP,0,0
2019-08-05,1,APXMIDP ,307,36.43
2019-08-05,1,N2EXMIDP,0,0
2019-08-05,2,APXMIDP ,351.85,35.33
2019-08-05,2,N2EXMIDP,0,0
2019-08-05,3,APXMIDP ,263,35.77
2019-08-05,3,N2EXMIDP,0,0
2019-08-05,4,APXMIDP ,311.4,34.87
2019-08-05,4,N2EXMIDP,0,0
2019-08-05,5,APXMIDP ,323.5,34.32
2019-08-05,5,N2EXMIDP,0,0
2019-08-05,6,APXMIDP ,452.2,34.32
2019-08-05,6,N2EXMIDP,0,0
2019-08-05,7,APXMIDP ,454.4,34.27
2019-08-05,7,N2EXMIDP,0,0
2019-08-05,8,APXMIDP ,422.95,34.21
2019-08-05,8,N2EXMIDP,0,0
2019-08-05,9,APXMIDP ,436.25,34
2019-08-05,9,N2EXMIDP,0,0
2019-08-05,10,APXMIDP ,462.15,33.88
2019-08-05,10,N2EXMIDP,0,0
2019-08-05,11,APXMIDP ,515.9,37.73
2019-08-05,11,N2EXMIDP,0,0
2019-08-05,12,APXMIDP ,612.4,37.29
2019-08-05,12,N2EXMIDP,0,0
2019-08-05,13,APXMIDP ,628.6,38.95
2019-08-05,13,N2EXMIDP,0,0
2019-08-05,14,APXMIDP ,1093.7,40.8
2019-08-05,14,N2EXMIDP,0,0
2019-08-05,15,APXMIDP ,929.05,42.46
2019-08-05,15,N2EXMIDP,0,0
2019-08-05,16,APXMIDP ,1093.5,47.46
2019-08-05,16,N2EXMIDP,0,0
2019-08-05,17,APXMIDP ,1117.05,47.73
2019-08-05,17,N2EXMIDP,0,0
2019-08-05,18,APXMIDP ,1049.15,49.58
2019-08-05,18,N2EXMIDP,0,0
2019-08-05,19,APXMIDP ,1227.7,44.22
2019-08-05,19,N2EXMIDP,0,0
2019-08-05,20,APXMIDP ,1085.2,41.44
2019-08-05,20,N2EXMIDP,0,0
2019-08-05,21,APXMIDP ,1533.2,38.38
2019-08-05,21,N2EXMIDP,0,0
2019-08-05,22,APXMIDP ,1534.3,36.73
2019-08-05,22,N2EXMIDP,0,0
2019-08-05,23,APXMIDP ,1831.4,35.01
2019-08-05,23,N2EXMIDP,0,0
2019-08-05,24,APXMIDP ,1864.7,35.39
2019-08-05,24,N2EXMIDP,0,0
2019-08-05,25,APXMIDP ,1960.85,35.36
2019-08-05,25,N2EXMIDP,0,0
2019-08-05,26,APXMIDP ,2030.55,34.5
2019-08-05,26,N2EXMIDP,0,0
2019-08-05,27,APXMIDP ,1789.1,34.21
2019-08-05,27,N2EXMIDP,0,0
2019-08-05,28,APXMIDP ,1878.6,32.77
2019-08-05,28,N2EXMIDP,0,0
2019-08-05,29,APXMIDP ,2009.85,32.95
2019-08-05,29,N2EXMIDP,0,0
2019-08-05,30,APXMIDP ,1954.15,33.49
2019-08-05,30,N2EXMIDP,0,0
2019-08-05,31,APXMIDP ,1498.65,37.89
2019-08-05,31,N2EXMIDP,0,0
2019-08-05,32,APXMIDP ,1673.6,41.43
2019-08-05,32,N2EXMIDP,0,0
2019-08-05,33,APXMIDP ,1915.7,40.15
2019-08-05,33,N2EXMIDP,0,0
2019-08-05,34,APXMIDP ,1887.8,40.65
2019-08-05,34,N2EXMIDP,0,0
2019-08-05,35,APXMIDP ,1940.9,41.65
2019-08-05,35,N2EXMIDP,0,0
2019-08-05,36,APXMIDP ,1909.2,42.44
2019-08-05,36,N2EXMIDP,0,0
2019-08-05,37,APXMIDP ,1651.75,43.03
2019-08-05,37,N2EXMIDP,0,0
2019-08-05,38,APXMIDP ,1822.15,44.26
2019-08-05,38,N2EXMIDP,0,0
2019-08-05,39,APXMIDP ,1491.4,43.44
2019-08-05,39,N2EXMIDP,0,0
2019-08-05,40,APXMIDP ,1419.5,43.73
2019-08-05,40,N2EXMIDP,0,0
2019-08-05,41,APXMIDP ,1336.55,43.37
2019-08-05,41,N2EXMIDP,0,0
2019-08-05,42,APXMIDP ,1410.1,41.69
2019-08-05,42,N2EXMIDP,0,0
2019-08-05,43,APXMIDP ,1303.7,39.35
2019-08-05,43,N2EXMIDP,0,0
2019-08-05,44,APXMIDP ,1123.55,37.71
2019-08-05,44,N2EXMIDP,0,0
2019-08-05,45,APXMIDP ,1160.65,37.95
2019-08-05,45,N2EXMIDP,0,0
2019-08-05,46,APXMIDP ,1704.05,37.04
2019-08-05,46,N2EXMIDP,0,0
2019-08-05,47,APXMIDP ,684,44.71
2019-08-05,47,N2EXMIDP,0,0
2019-08-05,48,APXMIDP ,667.6,38.5
2019-08-05,48,N2EXMIDP,0,0
2019-08-06,1,APXMIDP ,282.8,31.01
2019-08-06,1,N2EXMIDP,0,0
2019-08-06,2,APXMIDP ,350.45,26.87
2019-08-06,2,N2EXMIDP,0,0
2019-08-06,3,APXMIDP ,215.05,27.12
2019-08-06,3,N2EXMIDP,0,0
2019-08-06,4,APXMIDP ,332.7,25.13
2019-08-06,4,N2EXMIDP,0,0
2019-08-06,5,APXMIDP ,332.15,26.1
2019-08-06,5,N2EXMIDP,0,0
2019-08-06,6,APXMIDP ,317.85,25.51
2019-08-06,6,N2EXMIDP,0,0
2019-08-06,7,APXMIDP ,326.7,28.14
2019-08-06,7,N2EXMIDP,0,0
2019-08-06,8,APXMIDP ,335.85,28.11
2019-08-06,8,N2EXMIDP,0,0
2019-08-06,9,APXMIDP ,332.5,29.32
2019-08-06,9,N2EXMIDP,0,0
2019-08-06,10,APXMIDP ,295.75,28.09
2019-08-06,10,N2EXMIDP,0,0
2019-08-06,11,APXMIDP ,148.4,34.02
2019-08-06,11,N2EXMIDP,0,0
2019-08-06,12,APXMIDP ,239.4,33.38
2019-08-06,12,N2EXMIDP,0,0
2019-08-06,13,APXMIDP ,474,33.37
2019-08-06,13,N2EXMIDP,0,0
2019-08-06,14,APXMIDP ,572.6,31.17
2019-08-06,14,N2EXMIDP,0,0
2019-08-06,15,APXMIDP ,967.75,32.79
2019-08-06,15,N2EXMIDP,0,0
2019-08-06,16,APXMIDP ,873.6,37.88
2019-08-06,16,N2EXMIDP,0,0
2019-08-06,17,APXMIDP ,1038.45,34.11
2019-08-06,17,N2EXMIDP,0,0
2019-08-06,18,APXMIDP ,1021.55,34.1
2019-08-06,18,N2EXMIDP,0,0
2019-08-06,19,APXMIDP ,1259.9,35.02
2019-08-06,19,N2EXMIDP,0,0
2019-08-06,20,APXMIDP ,987.45,35.62
2019-08-06,20,N2EXMIDP,0,0
2019-08-06,21,APXMIDP ,1107.25,34.99
2019-08-06,21,N2EXMIDP,0,0
2019-08-06,22,APXMIDP ,1200.25,34.75
2019-08-06,22,N2EXMIDP,0,0
2019-08-06,23,APXMIDP ,815.5,33.66
2019-08-06,23,N2EXMIDP,0,0
2019-08-06,24,APXMIDP ,1068,32.59
2019-08-06,24,N2EXMIDP,0,0
2019-08-06,25,APXMIDP ,1130.9,32.81
2019-08-06,25,N2EXMIDP,0,0
2019-08-06,26,APXMIDP ,1012.2,32.25
2019-08-06,26,N2EXMIDP,0,0
2019-08-06,27,APXMIDP ,1397.5,31.74
2019-08-06,27,N2EXMIDP,0,0
2019-08-06,28,APXMIDP ,1389.95,31.35
2019-08-06,28,N2EXMIDP,0,0
2019-08-06,29,APXMIDP ,1585.15,31.64
2019-08-06,29,N2EXMIDP,0,0
2019-08-06,30,APXMIDP ,1584.4,31.8
2019-08-06,30,N2EXMIDP,0,0
2019-08-06,31,APXMIDP ,1401.85,34.76
2019-08-06,31,N2EXMIDP,0,0
2019-08-06,32,APXMIDP ,1387.1,34.8
2019-08-06,32,N2EXMIDP,0,0
2019-08-06,33,APXMIDP ,1601.1,34.03
2019-08-06,33,N2EXMIDP,0,0
2019-08-06,34,APXMIDP ,1532.55,35.66
2019-08-06,34,N2EXMIDP,0,0
2019-08-06,35,APXMIDP ,1852.95,38.91
2019-08-06,35,N2EXMIDP,0,0
2019-08-06,36,APXMIDP ,1634.85,40.54
2019-08-06,36,N2EXMIDP,0,0
2019-08-06,37,APXMIDP ,1663.35,40.24
2019-08-06,37,N2EXMIDP,0,0
2019-08-06,38,APXMIDP ,1681.05,40.42
2019-08-06,38,N2EXMIDP,0,0
2019-08-06,39,APXMIDP ,1296.85,40.07
2019-08-06,39,N2EXMIDP,0,0
2019-08-06,40,APXMIDP ,1270.5,40.42
2019-08-06,40,N2EXMIDP,0,0
2019-08-06,41,APXMIDP ,1272.05,40.56
2019-08-06,41,N2EXMIDP,0,0
2019-08-06,42,APXMIDP ,1400.6,40.3
2019-08-06,42,N2EXMIDP,0,0
2019-08-06,43,APXMIDP ,1493.55,40.35
2019-08-06,43,N2EXMIDP,0,0
2019-08-06,44,APXMIDP ,1508.05,40.13
2019-08-06,44,N2EXMIDP,0,0
2019-08-06,45,APXMIDP ,1524.1,40.27
2019-08-06,45,N2EXMIDP,0,0
2019-08-06,46,APXMIDP ,1368.25,39.89
2019-08-06,46,N2EXMIDP,0,0
2019-08-06,47,APXMIDP ,531.95,36.75
2019-08-06,47,N2EXMIDP,0,0
2019-08-06,48,APXMIDP ,553.5,34.88
2019-08-06,48,N2EXMIDP,0,0
2019-08-07,1,APXMIDP ,232.5,30.59
2019-08-07,1,N2EXMIDP,0,0
2019-08-07,2,APXMIDP ,159.85,27.33
2019-08-07,2,N2EXMIDP,0,0
2019-08-07,3,APXMIDP ,182.45,25.95
2019-08-07,3,N2EXMIDP,0,0
2019-08-07,4,APXMIDP ,171,25.46
2019-08-07,4,N2EXMIDP,0,0
2019-08-07,5,APXMIDP ,228.9,25.24
2019-08-07,5,N2EXMIDP,0,0
2019-08-07,6,APXMIDP ,224.05,25.46
2019-08-07,6,N2EXMIDP,0,0
2019-08-07,7,APXMIDP ,306.15,20.52
2019-08-07,7,N2EXMIDP,0,0
2019-08-07,8,APXMIDP ,291.95,20.04
2019-08-07,8,N2EXMIDP,0,0
2019-08-07,9,APXMIDP ,374.5,20.38
2019-08-07,9,N2EXMIDP,0,0
2019-08-07,10,APXMIDP ,399,23.04
2019-08-07,10,N2EXMIDP,0,0
2019-08-07,11,APXMIDP ,266.45,16.51
2019-08-07,11,N2EXMIDP,0,0
2019-08-07,12,APXMIDP ,191.1,14.78
2019-08-07,12,N2EXMIDP,0,0
2019-08-07,13,APXMIDP ,645.6,30.81
2019-08-07,13,N2EXMIDP,0,0
2019-08-07,14,APXMIDP ,620.8,25.55
2019-08-07,14,N2EXMIDP,0,0
2019-08-07,15,APXMIDP ,544.8,30.12
2019-08-07,15,N2EXMIDP,0,0
2019-08-07,16,APXMIDP ,917.15,30.76
2019-08-07,16,N2EXMIDP,0,0
2019-08-07,17,APXMIDP ,1021.75,31.06
2019-08-07,17,N2EXMIDP,0,0
2019-08-07,18,APXMIDP ,881.1,38.1
2019-08-07,18,N2EXMIDP,0,0
2019-08-07,19,APXMIDP ,1226.25,36.12
2019-08-07,19,N2EXMIDP,0,0
2019-08-07,20,APXMIDP ,1378.95,36.53
2019-08-07,20,N2EXMIDP,0,0
2019-08-07,21,APXMIDP ,1657.6,39.3
2019-08-07,21,N2EXMIDP,0,0
2019-08-07,22,APXMIDP ,1980.6,39.8
2019-08-07,22,N2EXMIDP,0,0
2019-08-07,23,APXMIDP ,1484.85,38.89
2019-08-07,23,N2EXMIDP,0,0
2019-08-07,24,APXMIDP ,1612.45,37.41
2019-08-07,24,N2EXMIDP,0,0
2019-08-07,25,APXMIDP ,1218,35.62
2019-08-07,25,N2EXMIDP,0,0
2019-08-07,26,APXMIDP ,1336.15,36.13
2019-08-07,26,N2EXMIDP,0,0
2019-08-07,27,APXMIDP ,1374.5,33.42
2019-08-07,27,N2EXMIDP,0,0
2019-08-07,28,APXMIDP ,1369.85,32.35
2019-08-07,28,N2EXMIDP,0,0
2019-08-07,29,APXMIDP ,1502.35,31.22
2019-08-07,29,N2EXMIDP,0,0
2019-08-07,30,APXMIDP ,1742.75,29.6
2019-08-07,30,N2EXMIDP,0,0
2019-08-07,31,APXMIDP ,1388.55,29.59
2019-08-07,31,N2EXMIDP,0,0
2019-08-07,32,APXMIDP ,1466.3,31.2
2019-08-07,32,N2EXMIDP,0,0
2019-08-07,33,APXMIDP ,1768.7,31.85
2019-08-07,33,N2EXMIDP,0,0
2019-08-07,34,APXMIDP ,1644.35,35.58
2019-08-07,34,N2EXMIDP,0,0
2019-08-07,35,APXMIDP ,1713.1,38.76
2019-08-07,35,N2EXMIDP,0,0
2019-08-07,36,APXMIDP ,1538.55,42.11
2019-08-07,36,N2EXMIDP,0,0
2019-08-07,37,APXMIDP ,1856.4,41.7
2019-08-07,37,N2EXMIDP,0,0
2019-08-07,38,APXMIDP ,1833.1,40.88
2019-08-07,38,N2EXMIDP,0,0
2019-08-07,39,APXMIDP ,1157.95,40.85
2019-08-07,39,N2EXMIDP,0,0
2019-08-07,40,APXMIDP ,1262.65,41.41
2019-08-07,40,N2EXMIDP,0,0
2019-08-07,41,APXMIDP ,1318.75,41.88
2019-08-07,41,N2EXMIDP,0,0
2019-08-07,42,APXMIDP ,1302.75,42.71
2019-08-07,42,N2EXMIDP,0,0
2019-08-07,43,APXMIDP ,1283.4,42.35
2019-08-07,43,N2EXMIDP,0,0
2019-08-07,44,APXMIDP ,1352.25,42.54
2019-08-07,44,N2EXMIDP,0,0
2019-08-07,45,APXMIDP ,1065.45,43.02
2019-08-07,45,N2EXMIDP,0,0
2019-08-07,46,APXMIDP ,1045.1,40.57
2019-08-07,46,N2EXMIDP,0,0
2019-08-07,47,APXMIDP ,507.25,42.16
2019-08-07,47,N2EXMIDP,0,0
2019-08-07,48,APXMIDP ,650.35,40.21
2019-08-07,48,N2EXMIDP,0,0
2019-08-08,1,APXMIDP ,364.5,42.83
2019-08-08,1,N2EXMIDP,0,0
2019-08-08,2,APXMIDP ,282.55,41.39
2019-08-08,2,N2EXMIDP,0,0
2019-08-08,3,APXMIDP ,409.95,37.98
2019-08-08,3,N2EXMIDP,0,0
2019-08-08,4,APXMIDP ,342.8,36.61
2019-08-08,4,N2EXMIDP,0,0
2019-08-08,5,APXMIDP ,427.1,31.14
2019-08-08,5,N2EXMIDP,0,0
2019-08-08,6,APXMIDP ,427.4,30.7
2019-08-08,6,N2EXMIDP,0,0
2019-08-08,7,APXMIDP ,339.4,27.57
2019-08-08,7,N2EXMIDP,0,0
2019-08-08,8,APXMIDP ,311.6,30.37
2019-08-08,8,N2EXMIDP,0,0
2019-08-08,9,APXMIDP ,361.3,33.88
2019-08-08,9,N2EXMIDP,0,0
2019-08-08,10,APXMIDP ,410.3,34.32
2019-08-08,10,N2EXMIDP,0,0
2019-08-08,11,APXMIDP ,439,39.77
2019-08-08,11,N2EXMIDP,0,0
2019-08-08,12,APXMIDP ,478.7,41.99
2019-08-08,12,N2EXMIDP,0,0
2019-08-08,13,APXMIDP ,790.45,43.61
2019-08-08,13,N2EXMIDP,0,0
2019-08-08,14,APXMIDP ,1107.85,37.64
2019-08-08,14,N2EXMIDP,0,0
2019-08-08,15,APXMIDP ,1231.2,38.84
2019-08-08,15,N2EXMIDP,0,0
2019-08-08,16,APXMIDP ,1450.3,42.2
2019-08-08,16,N2EXMIDP,0,0
2019-08-08,17,APXMIDP ,1224.35,41.01
2019-08-08,17,N2EXMIDP,0,0
2019-08-08,18,APXMIDP ,1582.95,44.45
2019-08-08,18,N2EXMIDP,0,0
2019-08-08,19,APXMIDP ,1313.2,44.72
2019-08-08,19,N2EXMIDP,0,0
2019-08-08,20,APXMIDP ,1301.55,46.24
2019-08-08,20,N2EXMIDP,0,0
2019-08-08,21,APXMIDP ,1354.5,46.21
2019-08-08,21,N2EXMIDP,0,0
2019-08-08,22,APXMIDP ,1641.8,47.38
2019-08-08,22,N2EXMIDP,0,0
2019-08-08,23,APXMIDP ,1541.35,48.7
2019-08-08,23,N2EXMIDP,0,0
2019-08-08,24,APXMIDP ,1222.15,46.81
2019-08-08,24,N2EXMIDP,0,0
2019-08-08,25,APXMIDP ,1284,48.12
2019-08-08,25,N2EXMIDP,0,0
2019-08-08,26,APXMIDP ,1442.05,47.55
2019-08-08,26,N2EXMIDP,0,0
2019-08-08,27,APXMIDP ,1320.65,45.45
2019-08-08,27,N2EXMIDP,0,0
2019-08-08,28,APXMIDP ,1322.7,45.46
2019-08-08,28,N2EXMIDP,0,0
2019-08-08,29,APXMIDP ,1468.8,46
2019-08-08,29,N2EXMIDP,0,0
2019-08-08,30,APXMIDP ,1611.65,45.12
2019-08-08,30,N2EXMIDP,0,0
2019-08-08,31,APXMIDP ,1266.85,43.46
2019-08-08,31,N2EXMIDP,0,0
2019-08-08,32,APXMIDP ,1104.05,47.05
2019-08-08,32,N2EXMIDP,0,0
2019-08-08,33,APXMIDP ,1112.1,49.38
2019-08-08,33,N2EXMIDP,0,0
2019-08-08,34,APXMIDP ,1185.95,50.84
2019-08-08,34,N2EXMIDP,0,0
2019-08-08,35,APXMIDP ,887.45,53.81
2019-08-08,35,N2EXMIDP,0,0
2019-08-08,36,APXMIDP ,941.6,54.27
2019-08-08,36,N2EXMIDP,0,0
2019-08-08,37,APXMIDP ,1403.75,56.6
2019-08-08,37,N2EXMIDP,0,0
2019-08-08,38,APXMIDP ,1638.95,57.5
2019-08-08,38,N2EXMIDP,0,0
2019-08-08,39,APXMIDP ,1937.55,45.68
2019-08-08,39,N2EXMIDP,0,0
2019-08-08,40,APXMIDP ,1695.6,43.1
2019-08-08,40,N2EXMIDP,0,0
2019-08-08,41,APXMIDP ,1755.05,43.77
2019-08-08,41,N2EXMIDP,0,0
2019-08-08,42,APXMIDP ,1517.55,42.68
2019-08-08,42,N2EXMIDP,0,0
2019-08-08,43,APXMIDP ,1656.55,40.02
2019-08-08,43,N2EXMIDP,0,0
2019-08-08,44,APXMIDP ,1727.6,39.32
2019-08-08,44,N2EXMIDP,0,0
2019-08-08,45,APXMIDP ,1727.25,41.04
2019-08-08,45,N2EXMIDP,0,0
2019-08-08,46,APXMIDP ,1886.1,39.81
2019-08-08,46,N2EXMIDP,0,0
2019-08-08,47,APXMIDP ,1366.3,38.39
2019-08-08,47,N2EXMIDP,0,0
2019-08-08,48,APXMIDP ,999.65,40.23
2019-08-08,48,N2EXMIDP,0,0
2019-08-09,1,APXMIDP ,844.3,38.64
2019-08-09,1,N2EXMIDP,0,0
2019-08-09,2,APXMIDP ,545.25,34.75
2019-08-09,2,N2EXMIDP,0,0
2019-08-09,3,APXMIDP ,485.65,37.62
2019-08-09,3,N2EXMIDP,0,0
2019-08-09,4,APXMIDP ,389.6,27.44
2019-08-09,4,N2EXMIDP,0,0
2019-08-09,5,APXMIDP ,424.3,31.94
2019-08-09,5,N2EXMIDP,0,0
2019-08-09,6,APXMIDP ,545.1,26.16
2019-08-09,6,N2EXMIDP,0,0
2019-08-09,7,APXMIDP ,377.5,22.89
2019-08-09,7,N2EXMIDP,0,0
2019-08-09,8,APXMIDP ,410.8,21.21
2019-08-09,8,N2EXMIDP,0,0
2019-08-09,9,APXMIDP ,339,25.22
2019-08-09,9,N2EXMIDP,0,0
2019-08-09,10,APXMIDP ,387,27.32
2019-08-09,10,N2EXMIDP,0,0
2019-08-09,11,APXMIDP ,302.25,28.21
2019-08-09,11,N2EXMIDP,0,0
2019-08-09,12,APXMIDP ,598.1,31.56
2019-08-09,12,N2EXMIDP,0,0
2019-08-09,13,APXMIDP ,480.2,33.5
2019-08-09,13,N2EXMIDP,0,0
2019-08-09,14,APXMIDP ,968.3,42.08
2019-08-09,14,N2EXMIDP,0,0
2019-08-09,15,APXMIDP ,843.65,43.31
2019-08-09,15,N2EXMIDP,0,0
2019-08-09,16,APXMIDP ,1008,44.99
2019-08-09,16,N2EXMIDP,0,0
2019-08-09,17,APXMIDP ,877.15,37.53
2019-08-09,17,N2EXMIDP,0,0
2019-08-09,18,APXMIDP ,1134.85,42.22
2019-08-09,18,N2EXMIDP,0,0
2019-08-09,19,APXMIDP ,1357.6,42.53
2019-08-09,19,N2EXMIDP,0,0
2019-08-09,20,APXMIDP ,1440.75,43.27
2019-08-09,20,N2EXMIDP,0,0
2019-08-09,21,APXMIDP ,1901.35,42.23
2019-08-09,21,N2EXMIDP,0,0
2019-08-09,22,APXMIDP ,1792,38.86
2019-08-09,22,N2EXMIDP,0,0
2019-08-09,23,APXMIDP ,1344.65,38.29
2019-08-09,23,N2EXMIDP,0,0
2019-08-09,24,APXMIDP ,1337.85,37.15
2019-08-09,24,N2EXMIDP,0,0
2019-08-09,25,APXMIDP ,1420.25,36.79
2019-08-09,25,N2EXMIDP,0,0
2019-08-09,26,APXMIDP ,1401.5,36.46
2019-08-09,26,N2EXMIDP,0,0
2019-08-09,27,APXMIDP ,1190.15,36.15
2019-08-09,27,N2EXMIDP,0,0
2019-08-09,28,APXMIDP ,1113.65,35.72
2019-08-09,28,N2EXMIDP,0,0
2019-08-09,29,APXMIDP ,1169.4,37.57
2019-08-09,29,N2EXMIDP,0,0
2019-08-09,30,APXMIDP ,1279.15,38.59
2019-08-09,30,N2EXMIDP,0,0
2019-08-09,31,APXMIDP ,917.8,42.11
2019-08-09,31,N2EXMIDP,0,0
2019-08-09,32,APXMIDP ,1068,42.57
2019-08-09,32,N2EXMIDP,0,0
2019-08-09,33,APXMIDP ,985.85,42.1
2019-08-09,33,N2EXMIDP,0,0
2019-08-09,34,APXMIDP ,1047.75,47.1
2019-08-09,34,N2EXMIDP,0,0
2019-08-09,35,APXMIDP ,1125,49.39
2019-08-09,35,N2EXMIDP,0,0
2019-08-09,36,APXMIDP ,1604.85,53.41
2019-08-09,36,N2EXMIDP,0,0
2019-08-09,37,APXMIDP ,1483.6,52.3
2019-08-09,37,N2EXMIDP,0,0
2019-08-09,38,APXMIDP ,1896.2,54.3
2019-08-09,38,N2EXMIDP,0,0
2019-08-09,39,APXMIDP ,1901.4,53.13
2019-08-09,39,N2EXMIDP,0,0
2019-08-09,40,APXMIDP ,1722.55,53.61
2019-08-09,40,N2EXMIDP,0,0
2019-08-09,41,APXMIDP ,1581.4,53.38
2019-08-09,41,N2EXMIDP,0,0
2019-08-09,42,APXMIDP ,1703.45,53.18
2019-08-09,42,N2EXMIDP,0,0
2019-08-09,43,APXMIDP ,1749.25,51.41
2019-08-09,43,N2EXMIDP,0,0
2019-08-09,44,APXMIDP ,1604.55,50.52
2019-08-09,44,N2EXMIDP,0,0
2019-08-09,45,APXMIDP ,1589.65,46.99
2019-08-09,45,N2EXMIDP,0,0
2019-08-09,46,APXMIDP ,1496.85,45.1
2019-08-09,46,N2EXMIDP,0,0
2019-08-09,47,APXMIDP ,552,33.93
2019-08-09,47,N2EXMIDP,0,0
2019-08-09,48,APXMIDP ,434.6,32.62
2019-08-09,48,N2EXMIDP,0,0
2019-08-10,1,APXMIDP ,536.7,42.16
2019-08-10,1,N2EXMIDP,0,0
2019-08-10,2,APXMIDP ,328.05,32.53
2019-08-10,2,N2EXMIDP,0,0
2019-08-10,3,APXMIDP ,413,23.77
2019-08-10,3,N2EXMIDP,0,0
2019-08-10,4,APXMIDP ,410.95,23.28
2019-08-10,4,N2EXMIDP,0,0
2019-08-10,5,APXMIDP ,385.6,25.55
2019-08-10,5,N2EXMIDP,0,0
2019-08-10,6,APXMIDP ,412.9,26.19
2019-08-10,6,N2EXMIDP,0,0
2019-08-10,7,APXMIDP ,382.1,19.34
2019-08-10,7,N2EXMIDP,0,0
2019-08-10,8,APXMIDP ,361.7,20.87
2019-08-10,8,N2EXMIDP,0,0
2019-08-10,9,APXMIDP ,455.4,25.99
2019-08-10,9,N2EXMIDP,0,0
2019-08-10,10,APXMIDP ,445.75,24.83
2019-08-10,10,N2EXMIDP,0,0
2019-08-10,11,APXMIDP ,507.7,30.5
2019-08-10,11,N2EXMIDP,0,0
2019-08-10,12,APXMIDP ,479.5,33.08
2019-08-10,12,N2EXMIDP,0,0
2019-08-10,13,APXMIDP ,560.8,33.61
2019-08-10,13,N2EXMIDP,0,0
2019-08-10,14,APXMIDP ,598,37.18
2019-08-10,14,N2EXMIDP,0,0
2019-08-10,15,APXMIDP ,1201.8,38.78
2019-08-10,15,N2EXMIDP,0,0
2019-08-10,16,APXMIDP ,1316.45,43.45
2019-08-10,16,N2EXMIDP,0,0
2019-08-10,17,APXMIDP ,1548.75,42.18
2019-08-10,17,N2EXMIDP,0,0
2019-08-10,18,APXMIDP ,1459.25,43.97
2019-08-10,18,N2EXMIDP,0,0
2019-08-10,19,APXMIDP ,1514,44.99
2019-08-10,19,N2EXMIDP,0,0
2019-08-10,20,APXMIDP ,1632.15,45.8
2019-08-10,20,N2EXMIDP,0,0
2019-08-10,21,APXMIDP ,1562.75,46.13
2019-08-10,21,N2EXMIDP,0,0
2019-08-10,22,APXMIDP ,1703.8,46.27
2019-08-10,22,N2EXMIDP,0,0
2019-08-10,23,APXMIDP ,1261.55,48.85
2019-08-10,23,N2EXMIDP,0,0
2019-08-10,24,APXMIDP ,1146.55,49.49
2019-08-10,24,N2EXMIDP,0,0
2019-08-10,25,APXMIDP ,1340.05,49.64
2019-08-10,25,N2EXMIDP,0,0
2019-08-10,26,APXMIDP ,1236.35,48.91
2019-08-10,26,N2EXMIDP,0,0
2019-08-10,27,APXMIDP ,1714.2,45.87
2019-08-10,27,N2EXMIDP,0,0
2019-08-10,28,APXMIDP ,1664.6,43.83
2019-08-10,28,N2EXMIDP,0,0
2019-08-10,29,APXMIDP ,1590.3,43.32
2019-08-10,29,N2EXMIDP,0,0
2019-08-10,30,APXMIDP ,1561.25,41.31
2019-08-10,30,N2EXMIDP,0,0
2019-08-10,31,APXMIDP ,1364.15,41.71
2019-08-10,31,N2EXMIDP,0,0
2019-08-10,32,APXMIDP ,1261.6,41.36
2019-08-10,32,N2EXMIDP,0,0
2019-08-10,33,APXMIDP ,1044.25,43.6
2019-08-10,33,N2EXMIDP,0,0
2019-08-10,34,APXMIDP ,1020.3,43.68
2019-08-10,34,N2EXMIDP,0,0
2019-08-10,35,APXMIDP ,1187.4,46.77
2019-08-10,35,N2EXMIDP,0,0
2019-08-10,36,APXMIDP ,965.5,47.68
2019-08-10,36,N2EXMIDP,0,0
2019-08-10,37,APXMIDP ,906.6,47.65
2019-08-10,37,N2EXMIDP,0,0
2019-08-10,38,APXMIDP ,845.05,47.99
2019-08-10,38,N2EXMIDP,0,0
2019-08-10,39,APXMIDP ,895.35,49.96
2019-08-10,39,N2EXMIDP,0,0
2019-08-10,40,APXMIDP ,877.45,49.27
2019-08-10,40,N2EXMIDP,0,0
2019-08-10,41,APXMIDP ,770.5,47.61
2019-08-10,41,N2EXMIDP,0,0
2019-08-10,42,APXMIDP ,803.3,46.77
2019-08-10,42,N2EXMIDP,0,0
2019-08-10,43,APXMIDP ,978.8,48.2
2019-08-10,43,N2EXMIDP,0,0
2019-08-10,44,APXMIDP ,1262.65,47.79
2019-08-10,44,N2EXMIDP,0,0
2019-08-10,45,APXMIDP ,785.9,44.84
2019-08-10,45,N2EXMIDP,0,0
2019-08-10,46,APXMIDP ,841.5,35.59
2019-08-10,46,N2EXMIDP,0,0
2019-08-10,47,APXMIDP ,583.45,30.38
2019-08-10,47,N2EXMIDP,0,0
2019-08-10,48,APXMIDP ,516.15,15.16
2019-08-10,48,N2EXMIDP,0,0
2019-08-11,1,APXMIDP ,484.35,15.39
2019-08-11,1,N2EXMIDP,0,0
2019-08-11,2,APXMIDP ,501.1,14.26
2019-08-11,2,N2EXMIDP,0,0
2019-08-11,3,APXMIDP ,412.7,9.78
2019-08-11,3,N2EXMIDP,0,0
2019-08-11,4,APXMIDP ,376.15,11.23
2019-08-11,4,N2EXMIDP,0,0
2019-08-11,5,APXMIDP ,338,11.56
2019-08-11,5,N2EXMIDP,0,0
2019-08-11,6,APXMIDP ,441.2,13.52
2019-08-11,6,N2EXMIDP,0,0
2019-08-11,7,APXMIDP ,331.45,15.4
2019-08-11,7,N2EXMIDP,0,0
2019-08-11,8,APXMIDP ,318.45,14.6
2019-08-11,8,N2EXMIDP,0,0
2019-08-11,9,APXMIDP ,377.7,14.4
2019-08-11,9,N2EXMIDP,0,0
2019-08-11,10,APXMIDP ,504.6,11.44
2019-08-11,10,N2EXMIDP,0,0
2019-08-11,11,APXMIDP ,326.85,17.8
2019-08-11,11,N2EXMIDP,0,0
2019-08-11,12,APXMIDP ,297.15,24.5
2019-08-11,12,N2EXMIDP,0,0
2019-08-11,13,APXMIDP ,526.5,12.1
2019-08-11,13,N2EXMIDP,0,0
2019-08-11,14,APXMIDP ,433.8,15.99
2019-08-11,14,N2EXMIDP,0,0
2019-08-11,15,APXMIDP ,680.1,23.02
2019-08-11,15,N2EXMIDP,0,0
2019-08-11,16,APXMIDP ,731.8,25.95
2019-08-11,16,N2EXMIDP,0,0
2019-08-11,17,APXMIDP ,804.9,31.85
2019-08-11,17,N2EXMIDP,0,0
2019-08-11,18,APXMIDP ,822.75,34.56
2019-08-11,18,N2EXMIDP,0,0
2019-08-11,19,APXMIDP ,1175.15,31.76
2019-08-11,19,N2EXMIDP,0,0
2019-08-11,20,APXMIDP ,1044.3,35.97
2019-08-11,20,N2EXMIDP,0,0
2019-08-11,21,APXMIDP ,1046.2,36.81
2019-08-11,21,N2EXMIDP,0,0
2019-08-11,22,APXMIDP ,1170.35,36.4
2019-08-11,22,N2EXMIDP,0,0
2019-08-11,23,APXMIDP ,877.25,36.38
2019-08-11,23,N2EXMIDP,0,0
2019-08-11,24,APXMIDP ,721,38.22
2019-08-11,24,N2EXMIDP,0,0
2019-08-11,25,APXMIDP ,980.3,37.97
2019-08-11,25,N2EXMIDP,0,0
2019-08-11,26,APXMIDP ,944.1,38.61
2019-08-11,26,N2EXMIDP,0,0
2019-08-11,27,APXMIDP ,1053.65,36.31
2019-08-11,27,N2EXMIDP,0,0
2019-08-11,28,APXMIDP ,1050.65,36.03
2019-08-11,28,N2EXMIDP,0,0
2019-08-11,29,APXMIDP ,1319.4,36.67
2019-08-11,29,N2EXMIDP,0,0
2019-08-11,30,APXMIDP ,1190.4,35.35
2019-08-11,30,N2EXMIDP,0,0
2019-08-11,31,APXMIDP ,1174.7,33.11
2019-08-11,31,N2EXMIDP,0,0
2019-08-11,32,APXMIDP ,893.45,34.08
2019-08-11,32,N2EXMIDP,0,0
2019-08-11,33,APXMIDP ,1300.55,35.21
2019-08-11,33,N2EXMIDP,0,0
2019-08-11,34,APXMIDP ,1192.05,35.96
2019-08-11,34,N2EXMIDP,0,0
2019-08-11,35,APXMIDP ,1263.15,39.14
2019-08-11,35,N2EXMIDP,0,0
2019-08-11,36,APXMIDP ,855.85,40.06
2019-08-11,36,N2EXMIDP,0,0
2019-08-11,37,APXMIDP ,978.65,40.38
2019-08-11,37,N2EXMIDP,0,0
2019-08-11,38,APXMIDP ,1142.9,41.64
2019-08-11,38,N2EXMIDP,0,0
2019-08-11,39,APXMIDP ,965.15,47.18
2019-08-11,39,N2EXMIDP,0,0
2019-08-11,40,APXMIDP ,912.5,46.91
2019-08-11,40,N2EXMIDP,0,0
2019-08-11,41,APXMIDP ,752.7,48.24
2019-08-11,41,N2EXMIDP,0,0
2019-08-11,42,APXMIDP ,748.95,48.93
2019-08-11,42,N2EXMIDP,0,0
2019-08-11,43,APXMIDP ,978.4,52.32
2019-08-11,43,N2EXMIDP,0,0
2019-08-11,44,APXMIDP ,854.85,48.99
2019-08-11,44,N2EXMIDP,0,0
2019-08-11,45,APXMIDP ,1057.5,46.32
2019-08-11,45,N2EXMIDP,0,0
2019-08-11,46,APXMIDP ,987.15,37.39
2019-08-11,46,N2EXMIDP,0,0
2019-08-11,47,APXMIDP ,593.1,32.4
2019-08-11,47,N2EXMIDP,0,0
2019-08-11,48,APXMIDP ,326.65,29.31
2019-08-11,48,N2EXMIDP,0,0
2019-08-12,1,APXMIDP ,295.4,24.42
2019-08-12,1,N2EXMIDP,0,0
2019-08-12,2,APXMIDP ,318.8,25.35
2019-08-12,2,N2EXMIDP,0,0
2019-08-12,3,APXMIDP ,266.55,24.82
2019-08-12,3,N2EXMIDP,0,0
2019-08-12,4,APXMIDP ,272.65,23.97
2019-08-12,4,N2EXMIDP,0,0
2019-08-12,5,APXMIDP ,294.95,24.55
2019-08-12,5,N2EXMIDP,0,0
2019-08-12,6,APXMIDP ,327.25,24.36
2019-08-12,6,N2EXMIDP,0,0
2019-08-12,7,APXMIDP ,292.45,23.26
2019-08-12,7,N2EXMIDP,0,0
2019-08-12,8,APXMIDP ,310.4,24.1
2019-08-12,8,N2EXMIDP,0,0
2019-08-12,9,APXMIDP ,389.1,24.32
2019-08-12,9,N2EXMIDP,0,0
2019-08-12,10,APXMIDP ,304.3,24.93
2019-08-12,10,N2EXMIDP,0,0
2019-08-12,11,APXMIDP ,369.15,39.68
2019-08-12,11,N2EXMIDP,0,0
2019-08-12,12,APXMIDP ,504,42.36
2019-08-12,12,N2EXMIDP,0,0
2019-08-12,13,APXMIDP ,721.65,42.35
2019-08-12,13,N2EXMIDP,0,0
2019-08-12,14,APXMIDP ,749.4,40.5
2019-08-12,14,N2EXMIDP,0,0
2019-08-12,15,APXMIDP ,493.8,32.17
2019-08-12,15,N2EXMIDP,0,0
2019-08-12,16,APXMIDP ,441,37.86
2019-08-12,16,N2EXMIDP,0,0
2019-08-12,17,APXMIDP ,615.05,42.7
2019-08-12,17,N2EXMIDP,0,0
2019-08-12,18,APXMIDP ,885.25,46.22
2019-08-12,18,N2EXMIDP,0,0
2019-08-12,19,APXMIDP ,858.5,47.05
2019-08-12,19,N2EXMIDP,0,0
2019-08-12,20,APXMIDP ,998.85,46.5
2019-08-12,20,N2EXMIDP,0,0
2019-08-12,21,APXMIDP ,1486.25,48.15
2019-08-12,21,N2EXMIDP,0,0
2019-08-12,22,APXMIDP ,1429.3,47.52
2019-08-12,22,N2EXMIDP,0,0
2019-08-12,23,APXMIDP ,776.65,44.15
2019-08-12,23,N2EXMIDP,0,0
2019-08-12,24,APXMIDP ,1080.2,46.82
2019-08-12,24,N2EXMIDP,0,0
2019-08-12,25,APXMIDP ,862.1,44.01
2019-08-12,25,N2EXMIDP,0,0
2019-08-12,26,APXMIDP ,849.55,41.46
2019-08-12,26,N2EXMIDP,0,0
2019-08-12,27,APXMIDP ,1031.25,40.58
2019-08-12,27,N2EXMIDP,0,0
2019-08-12,28,APXMIDP ,931.35,39.33
2019-08-12,28,N2EXMIDP,0,0
2019-08-12,29,APXMIDP ,1167.05,39
2019-08-12,29,N2EXMIDP,0,0
2019-08-12,30,APXMIDP ,1028.5,37.39
2019-08-12,30,N2EXMIDP,0,0
2019-08-12,31,APXMIDP ,903.5,37.25
2019-08-12,31,N2EXMIDP,0,0
2019-08-12,32,APXMIDP ,1115.15,38.53
2019-08-12,32,N2EXMIDP,0,0
2019-08-12,33,APXMIDP ,1044.65,42.95
2019-08-12,33,N2EXMIDP,0,0
2019-08-12,34,APXMIDP ,929.25,41.91
2019-08-12,34,N2EXMIDP,0,0
2019-08-12,35,APXMIDP ,1381.5,47.7
2019-08-12,35,N2EXMIDP,0,0
2019-08-12,36,APXMIDP ,1438.9,52.91
2019-08-12,36,N2EXMIDP,0,0
2019-08-12,37,APXMIDP ,1225.2,60.28
2019-08-12,37,N2EXMIDP,0,0
2019-08-12,38,APXMIDP ,1513.35,59.2
2019-08-12,38,N2EXMIDP,0,0
2019-08-12,39,APXMIDP ,1324.75,58.34
2019-08-12,39,N2EXMIDP,0,0
2019-08-12,40,APXMIDP ,1318.65,57.62
2019-08-12,40,N2EXMIDP,0,0
2019-08-12,41,APXMIDP ,1069.55,55.98
2019-08-12,41,N2EXMIDP,0,0
2019-08-12,42,APXMIDP ,1257.75,57.79
2019-08-12,42,N2EXMIDP,0,0
2019-08-12,43,APXMIDP ,1253.05,48.62
2019-08-12,43,N2EXMIDP,0,0
2019-08-12,44,APXMIDP ,1275.75,50.8
2019-08-12,44,N2EXMIDP,0,0
2019-08-12,45,APXMIDP ,1322.55,46.22
2019-08-12,45,N2EXMIDP,0,0
2019-08-12,46,APXMIDP ,1601.6,44.67
2019-08-12,46,N2EXMIDP,0,0
2019-08-12,47,APXMIDP ,1084.75,46.56
2019-08-12,47,N2EXMIDP,0,0
2019-08-12,48,APXMIDP ,664,47.54
2019-08-12,48,N2EXMIDP,0,0
2019-08-13,1,APXMIDP ,542.35,52.2
2019-08-13,1,N2EXMIDP,0,0
2019-08-13,2,APXMIDP ,350.25,46.85
2019-08-13,2,N2EXMIDP,0,0
2019-08-13,3,APXMIDP ,245.35,39.72
2019-08-13,3,N2EXMIDP,0,0
2019-08-13,4,APXMIDP ,247.2,39.31
2019-08-13,4,N2EXMIDP,0,0
2019-08-13,5,APXMIDP ,320.35,38.01
2019-08-13,5,N2EXMIDP,0,0
2019-08-13,6,APXMIDP ,408.2,36.56
2019-08-13,6,N2EXMIDP,0,0
2019-08-13,7,APXMIDP ,305.1,33.02
2019-08-13,7,N2EXMIDP,0,0
2019-08-13,8,APXMIDP ,304.2,33.56
2019-08-13,8,N2EXMIDP,0,0
2019-08-13,9,APXMIDP ,284.3,35.63
2019-08-13,9,N2EXMIDP,0,0
2019-08-13,10,APXMIDP ,343.55,35
2019-08-13,10,N2EXMIDP,0,0
2019-08-13,11,APXMIDP ,393.8,46.92
2019-08-13,11,N2EXMIDP,0,0
2019-08-13,12,APXMIDP ,335.85,45.7
2019-08-13,12,N2EXMIDP,0,0
2019-08-13,13,APXMIDP ,342.2,50.48
2019-08-13,13,N2EXMIDP,0,0
2019-08-13,14,APXMIDP ,813.6,48.93
2019-08-13,14,N2EXMIDP,0,0
2019-08-13,15,APXMIDP ,986.3,57.09
2019-08-13,15,N2EXMIDP,0,0
2019-08-13,16,APXMIDP ,886.05,61.46
2019-08-13,16,N2EXMIDP,0,0
2019-08-13,17,APXMIDP ,803.6,57.26
2019-08-13,17,N2EXMIDP,0,0
2019-08-13,18,APXMIDP ,881.8,55.68
2019-08-13,18,N2EXMIDP,0,0
2019-08-13,19,APXMIDP ,925.6,53
2019-08-13,19,N2EXMIDP,0,0
2019-08-13,20,APXMIDP ,875.35,48.64
2019-08-13,20,N2EXMIDP,0,0
2019-08-13,21,APXMIDP ,923.35,46.55
2019-08-13,21,N2EXMIDP,0,0
2019-08-13,22,APXMIDP ,1121.9,43.79
2019-08-13,22,N2EXMIDP,0,0
2019-08-13,23,APXMIDP ,918.3,40.52
2019-08-13,23,N2EXMIDP,0,0
2019-08-13,24,APXMIDP ,933.55,38.81
2019-08-13,24,N2EXMIDP,0,0
2019-08-13,25,APXMIDP ,970.1,38.52
2019-08-13,25,N2EXMIDP,0,0
2019-08-13,26,APXMIDP ,1141.85,38.57
2019-08-13,26,N2EXMIDP,0,0
2019-08-13,27,APXMIDP ,1318.7,36.91
2019-08-13,27,N2EXMIDP,0,0
2019-08-13,28,APXMIDP ,1371,36.66
2019-08-13,28,N2EXMIDP,0,0
2019-08-13,29,APXMIDP ,1303.15,36.54
2019-08-13,29,N2EXMIDP,0,0
2019-08-13,30,APXMIDP ,1463.55,36.26
2019-08-13,30,N2EXMIDP,0,0
2019-08-13,31,APXMIDP ,1108.7,38.28
2019-08-13,31,N2EXMIDP,0,0
2019-08-13,32,APXMIDP ,992.45,38.82
2019-08-13,32,N2EXMIDP,0,0
2019-08-13,33,APXMIDP ,1461.1,38.14
2019-08-13,33,N2EXMIDP,0,0
2019-08-13,34,APXMIDP ,1295.7,41.19
2019-08-13,34,N2EXMIDP,0,0
2019-08-13,35,APXMIDP ,1654.6,45.69
2019-08-13,35,N2EXMIDP,0,0
2019-08-13,36,APXMIDP ,1394.35,46.6
2019-08-13,36,N2EXMIDP,0,0
2019-08-13,37,APXMIDP ,1404.1,47.83
2019-08-13,37,N2EXMIDP,0,0
2019-08-13,38,APXMIDP ,1292.95,49.82
2019-08-13,38,N2EXMIDP,0,0
2019-08-13,39,APXMIDP ,1101.2,51.51
2019-08-13,39,N2EXMIDP,0,0
2019-08-13,40,APXMIDP ,1119.8,53.7
2019-08-13,40,N2EXMIDP,0,0
2019-08-13,41,APXMIDP ,1191.4,55.06
2019-08-13,41,N2EXMIDP,0,0
2019-08-13,42,APXMIDP ,775.2,52.47
2019-08-13,42,N2EXMIDP,0,0
2019-08-13,43,APXMIDP ,1025.05,53.59
2019-08-13,43,N2EXMIDP,0,0
2019-08-13,44,APXMIDP ,1122.9,55.76
2019-08-13,44,N2EXMIDP,0,0
2019-08-13,45,APXMIDP ,942.75,46.07
2019-08-13,45,N2EXMIDP,0,0
2019-08-13,46,APXMIDP ,807.45,42.89
2019-08-13,46,N2EXMIDP,0,0
2019-08-13,47,APXMIDP ,342.35,39.59
2019-08-13,47,N2EXMIDP,0,0
2019-08-13,48,APXMIDP ,331.65,38.13
2019-08-13,48,N2EXMIDP,0,0
2019-08-14,1,APXMIDP ,328.8,36.16
2019-08-14,1,N2EXMIDP,0,0
2019-08-14,2,APXMIDP ,334.5,32.62
2019-08-14,2,N2EXMIDP,0,0
2019-08-14,3,APXMIDP ,319.9,33.66
2019-08-14,3,N2EXMIDP,0,0
2019-08-14,4,APXMIDP ,361.2,33.19
2019-08-14,4,N2EXMIDP,0,0
2019-08-14,5,APXMIDP ,312.2,33.92
2019-08-14,5,N2EXMIDP,0,0
2019-08-14,6,APXMIDP ,332.5,35.39
2019-08-14,6,N2EXMIDP,0,0
2019-08-14,7,APXMIDP ,261.5,35.24
2019-08-14,7,N2EXMIDP,0,0
2019-08-14,8,APXMIDP ,229,34.7
2019-08-14,8,N2EXMIDP,0,0
2019-08-14,9,APXMIDP ,295,37.02
2019-08-14,9,N2EXMIDP,0,0
2019-08-14,10,APXMIDP ,356.5,37.33
2019-08-14,10,N2EXMIDP,0,0
2019-08-14,11,APXMIDP ,271.3,35.31
2019-08-14,11,N2EXMIDP,0,0
2019-08-14,12,APXMIDP ,273.1,34.81
2019-08-14,12,N2EXMIDP,0,0
2019-08-14,13,APXMIDP ,648.4,39.46
2019-08-14,13,N2EXMIDP,0,0
2019-08-14,14,APXMIDP ,766.7,34.83
2019-08-14,14,N2EXMIDP,0,0
2019-08-14,15,APXMIDP ,510.5,31.93
2019-08-14,15,N2EXMIDP,0,0
2019-08-14,16,APXMIDP ,553,39.32
2019-08-14,16,N2EXMIDP,0,0
2019-08-14,17,APXMIDP ,886.35,41.53
2019-08-14,17,N2EXMIDP,0,0
2019-08-14,18,APXMIDP ,853.95,44.88
2019-08-14,18,N2EXMIDP,0,0
2019-08-14,19,APXMIDP ,1097.25,51.2
2019-08-14,19,N2EXMIDP,0,0
2019-08-14,20,APXMIDP ,981,51.22
2019-08-14,20,N2EXMIDP,0,0
2019-08-14,21,APXMIDP ,1135.55,48.56
2019-08-14,21,N2EXMIDP,0,0
2019-08-14,22,APXMIDP ,1446.5,48.35
2019-08-14,22,N2EXMIDP,0,0
2019-08-14,23,APXMIDP ,1136.8,45.43
2019-08-14,23,N2EXMIDP,0,0
2019-08-14,24,APXMIDP ,1277.4,44.29
2019-08-14,24,N2EXMIDP,0,0
2019-08-14,25,APXMIDP ,1368.75,41.43
2019-08-14,25,N2EXMIDP,0,0
2019-08-14,26,APXMIDP ,1253.15,41.29
2019-08-14,26,N2EXMIDP,0,0
2019-08-14,27,APXMIDP ,1312.4,40.36
2019-08-14,27,N2EXMIDP,0,0
2019-08-14,28,APXMIDP ,1218.55,39.02
2019-08-14,28,N2EXMIDP,0,0
2019-08-14,29,APXMIDP ,1282.6,37.8
2019-08-14,29,N2EXMIDP,0,0
2019-08-14,30,APXMIDP ,1354.3,37.31
2019-08-14,30,N2EXMIDP,0,0
2019-08-14,31,APXMIDP ,1568.1,35.97
2019-08-14,31,N2EXMIDP,0,0
2019-08-14,32,APXMIDP ,1835.5,35.95
2019-08-14,32,N2EXMIDP,0,0
2019-08-14,33,APXMIDP ,1589.65,36.32
2019-08-14,33,N2EXMIDP,0,0
2019-08-14,34,APXMIDP ,1476.55,36.84
2019-08-14,34,N2EXMIDP,0,0
2019-08-14,35,APXMIDP ,1339,39.5
2019-08-14,35,N2EXMIDP,0,0
2019-08-14,36,APXMIDP ,1395.4,39.38
2019-08-14,36,N2EXMIDP,0,0
2019-08-14,37,APXMIDP ,1316.7,41.14
2019-08-14,37,N2EXMIDP,0,0
2019-08-14,38,APXMIDP ,1160.4,41.93
2019-08-14,38,N2EXMIDP,0,0
2019-08-14,39,APXMIDP ,1744.6,42.82
2019-08-14,39,N2EXMIDP,0,0
2019-08-14,40,APXMIDP ,1626.6,41.52
2019-08-14,40,N2EXMIDP,0,0
2019-08-14,41,APXMIDP ,1539.2,40.63
2019-08-14,41,N2EXMIDP,0,0
2019-08-14,42,APXMIDP ,1526.3,40.88
2019-08-14,42,N2EXMIDP,0,0
2019-08-14,43,APXMIDP ,2052,39.09
2019-08-14,43,N2EXMIDP,0,0
2019-08-14,44,APXMIDP ,1857.45,40.1
2019-08-14,44,N2EXMIDP,0,0
2019-08-14,45,APXMIDP ,1757.65,38.22
2019-08-14,45,N2EXMIDP,0,0
2019-08-14,46,APXMIDP ,1760.55,38.26
2019-08-14,46,N2EXMIDP,0,0
2019-08-14,47,APXMIDP ,652.85,44.58
2019-08-14,47,N2EXMIDP,0,0
2019-08-14,48,APXMIDP ,728.4,45.31
2019-08-14,48,N2EXMIDP,0,0
2019-08-15,1,APXMIDP ,452.3,40.67
2019-08-15,1,N2EXMIDP,0,0
2019-08-15,2,APXMIDP ,517.8,38.05
2019-08-15,2,N2EXMIDP,0,0
2019-08-15,3,APXMIDP ,364.5,23.62
2019-08-15,3,N2EXMIDP,0,0
2019-08-15,4,APXMIDP ,432.15,18.46
2019-08-15,4,N2EXMIDP,0,0
2019-08-15,5,APXMIDP ,535.65,15.66
2019-08-15,5,N2EXMIDP,0,0
2019-08-15,6,APXMIDP ,589.2,15.46
2019-08-15,6,N2EXMIDP,0,0
2019-08-15,7,APXMIDP ,444.95,10.59
2019-08-15,7,N2EXMIDP,0,0
2019-08-15,8,APXMIDP ,504.95,9.75
2019-08-15,8,N2EXMIDP,0,0
2019-08-15,9,APXMIDP ,505.2,10.46
2019-08-15,9,N2EXMIDP,0,0
2019-08-15,10,APXMIDP ,485.4,11.41
2019-08-15,10,N2EXMIDP,0,0
2019-08-15,11,APXMIDP ,523.35,13.54
2019-08-15,11,N2EXMIDP,0,0
2019-08-15,12,APXMIDP ,403.5,12.71
2019-08-15,12,N2EXMIDP,0,0
2019-08-15,13,APXMIDP ,685.5,15.26
2019-08-15,13,N2EXMIDP,0,0
2019-08-15,14,APXMIDP ,604.6,15.85
2019-08-15,14,N2EXMIDP,0,0
2019-08-15,15,APXMIDP ,1203,30.19
2019-08-15,15,N2EXMIDP,0,0
2019-08-15,16,APXMIDP ,913.3,30.38
2019-08-15,16,N2EXMIDP,0,0
2019-08-15,17,APXMIDP ,966.1,32.25
2019-08-15,17,N2EXMIDP,0,0
2019-08-15,18,APXMIDP ,886.95,32.43
2019-08-15,18,N2EXMIDP,0,0
2019-08-15,19,APXMIDP ,1122.3,31.86
2019-08-15,19,N2EXMIDP,0,0
2019-08-15,20,APXMIDP ,1228.05,29.79
2019-08-15,20,N2EXMIDP,0,0
2019-08-15,21,APXMIDP ,1248.15,29.01
2019-08-15,21,N2EXMIDP,0,0
2019-08-15,22,APXMIDP ,1356.8,27.92
2019-08-15,22,N2EXMIDP,0,0
2019-08-15,23,APXMIDP ,1395.5,28.75
2019-08-15,23,N2EXMIDP,0,0
2019-08-15,24,APXMIDP ,1483.35,27.73
2019-08-15,24,N2EXMIDP,0,0
2019-08-15,25,APXMIDP ,1546.95,27.73
2019-08-15,25,N2EXMIDP,0,0
2019-08-15,26,APXMIDP ,1541.05,28.23
2019-08-15,26,N2EXMIDP,0,0
2019-08-15,27,APXMIDP ,1448.15,28.36
2019-08-15,27,N2EXMIDP,0,0
2019-08-15,28,APXMIDP ,1474,27.86
2019-08-15,28,N2EXMIDP,0,0
2019-08-15,29,APXMIDP ,1729.7,27.33
2019-08-15,29,N2EXMIDP,0,0
2019-08-15,30,APXMIDP ,1526.55,27.09
2019-08-15,30,N2EXMIDP,0,0
2019-08-15,31,APXMIDP ,1819.45,30.43
2019-08-15,31,N2EXMIDP,0,0
2019-08-15,32,APXMIDP ,1737.5,30.35
2019-08-15,32,N2EXMIDP,0,0
2019-08-15,33,APXMIDP ,1918.45,32.47
2019-08-15,33,N2EXMIDP,0,0
2019-08-15,34,APXMIDP ,1910.65,34.09
2019-08-15,34,N2EXMIDP,0,0
2019-08-15,35,APXMIDP ,1888.55,37.2
2019-08-15,35,N2EXMIDP,0,0
2019-08-15,36,APXMIDP ,1683.95,37.76
2019-08-15,36,N2EXMIDP,0,0
2019-08-15,37,APXMIDP ,1610.2,37.66
2019-08-15,37,N2EXMIDP,0,0
2019-08-15,38,APXMIDP ,1620.4,37.49
2019-08-15,38,N2EXMIDP,0,0
2019-08-15,39,APXMIDP ,937.25,45
2019-08-15,39,N2EXMIDP,0,0
2019-08-15,40,APXMIDP ,979.5,44.46
2019-08-15,40,N2EXMIDP,0,0
2019-08-15,41,APXMIDP ,982.95,43.84
2019-08-15,41,N2EXMIDP,0,0
2019-08-15,42,APXMIDP ,998.65,45.78
2019-08-15,42,N2EXMIDP,0,0
2019-08-15,43,APXMIDP ,759.35,42.95
2019-08-15,43,N2EXMIDP,0,0
2019-08-15,44,APXMIDP ,934.15,42.36
2019-08-15,44,N2EXMIDP,0,0
2019-08-15,45,APXMIDP ,853.9,40.34
2019-08-15,45,N2EXMIDP,0,0
2019-08-15,46,APXMIDP ,975.65,40.53
2019-08-15,46,N2EXMIDP,0,0
2019-08-15,47,APXMIDP ,783.9,44.95
2019-08-15,47,N2EXMIDP,0,0
2019-08-15,48,APXMIDP ,1018.25,47.73
2019-08-15,48,N2EXMIDP,0,0
2019-08-16,1,APXMIDP ,574.9,43.55
2019-08-16,1,N2EXMIDP,0,0
2019-08-16,2,APXMIDP ,851,39.62
2019-08-16,2,N2EXMIDP,0,0
2019-08-16,3,APXMIDP ,384,29.39
2019-08-16,3,N2EXMIDP,0,0
2019-08-16,4,APXMIDP ,530,31.86
2019-08-16,4,N2EXMIDP,0,0
2019-08-16,5,APXMIDP ,454.8,30.95
2019-08-16,5,N2EXMIDP,0,0
2019-08-16,6,APXMIDP ,454.95,30.57
2019-08-16,6,N2EXMIDP,0,0
2019-08-16,7,APXMIDP ,392.9,32.05
2019-08-16,7,N2EXMIDP,0,0
2019-08-16,8,APXMIDP ,416.05,31.71
2019-08-16,8,N2EXMIDP,0,0
2019-08-16,9,APXMIDP ,583.6,33.85
2019-08-16,9,N2EXMIDP,0,0
2019-08-16,10,APXMIDP ,548.7,33.53
2019-08-16,10,N2EXMIDP,0,0
2019-08-16,11,APXMIDP ,444.65,38.83
2019-08-16,11,N2EXMIDP,0,0
2019-08-16,12,APXMIDP ,434.9,39.95
2019-08-16,12,N2EXMIDP,0,0
2019-08-16,13,APXMIDP ,491.05,41.33
2019-08-16,13,N2EXMIDP,0,0
2019-08-16,14,APXMIDP ,508.95,41.63
2019-08-16,14,N2EXMIDP,0,0
2019-08-16,15,APXMIDP ,1045.6,41.99
2019-08-16,15,N2EXMIDP,0,0
2019-08-16,16,APXMIDP ,743.95,42.1
2019-08-16,16,N2EXMIDP,0,0
2019-08-16,17,APXMIDP ,888,40.88
2019-08-16,17,N2EXMIDP,0,0
2019-08-16,18,APXMIDP ,842.35,42.44
2019-08-16,18,N2EXMIDP,0,0
2019-08-16,19,APXMIDP ,1285.7,41.64
2019-08-16,19,N2EXMIDP,0,0
2019-08-16,20,APXMIDP ,1151.75,40.98
2019-08-16,20,N2EXMIDP,0,0
2019-08-16,21,APXMIDP ,1265.8,41.23
2019-08-16,21,N2EXMIDP,0,0
2019-08-16,22,APXMIDP ,1276.5,40.5
2019-08-16,22,N2EXMIDP,0,0
2019-08-16,23,APXMIDP ,1034.55,37.16
2019-08-16,23,N2EXMIDP,0,0
2019-08-16,24,APXMIDP ,1317.15,36.6
2019-08-16,24,N2EXMIDP,0,0
2019-08-16,25,APXMIDP ,1279.65,35.11
2019-08-16,25,N2EXMIDP,0,0
2019-08-16,26,APXMIDP ,1453.7,33.65
2019-08-16,26,N2EXMIDP,0,0
2019-08-16,27,APXMIDP ,1293.15,30.9
2019-08-16,27,N2EXMIDP,0,0
2019-08-16,28,APXMIDP ,1211.75,30.92
2019-08-16,28,N2EXMIDP,0,0
2019-08-16,29,APXMIDP ,1227.15,30.98
2019-08-16,29,N2EXMIDP,0,0
2019-08-16,30,APXMIDP ,1273.5,31.25
2019-08-16,30,N2EXMIDP,0,0
2019-08-16,31,APXMIDP ,1235.9,37.76
2019-08-16,31,N2EXMIDP,0,0
2019-08-16,32,APXMIDP ,1179.4,38.54
2019-08-16,32,N2EXMIDP,0,0
2019-08-16,33,APXMIDP ,1203.65,38.78
2019-08-16,33,N2EXMIDP,0,0
2019-08-16,34,APXMIDP ,1263.55,41.26
2019-08-16,34,N2EXMIDP,0,0
2019-08-16,35,APXMIDP ,1280.95,49.9
2019-08-16,35,N2EXMIDP,0,0
2019-08-16,36,APXMIDP ,1049,50.52
2019-08-16,36,N2EXMIDP,0,0
2019-08-16,37,APXMIDP ,974.15,50.78
2019-08-16,37,N2EXMIDP,0,0
2019-08-16,38,APXMIDP ,1067.45,50.54
2019-08-16,38,N2EXMIDP,0,0
2019-08-16,39,APXMIDP ,733.55,50.46
2019-08-16,39,N2EXMIDP,0,0
2019-08-16,40,APXMIDP ,654.6,49.76
2019-08-16,40,N2EXMIDP,0,0
2019-08-16,41,APXMIDP ,840.65,46.18
2019-08-16,41,N2EXMIDP,0,0
2019-08-16,42,APXMIDP ,721.35,45.06
2019-08-16,42,N2EXMIDP,0,0
2019-08-16,43,APXMIDP ,609.15,43.13
2019-08-16,43,N2EXMIDP,0,0
2019-08-16,44,APXMIDP ,632.7,42.37
2019-08-16,44,N2EXMIDP,0,0
2019-08-16,45,APXMIDP ,903.4,39.61
2019-08-16,45,N2EXMIDP,0,0
2019-08-16,46,APXMIDP ,956.5,33.09
2019-08-16,46,N2EXMIDP,0,0
2019-08-16,47,APXMIDP ,701.6,31.34
2019-08-16,47,N2EXMIDP,0,0
2019-08-16,48,APXMIDP ,447.35,22.95
2019-08-16,48,N2EXMIDP,0,0
2019-08-17,1,APXMIDP ,335.5,20.94
2019-08-17,1,N2EXMIDP,0,0
2019-08-17,2,APXMIDP ,300.7,10.26
2019-08-17,2,N2EXMIDP,0,0
2019-08-17,3,APXMIDP ,269,13.56
2019-08-17,3,N2EXMIDP,0,0
2019-08-17,4,APXMIDP ,257.05,12.42
2019-08-17,4,N2EXMIDP,0,0
2019-08-17,5,APXMIDP ,536.6,15.05
2019-08-17,5,N2EXMIDP,0,0
2019-08-17,6,APXMIDP ,460.3,19.91
2019-08-17,6,N2EXMIDP,0,0
2019-08-17,7,APXMIDP ,399,14.75
2019-08-17,7,N2EXMIDP,0,0
2019-08-17,8,APXMIDP ,567,17.21
2019-08-17,8,N2EXMIDP,0,0
2019-08-17,9,APXMIDP ,498.8,18.93
2019-08-17,9,N2EXMIDP,0,0
2019-08-17,10,APXMIDP ,508.5,20.7
2019-08-17,10,N2EXMIDP,0,0
2019-08-17,11,APXMIDP ,647.1,24.06
2019-08-17,11,N2EXMIDP,0,0
2019-08-17,12,APXMIDP ,602.45,22
2019-08-17,12,N2EXMIDP,0,0
2019-08-17,13,APXMIDP ,617.3,21.34
2019-08-17,13,N2EXMIDP,0,0
2019-08-17,14,APXMIDP ,747,28.69
2019-08-17,14,N2EXMIDP,0,0
2019-08-17,15,APXMIDP ,712.9,36.17
2019-08-17,15,N2EXMIDP,0,0
2019-08-17,16,APXMIDP ,744.1,42.54
2019-08-17,16,N2EXMIDP,0,0
2019-08-17,17,APXMIDP ,666.7,39.66
2019-08-17,17,N2EXMIDP,0,0
2019-08-17,18,APXMIDP ,784.25,42.51
2019-08-17,18,N2EXMIDP,0,0
2019-08-17,19,APXMIDP ,858.05,45.04
2019-08-17,19,N2EXMIDP,0,0
2019-08-17,20,APXMIDP ,821.05,43.39
2019-08-17,20,N2EXMIDP,0,0
2019-08-17,21,APXMIDP ,884.3,41.38
2019-08-17,21,N2EXMIDP,0,0
2019-08-17,22,APXMIDP ,1018.95,37.73
2019-08-17,22,N2EXMIDP,0,0
2019-08-17,23,APXMIDP ,707.8,32.1
2019-08-17,23,N2EXMIDP,0,0
2019-08-17,24,APXMIDP ,978.55,32.9
2019-08-17,24,N2EXMIDP,0,0
2019-08-17,25,APXMIDP ,949.85,32.32
2019-08-17,25,N2EXMIDP,0,0
2019-08-17,26,APXMIDP ,884.15,29.37
2019-08-17,26,N2EXMIDP,0,0
2019-08-17,27,APXMIDP ,936.55,25.77
2019-08-17,27,N2EXMIDP,0,0
2019-08-17,28,APXMIDP ,909.55,25.91
2019-08-17,28,N2EXMIDP,0,0
2019-08-17,29,APXMIDP ,935.1,24.51
2019-08-17,29,N2EXMIDP,0,0
2019-08-17,30,APXMIDP ,839.45,25.69
2019-08-17,30,N2EXMIDP,0,0
2019-08-17,31,APXMIDP ,624.2,14.34
2019-08-17,31,N2EXMIDP,0,0
2019-08-17,32,APXMIDP ,499.4,17.88
2019-08-17,32,N2EXMIDP,0,0
2019-08-17,33,APXMIDP ,664.8,19.23
2019-08-17,33,N2EXMIDP,0,0
2019-08-17,34,APXMIDP ,645.5,22.95
2019-08-17,34,N2EXMIDP,0,0
2019-08-17,35,APXMIDP ,801.5,30.6
2019-08-17,35,N2EXMIDP,0,0
2019-08-17,36,APXMIDP ,961.45,34.82
2019-08-17,36,N2EXMIDP,0,0
2019-08-17,37,APXMIDP ,931.2,40.04
2019-08-17,37,N2EXMIDP,0,0
2019-08-17,38,APXMIDP ,717.95,40.81
2019-08-17,38,N2EXMIDP,0,0
2019-08-17,39,APXMIDP ,743.3,46.62
2019-08-17,39,N2EXMIDP,0,0
2019-08-17,40,APXMIDP ,690.55,47.93
2019-08-17,40,N2EXMIDP,0,0
2019-08-17,41,APXMIDP ,834.8,49.13
2019-08-17,41,N2EXMIDP,0,0
2019-08-17,42,APXMIDP ,711.95,48.09
2019-08-17,42,N2EXMIDP,0,0
2019-08-17,43,APXMIDP ,927.8,50.69
2019-08-17,43,N2EXMIDP,0,0
2019-08-17,44,APXMIDP ,1046.75,50.43
2019-08-17,44,N2EXMIDP,0,0
2019-08-17,45,APXMIDP ,1165.05,47.42
2019-08-17,45,N2EXMIDP,0,0
2019-08-17,46,APXMIDP ,1255.9,42.02
2019-08-17,46,N2EXMIDP,0,0
2019-08-17,47,APXMIDP ,834.05,44.67
2019-08-17,47,N2EXMIDP,0,0
2019-08-17,48,APXMIDP ,368.85,33.93
2019-08-17,48,N2EXMIDP,0,0
2019-08-18,1,APXMIDP ,425,31.74
2019-08-18,1,N2EXMIDP,0,0
2019-08-18,2,APXMIDP ,320.65,14.22
2019-08-18,2,N2EXMIDP,0,0
2019-08-18,3,APXMIDP ,402.35,14.27
2019-08-18,3,N2EXMIDP,0,0
2019-08-18,4,APXMIDP ,340,15.07
2019-08-18,4,N2EXMIDP,0,0
2019-08-18,5,APXMIDP ,254.45,13.53
2019-08-18,5,N2EXMIDP,0,0
2019-08-18,6,APXMIDP ,220.2,10.65
2019-08-18,6,N2EXMIDP,0,0
2019-08-18,7,APXMIDP ,242.7,5.98
2019-08-18,7,N2EXMIDP,0,0
2019-08-18,8,APXMIDP ,254,3.8
2019-08-18,8,N2EXMIDP,0,0
2019-08-18,9,APXMIDP ,230.8,25.54
2019-08-18,9,N2EXMIDP,0,0
2019-08-18,10,APXMIDP ,53.8,25.48
2019-08-18,10,N2EXMIDP,0,0
2019-08-18,11,APXMIDP ,169.95,16.06
2019-08-18,11,N2EXMIDP,0,0
2019-08-18,12,APXMIDP ,140.25,17.09
2019-08-18,12,N2EXMIDP,0,0
2019-08-18,13,APXMIDP ,334.9,15.97
2019-08-18,13,N2EXMIDP,0,0
2019-08-18,14,APXMIDP ,318,13.43
2019-08-18,14,N2EXMIDP,0,0
2019-08-18,15,APXMIDP ,416,15.38
2019-08-18,15,N2EXMIDP,0,0
2019-08-18,16,APXMIDP ,222,26.23
2019-08-18,16,N2EXMIDP,0,0
2019-08-18,17,APXMIDP ,198.75,28.66
2019-08-18,17,N2EXMIDP,0,0
2019-08-18,18,APXMIDP ,483.05,41.35
2019-08-18,18,N2EXMIDP,0,0
2019-08-18,19,APXMIDP ,352.75,37.12
2019-08-18,19,N2EXMIDP,0,0
2019-08-18,20,APXMIDP ,470.15,40.24
2019-08-18,20,N2EXMIDP,0,0
2019-08-18,21,APXMIDP ,532.9,40.55
2019-08-18,21,N2EXMIDP,0,0
2019-08-18,22,APXMIDP ,684.05,39.36
2019-08-18,22,N2EXMIDP,0,0
2019-08-18,23,APXMIDP ,471.5,24.6
2019-08-18,23,N2EXMIDP,0,0
2019-08-18,24,APXMIDP ,604.95,18.82
2019-08-18,24,N2EXMIDP,0,0
2019-08-18,25,APXMIDP ,561.4,17.33
2019-08-18,25,N2EXMIDP,0,0
2019-08-18,26,APXMIDP ,836.1,9.87
2019-08-18,26,N2EXMIDP,0,0
2019-08-18,27,APXMIDP ,758.25,9.1
2019-08-18,27,N2EXMIDP,0,0
2019-08-18,28,APXMIDP ,829.45,7.7
2019-08-18,28,N2EXMIDP,0,0
2019-08-18,29,APXMIDP ,766.95,8.56
2019-08-18,29,N2EXMIDP,0,0
2019-08-18,30,APXMIDP ,780.15,8.22
2019-08-18,30,N2EXMIDP,0,0
2019-08-18,31,APXMIDP ,791.95,8.75
2019-08-18,31,N2EXMIDP,0,0
2019-08-18,32,APXMIDP ,712.65,11.19
2019-08-18,32,N2EXMIDP,0,0
2019-08-18,33,APXMIDP ,557.75,20.08
2019-08-18,33,N2EXMIDP,0,0
2019-08-18,34,APXMIDP ,698.5,36.63
2019-08-18,34,N2EXMIDP,0,0
2019-08-18,35,APXMIDP ,707.75,36.87
2019-08-18,35,N2EXMIDP,0,0
2019-08-18,36,APXMIDP ,772.95,38.33
2019-08-18,36,N2EXMIDP,0,0
2019-08-18,37,APXMIDP ,906.35,35.9
2019-08-18,37,N2EXMIDP,0,0
2019-08-18,38,APXMIDP ,761.1,38.19
2019-08-18,38,N2EXMIDP,0,0
2019-08-18,39,APXMIDP ,1097.95,42.03
2019-08-18,39,N2EXMIDP,0,0
2019-08-18,40,APXMIDP ,927.65,43.03
2019-08-18,40,N2EXMIDP,0,0
2019-08-18,41,APXMIDP ,1002.3,43.6
2019-08-18,41,N2EXMIDP,0,0
2019-08-18,42,APXMIDP ,1062,44.77
2019-08-18,42,N2EXMIDP,0,0
2019-08-18,43,APXMIDP ,1201.75,48.93
2019-08-18,43,N2EXMIDP,0,0
2019-08-18,44,APXMIDP ,1175.25,46.59
2019-08-18,44,N2EXMIDP,0,0
2019-08-18,45,APXMIDP ,1133.85,39.46
2019-08-18,45,N2EXMIDP,0,0
2019-08-18,46,APXMIDP ,1316.6,33.55
2019-08-18,46,N2EXMIDP,0,0
2019-08-18,47,APXMIDP ,388.6,35.83
2019-08-18,47,N2EXMIDP,0,0
2019-08-18,48,APXMIDP ,349.8,23.87
2019-08-18,48,N2EXMIDP,0,0
2019-08-19,1,APXMIDP ,367,31.01
2019-08-19,1,N2EXMIDP,0,0
2019-08-19,2,APXMIDP ,363.1,23.77
2019-08-19,2,N2EXMIDP,0,0
2019-08-19,3,APXMIDP ,328.6,30.9
2019-08-19,3,N2EXMIDP,0,0
2019-08-19,4,APXMIDP ,288.55,24.73
2019-08-19,4,N2EXMIDP,0,0
2019-08-19,5,APXMIDP ,161.95,23.38
2019-08-19,5,N2EXMIDP,0,0
2019-08-19,6,APXMIDP ,267.3,22.37
2019-08-19,6,N2EXMIDP,0,0
2019-08-19,7,APXMIDP ,329.9,19.35
2019-08-19,7,N2EXMIDP,0,0
2019-08-19,8,APXMIDP ,365.15,18.88
2019-08-19,8,N2EXMIDP,0,0
2019-08-19,9,APXMIDP ,400.85,19.42
2019-08-19,9,N2EXMIDP,0,0
2019-08-19,10,APXMIDP ,368.8,19.03
2019-08-19,10,N2EXMIDP,0,0
2019-08-19,11,APXMIDP ,440.65,18.74
2019-08-19,11,N2EXMIDP,0,0
2019-08-19,12,APXMIDP ,427.35,19.61
2019-08-19,12,N2EXMIDP,0,0
2019-08-19,13,APXMIDP ,635.75,24.61
2019-08-19,13,N2EXMIDP,0,0
2019-08-19,14,APXMIDP ,849.05,28.4
2019-08-19,14,N2EXMIDP,0,0
2019-08-19,15,APXMIDP ,862.45,36.12
2019-08-19,15,N2EXMIDP,0,0
2019-08-19,16,APXMIDP ,783.65,42.45
2019-08-19,16,N2EXMIDP,0,0
2019-08-19,17,APXMIDP ,689.95,39.17
2019-08-19,17,N2EXMIDP,0,0
2019-08-19,18,APXMIDP ,954.8,41.48
2019-08-19,18,N2EXMIDP,0,0
2019-08-19,19,APXMIDP ,1049.55,42.64
2019-08-19,19,N2EXMIDP,0,0
2019-08-19,20,APXMIDP ,1018.15,39.5
2019-08-19,20,N2EXMIDP,0,0
2019-08-19,21,APXMIDP ,1119.15,37.09
2019-08-19,21,N2EXMIDP,0,0
2019-08-19,22,APXMIDP ,1066,35.99
2019-08-19,22,N2EXMIDP,0,0
2019-08-19,23,APXMIDP ,1152.7,29.13
2019-08-19,23,N2EXMIDP,0,0
2019-08-19,24,APXMIDP ,995.65,29.53
2019-08-19,24,N2EXMIDP,0,0
2019-08-19,25,APXMIDP ,1140.1,31.92
2019-08-19,25,N2EXMIDP,0,0
2019-08-19,26,APXMIDP ,1094.3,31.33
2019-08-19,26,N2EXMIDP,0,0
2019-08-19,27,APXMIDP ,1144.6,31.38
2019-08-19,27,N2EXMIDP,0,0
2019-08-19,28,APXMIDP ,1083.3,29.54
2019-08-19,28,N2EXMIDP,0,0
2019-08-19,29,APXMIDP ,1086.45,28.61
2019-08-19,29,N2EXMIDP,0,0
2019-08-19,30,APXMIDP ,1453.45,27.61
2019-08-19,30,N2EXMIDP,0,0
2019-08-19,31,APXMIDP ,1125.3,27.6
2019-08-19,31,N2EXMIDP,0,0
2019-08-19,32,APXMIDP ,1174.35,27.71
2019-08-19,32,N2EXMIDP,0,0
2019-08-19,33,APXMIDP ,1200.85,27.34
2019-08-19,33,N2EXMIDP,0,0
2019-08-19,34,APXMIDP ,1359.25,26.4
2019-08-19,34,N2EXMIDP,0,0
2019-08-19,35,APXMIDP ,1185.75,27.31
2019-08-19,35,N2EXMIDP,0,0
2019-08-19,36,APXMIDP ,1183.6,28.82
2019-08-19,36,N2EXMIDP,0,0
2019-08-19,37,APXMIDP ,1440.45,30.33
2019-08-19,37,N2EXMIDP,0,0
2019-08-19,38,APXMIDP ,1497.85,32.13
2019-08-19,38,N2EXMIDP,0,0
2019-08-19,39,APXMIDP ,1207.65,35.69
2019-08-19,39,N2EXMIDP,0,0
2019-08-19,40,APXMIDP ,1300.35,35.39
2019-08-19,40,N2EXMIDP,0,0
2019-08-19,41,APXMIDP ,1102.85,36.83
2019-08-19,41,N2EXMIDP,0,0
2019-08-19,42,APXMIDP ,1196.6,39.29
2019-08-19,42,N2EXMIDP,0,0
2019-08-19,43,APXMIDP ,930.05,43.12
2019-08-19,43,N2EXMIDP,0,0
2019-08-19,44,APXMIDP ,1058.5,39.38
2019-08-19,44,N2EXMIDP,0,0
2019-08-19,45,APXMIDP ,1150.95,39.7
2019-08-19,45,N2EXMIDP,0,0
2019-08-19,46,APXMIDP ,1114.35,36.14
2019-08-19,46,N2EXMIDP,0,0
2019-08-19,47,APXMIDP ,448.5,37.97
2019-08-19,47,N2EXMIDP,0,0
2019-08-19,48,APXMIDP ,327.5,35.22
2019-08-19,48,N2EXMIDP,0,0
2019-08-20,1,APXMIDP ,423.75,32
2019-08-20,1,N2EXMIDP,0,0
2019-08-20,2,APXMIDP ,397,26.55
2019-08-20,2,N2EXMIDP,0,0
2019-08-20,3,APXMIDP ,404.45,24.67
2019-08-20,3,N2EXMIDP,0,0
2019-08-20,4,APXMIDP ,466.85,24.17
2019-08-20,4,N2EXMIDP,0,0
2019-08-20,5,APXMIDP ,425.2,25.48
2019-08-20,5,N2EXMIDP,0,0
2019-08-20,6,APXMIDP ,375.4,25.81
2019-08-20,6,N2EXMIDP,0,0
2019-08-20,7,APXMIDP ,290.35,24.22
2019-08-20,7,N2EXMIDP,0,0
2019-08-20,8,APXMIDP ,301.45,22.83
2019-08-20,8,N2EXMIDP,0,0
2019-08-20,9,APXMIDP ,384.7,23.62
2019-08-20,9,N2EXMIDP,0,0
2019-08-20,10,APXMIDP ,371.4,24.26
2019-08-20,10,N2EXMIDP,0,0
2019-08-20,11,APXMIDP ,432.35,29.46
2019-08-20,11,N2EXMIDP,0,0
2019-08-20,12,APXMIDP ,249,30.76
2019-08-20,12,N2EXMIDP,0,0
2019-08-20,13,APXMIDP ,447.9,47.13
2019-08-20,13,N2EXMIDP,0,0
2019-08-20,14,APXMIDP ,824.25,38.06
2019-08-20,14,N2EXMIDP,0,0
2019-08-20,15,APXMIDP ,647.55,35.22
2019-08-20,15,N2EXMIDP,0,0
2019-08-20,16,APXMIDP ,743.65,44.5
2019-08-20,16,N2EXMIDP,0,0
2019-08-20,17,APXMIDP ,801.2,41.36
2019-08-20,17,N2EXMIDP,0,0
2019-08-20,18,APXMIDP ,1020.6,42.07
2019-08-20,18,N2EXMIDP,0,0
2019-08-20,19,APXMIDP ,1075.5,39.37
2019-08-20,19,N2EXMIDP,0,0
2019-08-20,20,APXMIDP ,906.2,36.58
2019-08-20,20,N2EXMIDP,0,0
2019-08-20,21,APXMIDP ,1542.8,37.51
2019-08-20,21,N2EXMIDP,0,0
2019-08-20,22,APXMIDP ,1485,36.83
2019-08-20,22,N2EXMIDP,0,0
2019-08-20,23,APXMIDP ,974.95,35.35
2019-08-20,23,N2EXMIDP,0,0
2019-08-20,24,APXMIDP ,1065.75,35.83
2019-08-20,24,N2EXMIDP,0,0
2019-08-20,25,APXMIDP ,1035.9,35.35
2019-08-20,25,N2EXMIDP,0,0
2019-08-20,26,APXMIDP ,1212.15,34.57
2019-08-20,26,N2EXMIDP,0,0
2019-08-20,27,APXMIDP ,1160.85,32.68
2019-08-20,27,N2EXMIDP,0,0
2019-08-20,28,APXMIDP ,1211.8,32
2019-08-20,28,N2EXMIDP,0,0
2019-08-20,29,APXMIDP ,1406.55,31.56
2019-08-20,29,N2EXMIDP,0,0
2019-08-20,30,APXMIDP ,1526.85,32
2019-08-20,30,N2EXMIDP,0,0
2019-08-20,31,APXMIDP ,1336.7,34.57
2019-08-20,31,N2EXMIDP,0,0
2019-08-20,32,APXMIDP ,1220.45,34.09
2019-08-20,32,N2EXMIDP,0,0
2019-08-20,33,APXMIDP ,1370.5,34.54
2019-08-20,33,N2EXMIDP,0,0
2019-08-20,34,APXMIDP ,1659.65,36.85
2019-08-20,34,N2EXMIDP,0,0
2019-08-20,35,APXMIDP ,1520.9,41.94
2019-08-20,35,N2EXMIDP,0,0
2019-08-20,36,APXMIDP ,1376.35,46.72
2019-08-20,36,N2EXMIDP,0,0
2019-08-20,37,APXMIDP ,1388.15,48.75
2019-08-20,37,N2EXMIDP,0,0
2019-08-20,38,APXMIDP ,1367.5,48.27
2019-08-20,38,N2EXMIDP,0,0
2019-08-20,39,APXMIDP ,1065.65,50.06
2019-08-20,39,N2EXMIDP,0,0
2019-08-20,40,APXMIDP ,1096.45,50.03
2019-08-20,40,N2EXMIDP,0,0
2019-08-20,41,APXMIDP ,1080.75,49.42
2019-08-20,41,N2EXMIDP,0,0
2019-08-20,42,APXMIDP ,1004.5,50.08
2019-08-20,42,N2EXMIDP,0,0
2019-08-20,43,APXMIDP ,966.45,49.24
2019-08-20,43,N2EXMIDP,0,0
2019-08-20,44,APXMIDP ,804.6,44.06
2019-08-20,44,N2EXMIDP,0,0
2019-08-20,45,APXMIDP ,845.05,41.38
2019-08-20,45,N2EXMIDP,0,0
2019-08-20,46,APXMIDP ,1144.8,37.55
2019-08-20,46,N2EXMIDP,0,0
2019-08-20,47,APXMIDP ,579.2,46.23
2019-08-20,47,N2EXMIDP,0,0
2019-08-20,48,APXMIDP ,516,46.8
2019-08-20,48,N2EXMIDP,0,0
2019-08-21,1,APXMIDP ,443.9,45.69
2019-08-21,1,N2EXMIDP,0,0
2019-08-21,2,APXMIDP ,334.75,43.7
2019-08-21,2,N2EXMIDP,0,0
2019-08-21,3,APXMIDP ,290.35,41.08
2019-08-21,3,N2EXMIDP,0,0
2019-08-21,4,APXMIDP ,162.95,40.65
2019-08-21,4,N2EXMIDP,0,0
2019-08-21,5,APXMIDP ,292.15,41.07
2019-08-21,5,N2EXMIDP,0,0
2019-08-21,6,APXMIDP ,310.2,34.52
2019-08-21,6,N2EXMIDP,0,0
2019-08-21,7,APXMIDP ,408.2,32.11
2019-08-21,7,N2EXMIDP,0,0
2019-08-21,8,APXMIDP ,394.2,31.69
2019-08-21,8,N2EXMIDP,0,0
2019-08-21,9,APXMIDP ,385.35,31.45
2019-08-21,9,N2EXMIDP,0,0
2019-08-21,10,APXMIDP ,562.5,43.7
2019-08-21,10,N2EXMIDP,0,0
2019-08-21,11,APXMIDP ,270.7,44.11
2019-08-21,11,N2EXMIDP,0,0
2019-08-21,12,APXMIDP ,324.1,43.22
2019-08-21,12,N2EXMIDP,0,0
2019-08-21,13,APXMIDP ,398.5,50.37
2019-08-21,13,N2EXMIDP,0,0
2019-08-21,14,APXMIDP ,593.45,52.87
2019-08-21,14,N2EXMIDP,0,0
2019-08-21,15,APXMIDP ,610.55,46.77
2019-08-21,15,N2EXMIDP,0,0
2019-08-21,16,APXMIDP ,667.85,53.24
2019-08-21,16,N2EXMIDP,0,0
2019-08-21,17,APXMIDP ,893.1,51.83
2019-08-21,17,N2EXMIDP,0,0
2019-08-21,18,APXMIDP ,740.8,47.46
2019-08-21,18,N2EXMIDP,0,0
2019-08-21,19,APXMIDP ,751.2,42
2019-08-21,19,N2EXMIDP,0,0
2019-08-21,20,APXMIDP ,921.65,37.03
2019-08-21,20,N2EXMIDP,0,0
2019-08-21,21,APXMIDP ,749.2,33.73
2019-08-21,21,N2EXMIDP,0,0
2019-08-21,22,APXMIDP ,1228.05,33.86
2019-08-21,22,N2EXMIDP,0,0
2019-08-21,23,APXMIDP ,1936.4,31.96
2019-08-21,23,N2EXMIDP,0,0
2019-08-21,24,APXMIDP ,1856.8,30.85
2019-08-21,24,N2EXMIDP,0,0
2019-08-21,25,APXMIDP ,1577.55,30.77
2019-08-21,25,N2EXMIDP,0,0
2019-08-21,26,APXMIDP ,1777.65,30.21
2019-08-21,26,N2EXMIDP,0,0
2019-08-21,27,APXMIDP ,1746.3,29.92
2019-08-21,27,N2EXMIDP,0,0
2019-08-21,28,APXMIDP ,1769.55,30.25
2019-08-21,28,N2EXMIDP,0,0
2019-08-21,29,APXMIDP ,1757.65,30.95
2019-08-21,29,N2EXMIDP,0,0
2019-08-21,30,APXMIDP ,1747.55,30.85
2019-08-21,30,N2EXMIDP,0,0
2019-08-21,31,APXMIDP ,1091.9,28.79
2019-08-21,31,N2EXMIDP,0,0
2019-08-21,32,APXMIDP ,1016.7,29.52
2019-08-21,32,N2EXMIDP,0,0
2019-08-21,33,APXMIDP ,1310.05,33.06
2019-08-21,33,N2EXMIDP,0,0
2019-08-21,34,APXMIDP ,1260.15,33.86
2019-08-21,34,N2EXMIDP,0,0
2019-08-21,35,APXMIDP ,1235,41.2
2019-08-21,35,N2EXMIDP,0,0
2019-08-21,36,APXMIDP ,1091.9,43.72
2019-08-21,36,N2EXMIDP,0,0
2019-08-21,37,APXMIDP ,1132.2,43.6
2019-08-21,37,N2EXMIDP,0,0
2019-08-21,38,APXMIDP ,1117.1,45.68
2019-08-21,38,N2EXMIDP,0,0
2019-08-21,39,APXMIDP ,1093.75,46.84
2019-08-21,39,N2EXMIDP,0,0
2019-08-21,40,APXMIDP ,1186.5,44.85
2019-08-21,40,N2EXMIDP,0,0
2019-08-21,41,APXMIDP ,1089.7,41.08
2019-08-21,41,N2EXMIDP,0,0
2019-08-21,42,APXMIDP ,1307.25,43.55
2019-08-21,42,N2EXMIDP,0,0
2019-08-21,43,APXMIDP ,1045.4,35.69
2019-08-21,43,N2EXMIDP,0,0
2019-08-21,44,APXMIDP ,1227.75,35.37
2019-08-21,44,N2EXMIDP,0,0
2019-08-21,45,APXMIDP ,1275.7,33.47
2019-08-21,45,N2EXMIDP,0,0
2019-08-21,46,APXMIDP ,1732.4,32.5
2019-08-21,46,N2EXMIDP,0,0
2019-08-21,47,APXMIDP ,869.4,32.52
2019-08-21,47,N2EXMIDP,0,0
2019-08-21,48,APXMIDP ,530.6,30.34
2019-08-21,48,N2EXMIDP,0,0
2019-08-22,1,APXMIDP ,440.95,28.13
2019-08-22,1,N2EXMIDP,0,0
2019-08-22,2,APXMIDP ,391.95,29.4
2019-08-22,2,N2EXMIDP,0,0
2019-08-22,3,APXMIDP ,441.75,33.3
2019-08-22,3,N2EXMIDP,0,0
2019-08-22,4,APXMIDP ,340.1,32.6
2019-08-22,4,N2EXMIDP,0,0
2019-08-22,5,APXMIDP ,465.7,37.51
2019-08-22,5,N2EXMIDP,0,0
2019-08-22,6,APXMIDP ,344.05,32.97
2019-08-22,6,N2EXMIDP,0,0
2019-08-22,7,APXMIDP ,410.75,38.65
2019-08-22,7,N2EXMIDP,0,0
2019-08-22,8,APXMIDP ,444.9,38.93
2019-08-22,8,N2EXMIDP,0,0
2019-08-22,9,APXMIDP ,484.35,39.55
2019-08-22,9,N2EXMIDP,0,0
2019-08-22,10,APXMIDP ,542.9,39.3
2019-08-22,10,N2EXMIDP,0,0
2019-08-22,11,APXMIDP ,473.85,40.57
2019-08-22,11,N2EXMIDP,0,0
2019-08-22,12,APXMIDP ,534.4,40.29
2019-08-22,12,N2EXMIDP,0,0
2019-08-22,13,APXMIDP ,584.8,40.11
2019-08-22,13,N2EXMIDP,0,0
2019-08-22,14,APXMIDP ,648.45,43.81
2019-08-22,14,N2EXMIDP,0,0
2019-08-22,15,APXMIDP ,669.25,43.97
2019-08-22,15,N2EXMIDP,0,0
2019-08-22,16,APXMIDP ,594.6,50.96
2019-08-22,16,N2EXMIDP,0,0
2019-08-22,17,APXMIDP ,857.1,53.31
2019-08-22,17,N2EXMIDP,0,0
2019-08-22,18,APXMIDP ,930.6,54.5
2019-08-22,18,N2EXMIDP,0,0
2019-08-22,19,APXMIDP ,930.9,53.95
2019-08-22,19,N2EXMIDP,0,0
2019-08-22,20,APXMIDP ,1075.1,53.69
2019-08-22,20,N2EXMIDP,0,0
2019-08-22,21,APXMIDP ,1057.25,52.67
2019-08-22,21,N2EXMIDP,0,0
2019-08-22,22,APXMIDP ,1045.75,49.97
2019-08-22,22,N2EXMIDP,0,0
2019-08-22,23,APXMIDP ,1143.8,37.88
2019-08-22,23,N2EXMIDP,0,0
2019-08-22,24,APXMIDP ,1048.1,37.52
2019-08-22,24,N2EXMIDP,0,0
2019-08-22,25,APXMIDP ,1531.4,35.82
2019-08-22,25,N2EXMIDP,0,0
2019-08-22,26,APXMIDP ,1493.4,35.71
2019-08-22,26,N2EXMIDP,0,0
2019-08-22,27,APXMIDP ,1286.25,35.5
2019-08-22,27,N2EXMIDP,0,0
2019-08-22,28,APXMIDP ,1367.9,36.2
2019-08-22,28,N2EXMIDP,0,0
2019-08-22,29,APXMIDP ,1284.05,34.42
2019-08-22,29,N2EXMIDP,0,0
2019-08-22,30,APXMIDP ,1224.85,35.3
2019-08-22,30,N2EXMIDP,0,0
2019-08-22,31,APXMIDP ,1273.4,36.61
2019-08-22,31,N2EXMIDP,0,0
2019-08-22,32,APXMIDP ,1235.85,36.79
2019-08-22,32,N2EXMIDP,0,0
2019-08-22,33,APXMIDP ,1352.6,34.03
2019-08-22,33,N2EXMIDP,0,0
2019-08-22,34,APXMIDP ,1204.2,36.19
2019-08-22,34,N2EXMIDP,0,0
2019-08-22,35,APXMIDP ,1566.05,43.44
2019-08-22,35,N2EXMIDP,0,0
2019-08-22,36,APXMIDP ,1510.55,43.06
2019-08-22,36,N2EXMIDP,0,0
2019-08-22,37,APXMIDP ,1263.3,41.52
2019-08-22,37,N2EXMIDP,0,0
2019-08-22,38,APXMIDP ,1449.85,43.04
2019-08-22,38,N2EXMIDP,0,0
2019-08-22,39,APXMIDP ,1188.1,40.65
2019-08-22,39,N2EXMIDP,0,0
2019-08-22,40,APXMIDP ,1294.5,39.22
2019-08-22,40,N2EXMIDP,0,0
2019-08-22,41,APXMIDP ,1420.1,36.01
2019-08-22,41,N2EXMIDP,0,0
2019-08-22,42,APXMIDP ,1490.25,38.71
2019-08-22,42,N2EXMIDP,0,0
2019-08-22,43,APXMIDP ,1116.85,36.29
2019-08-22,43,N2EXMIDP,0,0
2019-08-22,44,APXMIDP ,1241.35,33.11
2019-08-22,44,N2EXMIDP,0,0
2019-08-22,45,APXMIDP ,982.9,34.97
2019-08-22,45,N2EXMIDP,0,0
2019-08-22,46,APXMIDP ,1059.7,30.81
2019-08-22,46,N2EXMIDP,0,0
2019-08-22,47,APXMIDP ,605.05,34.58
2019-08-22,47,N2EXMIDP,0,0
2019-08-22,48,APXMIDP ,372.65,29.99
2019-08-22,48,N2EXMIDP,0,0
2019-08-23,1,APXMIDP ,490.85,31.32
2019-08-23,1,N2EXMIDP,0,0
2019-08-23,2,APXMIDP ,477.65,28.85
2019-08-23,2,N2EXMIDP,0,0
2019-08-23,3,APXMIDP ,392.75,26.46
2019-08-23,3,N2EXMIDP,0,0
2019-08-23,4,APXMIDP ,382.55,27.97
2019-08-23,4,N2EXMIDP,0,0
2019-08-23,5,APXMIDP ,434.15,25.79
2019-08-23,5,N2EXMIDP,0,0
2019-08-23,6,APXMIDP ,510.95,24.7
2019-08-23,6,N2EXMIDP,0,0
2019-08-23,7,APXMIDP ,411.55,26.19
2019-08-23,7,N2EXMIDP,0,0
2019-08-23,8,APXMIDP ,423.35,25.57
2019-08-23,8,N2EXMIDP,0,0
2019-08-23,9,APXMIDP ,445.7,28.88
2019-08-23,9,N2EXMIDP,0,0
2019-08-23,10,APXMIDP ,368.65,28.56
2019-08-23,10,N2EXMIDP,0,0
2019-08-23,11,APXMIDP ,536.3,31.58
2019-08-23,11,N2EXMIDP,0,0
2019-08-23,12,APXMIDP ,419.1,33.32
2019-08-23,12,N2EXMIDP,0,0
2019-08-23,13,APXMIDP ,640.95,37.03
2019-08-23,13,N2EXMIDP,0,0
2019-08-23,14,APXMIDP ,649.25,39.1
2019-08-23,14,N2EXMIDP,0,0
2019-08-23,15,APXMIDP ,633.65,29.81
2019-08-23,15,N2EXMIDP,0,0
2019-08-23,16,APXMIDP ,956.55,33.8
2019-08-23,16,N2EXMIDP,0,0
2019-08-23,17,APXMIDP ,1012.9,29.71
2019-08-23,17,N2EXMIDP,0,0
2019-08-23,18,APXMIDP ,1170.9,34.92
2019-08-23,18,N2EXMIDP,0,0
2019-08-23,19,APXMIDP ,1158.05,36.94
2019-08-23,19,N2EXMIDP,0,0
2019-08-23,20,APXMIDP ,1179,35.89
2019-08-23,20,N2EXMIDP,0,0
2019-08-23,21,APXMIDP ,1420.85,30.74
2019-08-23,21,N2EXMIDP,0,0
2019-08-23,22,APXMIDP ,1650,32.61
2019-08-23,22,N2EXMIDP,0,0
2019-08-23,23,APXMIDP ,2287.7,35.52
2019-08-23,23,N2EXMIDP,0,0
2019-08-23,24,APXMIDP ,1843.4,33.38
2019-08-23,24,N2EXMIDP,0,0
2019-08-23,25,APXMIDP ,1988.6,31.48
2019-08-23,25,N2EXMIDP,0,0
2019-08-23,26,APXMIDP ,2521.95,32.11
2019-08-23,26,N2EXMIDP,0,0
2019-08-23,27,APXMIDP ,2428.3,32.66
2019-08-23,27,N2EXMIDP,0,0
2019-08-23,28,APXMIDP ,2380.95,32.77
2019-08-23,28,N2EXMIDP,0,0
2019-08-23,29,APXMIDP ,2399.85,32.04
2019-08-23,29,N2EXMIDP,0,0
2019-08-23,30,APXMIDP ,2232.35,32.26
2019-08-23,30,N2EXMIDP,0,0
2019-08-23,31,APXMIDP ,1272.15,29.88
2019-08-23,31,N2EXMIDP,0,0
2019-08-23,32,APXMIDP ,1385.3,29.18
2019-08-23,32,N2EXMIDP,0,0
2019-08-23,33,APXMIDP ,1764.25,32.96
2019-08-23,33,N2EXMIDP,0,0
2019-08-23,34,APXMIDP ,1492.95,32.54
2019-08-23,34,N2EXMIDP,0,0
2019-08-23,35,APXMIDP ,1646.8,32.99
2019-08-23,35,N2EXMIDP,0,0
2019-08-23,36,APXMIDP ,1408.8,35.76
2019-08-23,36,N2EXMIDP,0,0
2019-08-23,37,APXMIDP ,1636.9,40.07
2019-08-23,37,N2EXMIDP,0,0
2019-08-23,38,APXMIDP ,1342,42.58
2019-08-23,38,N2EXMIDP,0,0
2019-08-23,39,APXMIDP ,1036.35,50.65
2019-08-23,39,N2EXMIDP,0,0
2019-08-23,40,APXMIDP ,765.8,49.46
2019-08-23,40,N2EXMIDP,0,0
2019-08-23,41,APXMIDP ,809.25,48.32
2019-08-23,41,N2EXMIDP,0,0
2019-08-23,42,APXMIDP ,826.05,48.88
2019-08-23,42,N2EXMIDP,0,0
2019-08-23,43,APXMIDP ,723.1,47.83
2019-08-23,43,N2EXMIDP,0,0
2019-08-23,44,APXMIDP ,751.75,44.8
2019-08-23,44,N2EXMIDP,0,0
2019-08-23,45,APXMIDP ,908.3,38.84
2019-08-23,45,N2EXMIDP,0,0
2019-08-23,46,APXMIDP ,946.85,37.66
2019-08-23,46,N2EXMIDP,0,0
2019-08-23,47,APXMIDP ,632.9,38.6
2019-08-23,47,N2EXMIDP,0,0
2019-08-23,48,APXMIDP ,328.7,30.9
2019-08-23,48,N2EXMIDP,0,0
2019-08-24,1,APXMIDP ,299.3,21.39
2019-08-24,1,N2EXMIDP,0,0
2019-08-24,2,APXMIDP ,341.8,20.56
2019-08-24,2,N2EXMIDP,0,0
2019-08-24,3,APXMIDP ,234.8,18.13
2019-08-24,3,N2EXMIDP,0,0
2019-08-24,4,APXMIDP ,263.9,22.09
2019-08-24,4,N2EXMIDP,0,0
2019-08-24,5,APXMIDP ,238.05,21.11
2019-08-24,5,N2EXMIDP,0,0
2019-08-24,6,APXMIDP ,220.05,21.16
2019-08-24,6,N2EXMIDP,0,0
2019-08-24,7,APXMIDP ,280.55,24.14
2019-08-24,7,N2EXMIDP,0,0
2019-08-24,8,APXMIDP ,288.1,22.06
2019-08-24,8,N2EXMIDP,0,0
2019-08-24,9,APXMIDP ,279.3,23.6
2019-08-24,9,N2EXMIDP,0,0
2019-08-24,10,APXMIDP ,395.2,21.68
2019-08-24,10,N2EXMIDP,0,0
2019-08-24,11,APXMIDP ,260.75,23.81
2019-08-24,11,N2EXMIDP,0,0
2019-08-24,12,APXMIDP ,253.35,23.91
2019-08-24,12,N2EXMIDP,0,0
2019-08-24,13,APXMIDP ,285.2,24.85
2019-08-24,13,N2EXMIDP,0,0
2019-08-24,14,APXMIDP ,523.35,28.65
2019-08-24,14,N2EXMIDP,0,0
2019-08-24,15,APXMIDP ,436,32.09
2019-08-24,15,N2EXMIDP,0,0
2019-08-24,16,APXMIDP ,511.25,33.83
2019-08-24,16,N2EXMIDP,0,0
2019-08-24,17,APXMIDP ,803.65,36.08
2019-08-24,17,N2EXMIDP,0,0
2019-08-24,18,APXMIDP ,675,44.47
2019-08-24,18,N2EXMIDP,0,0
2019-08-24,19,APXMIDP ,788.7,43.69
2019-08-24,19,N2EXMIDP,0,0
2019-08-24,20,APXMIDP ,761.4,42.8
2019-08-24,20,N2EXMIDP,0,0
2019-08-24,21,APXMIDP ,772.25,42.06
2019-08-24,21,N2EXMIDP,0,0
2019-08-24,22,APXMIDP ,924.6,39.36
2019-08-24,22,N2EXMIDP,0,0
2019-08-24,23,APXMIDP ,934.15,37.54
2019-08-24,23,N2EXMIDP,0,0
2019-08-24,24,APXMIDP ,1012.1,37.54
2019-08-24,24,N2EXMIDP,0,0
2019-08-24,25,APXMIDP ,853.5,35.51
2019-08-24,25,N2EXMIDP,0,0
2019-08-24,26,APXMIDP ,878.5,33.4
2019-08-24,26,N2EXMIDP,0,0
2019-08-24,27,APXMIDP ,974.3,34.54
2019-08-24,27,N2EXMIDP,0,0
2019-08-24,28,APXMIDP ,1018.55,30.45
2019-08-24,28,N2EXMIDP,0,0
2019-08-24,29,APXMIDP ,1287.5,28.51
2019-08-24,29,N2EXMIDP,0,0
2019-08-24,30,APXMIDP ,1385.3,29.54
2019-08-24,30,N2EXMIDP,0,0
2019-08-24,31,APXMIDP ,1039.35,37.63
2019-08-24,31,N2EXMIDP,0,0
2019-08-24,32,APXMIDP ,1135.5,39.45
2019-08-24,32,N2EXMIDP,0,0
2019-08-24,33,APXMIDP ,1202.4,39.03
2019-08-24,33,N2EXMIDP,0,0
2019-08-24,34,APXMIDP ,1145.8,39.77
2019-08-24,34,N2EXMIDP,0,0
2019-08-24,35,APXMIDP ,1200.1,42
2019-08-24,35,N2EXMIDP,0,0
2019-08-24,36,APXMIDP ,874.5,44.36
2019-08-24,36,N2EXMIDP,0,0
2019-08-24,37,APXMIDP ,871.35,44.28
2019-08-24,37,N2EXMIDP,37.5,50.67
2019-08-24,38,APXMIDP ,977.05,46.54
2019-08-24,38,N2EXMIDP,0,0
2019-08-24,39,APXMIDP ,1096.55,50.27
2019-08-24,39,N2EXMIDP,0,0
2019-08-24,40,APXMIDP ,1124.5,50.34
2019-08-24,40,N2EXMIDP,0,0
2019-08-24,41,APXMIDP ,1046.95,49.72
2019-08-24,41,N2EXMIDP,0,0
2019-08-24,42,APXMIDP ,1046.7,50.09
2019-08-24,42,N2EXMIDP,0,0
2019-08-24,43,APXMIDP ,1094.6,53.1
2019-08-24,43,N2EXMIDP,0,0
2019-08-24,44,APXMIDP ,1054.75,52.18
2019-08-24,44,N2EXMIDP,0,0
2019-08-24,45,APXMIDP ,808.45,49.3
2019-08-24,45,N2EXMIDP,0,0
2019-08-24,46,APXMIDP ,715,45.68
2019-08-24,46,N2EXMIDP,0,0
2019-08-24,47,APXMIDP ,836.4,47.77
2019-08-24,47,N2EXMIDP,0,0
2019-08-24,48,APXMIDP ,607.2,46.67
2019-08-24,48,N2EXMIDP,0,0
2019-08-25,1,APXMIDP ,344.55,44.35
2019-08-25,1,N2EXMIDP,0,0
2019-08-25,2,APXMIDP ,346.95,44.1
2019-08-25,2,N2EXMIDP,0,0
2019-08-25,3,APXMIDP ,326.05,45.96
2019-08-25,3,N2EXMIDP,0,0
2019-08-25,4,APXMIDP ,302.9,44.58
2019-08-25,4,N2EXMIDP,0,0
2019-08-25,5,APXMIDP ,335.7,45.67
2019-08-25,5,N2EXMIDP,0,0
2019-08-25,6,APXMIDP ,219.15,44.85
2019-08-25,6,N2EXMIDP,0,0
2019-08-25,7,APXMIDP ,240.5,37.37
2019-08-25,7,N2EXMIDP,0,0
2019-08-25,8,APXMIDP ,307.65,33.47
2019-08-25,8,N2EXMIDP,0,0
2019-08-25,9,APXMIDP ,177.15,31.72
2019-08-25,9,N2EXMIDP,0,0
2019-08-25,10,APXMIDP ,219,29.16
2019-08-25,10,N2EXMIDP,0,0
2019-08-25,11,APXMIDP ,252.05,34.88
2019-08-25,11,N2EXMIDP,0,0
2019-08-25,12,APXMIDP ,189.5,36.95
2019-08-25,12,N2EXMIDP,0,0
2019-08-25,13,APXMIDP ,183.95,36.13
2019-08-25,13,N2EXMIDP,0,0
2019-08-25,14,APXMIDP ,257.7,36.12
2019-08-25,14,N2EXMIDP,0,0
2019-08-25,15,APXMIDP ,406.65,38.5
2019-08-25,15,N2EXMIDP,0,0
2019-08-25,16,APXMIDP ,252.75,39.95
2019-08-25,16,N2EXMIDP,0,0
2019-08-25,17,APXMIDP ,356.65,42.87
2019-08-25,17,N2EXMIDP,0,0
2019-08-25,18,APXMIDP ,564.85,42
2019-08-25,18,N2EXMIDP,0,0
2019-08-25,19,APXMIDP ,670.2,46.94
2019-08-25,19,N2EXMIDP,0,0
2019-08-25,20,APXMIDP ,631.35,48.58
2019-08-25,20,N2EXMIDP,0,0
2019-08-25,21,APXMIDP ,609.65,48.08
2019-08-25,21,N2EXMIDP,0,0
2019-08-25,22,APXMIDP ,597.95,46.69
2019-08-25,22,N2EXMIDP,0,0
2019-08-25,23,APXMIDP ,655.8,45.17
2019-08-25,23,N2EXMIDP,0,0
2019-08-25,24,APXMIDP ,527.2,42.84
2019-08-25,24,N2EXMIDP,0,0
2019-08-25,25,APXMIDP ,613.7,44.34
2019-08-25,25,N2EXMIDP,0,0
2019-08-25,26,APXMIDP ,788,41.92
2019-08-25,26,N2EXMIDP,0,0
2019-08-25,27,APXMIDP ,783.1,34.41
2019-08-25,27,N2EXMIDP,0,0
2019-08-25,28,APXMIDP ,710.1,32.45
2019-08-25,28,N2EXMIDP,0,0
2019-08-25,29,APXMIDP ,732.85,29.38
2019-08-25,29,N2EXMIDP,0,0
2019-08-25,30,APXMIDP ,839.8,30.18
2019-08-25,30,N2EXMIDP,0,0
2019-08-25,31,APXMIDP ,933.65,27.22
2019-08-25,31,N2EXMIDP,0,0
2019-08-25,32,APXMIDP ,686.1,28.03
2019-08-25,32,N2EXMIDP,0,0
2019-08-25,33,APXMIDP ,909.05,29.47
2019-08-25,33,N2EXMIDP,0,0
2019-08-25,34,APXMIDP ,798.9,29.97
2019-08-25,34,N2EXMIDP,0,0
2019-08-25,35,APXMIDP ,1023.1,32.14
2019-08-25,35,N2EXMIDP,0,0
2019-08-25,36,APXMIDP ,935.55,32.75
2019-08-25,36,N2EXMIDP,0,0
2019-08-25,37,APXMIDP ,1201.4,34.46
2019-08-25,37,N2EXMIDP,0,0
2019-08-25,38,APXMIDP ,1163.55,40.31
2019-08-25,38,N2EXMIDP,0,0
2019-08-25,39,APXMIDP ,762.5,44.11
2019-08-25,39,N2EXMIDP,0,0
2019-08-25,40,APXMIDP ,874.7,44.9
2019-08-25,40,N2EXMIDP,0,0
2019-08-25,41,APXMIDP ,903.55,45.95
2019-08-25,41,N2EXMIDP,0,0
2019-08-25,42,APXMIDP ,784.75,45.88
2019-08-25,42,N2EXMIDP,0,0
2019-08-25,43,APXMIDP ,786.9,43.8
2019-08-25,43,N2EXMIDP,0,0
2019-08-25,44,APXMIDP ,701.6,35.33
2019-08-25,44,N2EXMIDP,0,0
2019-08-25,45,APXMIDP ,705.2,37.48
2019-08-25,45,N2EXMIDP,0,0
2019-08-25,46,APXMIDP ,1064.35,35.58
2019-08-25,46,N2EXMIDP,0,0
2019-08-25,47,APXMIDP ,252.6,35.83
2019-08-25,47,N2EXMIDP,0,0
2019-08-25,48,APXMIDP ,332,28.55
2019-08-25,48,N2EXMIDP,0,0
2019-08-26,1,APXMIDP ,174.6,28.06
2019-08-26,1,N2EXMIDP,0,0
2019-08-26,2,APXMIDP ,368.5,29.95
2019-08-26,2,N2EXMIDP,0,0
2019-08-26,3,APXMIDP ,487.5,34.76
2019-08-26,3,N2EXMIDP,0,0
2019-08-26,4,APXMIDP ,434.5,33.4
2019-08-26,4,N2EXMIDP,0,0
2019-08-26,5,APXMIDP ,462.5,31.47
2019-08-26,5,N2EXMIDP,0,0
2019-08-26,6,APXMIDP ,542.2,30.56
2019-08-26,6,N2EXMIDP,0,0
2019-08-26,7,APXMIDP ,374.75,28.26
2019-08-26,7,N2EXMIDP,0,0
2019-08-26,8,APXMIDP ,330,29.6
2019-08-26,8,N2EXMIDP,0,0
2019-08-26,9,APXMIDP ,287.75,30.53
2019-08-26,9,N2EXMIDP,0,0
2019-08-26,10,APXMIDP ,267.4,29.83
2019-08-26,10,N2EXMIDP,0,0
2019-08-26,11,APXMIDP ,217.7,40.61
2019-08-26,11,N2EXMIDP,0,0
2019-08-26,12,APXMIDP ,351.05,39.93
2019-08-26,12,N2EXMIDP,0,0
2019-08-26,13,APXMIDP ,437.35,41.56
2019-08-26,13,N2EXMIDP,0,0
2019-08-26,14,APXMIDP ,599.75,36.34
2019-08-26,14,N2EXMIDP,0,0
2019-08-26,15,APXMIDP ,649.45,37.06
2019-08-26,15,N2EXMIDP,0,0
2019-08-26,16,APXMIDP ,341.6,43.78
2019-08-26,16,N2EXMIDP,0,0
2019-08-26,17,APXMIDP ,310.55,45.72
2019-08-26,17,N2EXMIDP,0,0
2019-08-26,18,APXMIDP ,753.9,46.8
2019-08-26,18,N2EXMIDP,0,0
2019-08-26,19,APXMIDP ,805.55,40.83
2019-08-26,19,N2EXMIDP,0,0
2019-08-26,20,APXMIDP ,807.2,37.91
2019-08-26,20,N2EXMIDP,0,0
2019-08-26,21,APXMIDP ,1201.85,42.93
2019-08-26,21,N2EXMIDP,0,0
2019-08-26,22,APXMIDP ,1014.4,39.91
2019-08-26,22,N2EXMIDP,0,0
2019-08-26,23,APXMIDP ,764.3,32.27
2019-08-26,23,N2EXMIDP,0,0
2019-08-26,24,APXMIDP ,1021.7,28.34
2019-08-26,24,N2EXMIDP,0,0
2019-08-26,25,APXMIDP ,987.3,34.67
2019-08-26,25,N2EXMIDP,0,0
2019-08-26,26,APXMIDP ,1188.55,32.71
2019-08-26,26,N2EXMIDP,0,0
2019-08-26,27,APXMIDP ,1172.9,34.38
2019-08-26,27,N2EXMIDP,0,0
2019-08-26,28,APXMIDP ,1340.65,34.19
2019-08-26,28,N2EXMIDP,0,0
2019-08-26,29,APXMIDP ,1742.8,36.24
2019-08-26,29,N2EXMIDP,0,0
2019-08-26,30,APXMIDP ,1592.35,35.55
2019-08-26,30,N2EXMIDP,0,0
2019-08-26,31,APXMIDP ,1005.85,41.67
2019-08-26,31,N2EXMIDP,0,0
2019-08-26,32,APXMIDP ,1079.6,43.22
2019-08-26,32,N2EXMIDP,0,0
2019-08-26,33,APXMIDP ,1272.35,46.6
2019-08-26,33,N2EXMIDP,0,0
2019-08-26,34,APXMIDP ,1246.4,47.33
2019-08-26,34,N2EXMIDP,0,0
2019-08-26,35,APXMIDP ,1365.95,50.07
2019-08-26,35,N2EXMIDP,0,0
2019-08-26,36,APXMIDP ,1185.55,52.3
2019-08-26,36,N2EXMIDP,0,0
2019-08-26,37,APXMIDP ,1042.2,50.77
2019-08-26,37,N2EXMIDP,0,0
2019-08-26,38,APXMIDP ,1078.25,52
2019-08-26,38,N2EXMIDP,0,0
2019-08-26,39,APXMIDP ,1185.4,50.35
2019-08-26,39,N2EXMIDP,0,0
2019-08-26,40,APXMIDP ,1118.65,51.07
2019-08-26,40,N2EXMIDP,0,0
2019-08-26,41,APXMIDP ,1125.75,50.68
2019-08-26,41,N2EXMIDP,0,0
2019-08-26,42,APXMIDP ,1097.55,50.19
2019-08-26,42,N2EXMIDP,0,0
2019-08-26,43,APXMIDP ,1040.4,43.33
2019-08-26,43,N2EXMIDP,0,0
2019-08-26,44,APXMIDP ,1224.05,40.86
2019-08-26,44,N2EXMIDP,0,0
2019-08-26,45,APXMIDP ,990.8,42.13
2019-08-26,45,N2EXMIDP,0,0
2019-08-26,46,APXMIDP ,1127.5,40.85
2019-08-26,46,N2EXMIDP,0,0
2019-08-26,47,APXMIDP ,391.25,35.05
2019-08-26,47,N2EXMIDP,0,0
2019-08-26,48,APXMIDP ,275.1,27.81
2019-08-26,48,N2EXMIDP,0,0
2019-08-27,1,APXMIDP ,273.5,31.73
2019-08-27,1,N2EXMIDP,0,0
2019-08-27,2,APXMIDP ,326.6,28.68
2019-08-27,2,N2EXMIDP,0,0
2019-08-27,3,APXMIDP ,424.9,35.29
2019-08-27,3,N2EXMIDP,0,0
2019-08-27,4,APXMIDP ,406.05,36.55
2019-08-27,4,N2EXMIDP,0,0
2019-08-27,5,APXMIDP ,369.7,36.46
2019-08-27,5,N2EXMIDP,0,0
2019-08-27,6,APXMIDP ,394.3,34.56
2019-08-27,6,N2EXMIDP,0,0
2019-08-27,7,APXMIDP ,203.6,32.04
2019-08-27,7,N2EXMIDP,0,0
2019-08-27,8,APXMIDP ,308.6,32.45
2019-08-27,8,N2EXMIDP,0,0
2019-08-27,9,APXMIDP ,334.75,39.86
2019-08-27,9,N2EXMIDP,0,0
2019-08-27,10,APXMIDP ,339.75,37.04
2019-08-27,10,N2EXMIDP,0,0
2019-08-27,11,APXMIDP ,349.25,42.68
2019-08-27,11,N2EXMIDP,0,0
2019-08-27,12,APXMIDP ,380.05,43.27
2019-08-27,12,N2EXMIDP,0,0
2019-08-27,13,APXMIDP ,587.7,43.38
2019-08-27,13,N2EXMIDP,0,0
2019-08-27,14,APXMIDP ,659.4,47.64
2019-08-27,14,N2EXMIDP,0,0
2019-08-27,15,APXMIDP ,566,53.27
2019-08-27,15,N2EXMIDP,0,0
2019-08-27,16,APXMIDP ,666.25,56.77
2019-08-27,16,N2EXMIDP,0,0
2019-08-27,17,APXMIDP ,869.1,53.86
2019-08-27,17,N2EXMIDP,0,0
2019-08-27,18,APXMIDP ,870.35,54.65
2019-08-27,18,N2EXMIDP,0,0
2019-08-27,19,APXMIDP ,1142.1,56.84
2019-08-27,19,N2EXMIDP,0,0
2019-08-27,20,APXMIDP ,1303.7,55.66
2019-08-27,20,N2EXMIDP,0,0
2019-08-27,21,APXMIDP ,1334.65,53.23
2019-08-27,21,N2EXMIDP,0,0
2019-08-27,22,APXMIDP ,1335.3,51.93
2019-08-27,22,N2EXMIDP,0,0
2019-08-27,23,APXMIDP ,1118.15,50.8
2019-08-27,23,N2EXMIDP,0,0
2019-08-27,24,APXMIDP ,1212.95,50.86
2019-08-27,24,N2EXMIDP,0,0
2019-08-27,25,APXMIDP ,1344.4,51.16
2019-08-27,25,N2EXMIDP,0,0
2019-08-27,26,APXMIDP ,1709.5,52.96
2019-08-27,26,N2EXMIDP,0,0
2019-08-27,27,APXMIDP ,1292.75,57.36
2019-08-27,27,N2EXMIDP,0,0
2019-08-27,28,APXMIDP ,1318.75,59.07
2019-08-27,28,N2EXMIDP,0,0
2019-08-27,29,APXMIDP ,1223.8,59.36
2019-08-27,29,N2EXMIDP,0,0
2019-08-27,30,APXMIDP ,1252.65,60.13
2019-08-27,30,N2EXMIDP,0,0
2019-08-27,31,APXMIDP ,1157.1,68.37
2019-08-27,31,N2EXMIDP,0,0
2019-08-27,32,APXMIDP ,933.8,67.31
2019-08-27,32,N2EXMIDP,0,0
2019-08-27,33,APXMIDP ,1184.05,67.59
2019-08-27,33,N2EXMIDP,0,0
2019-08-27,34,APXMIDP ,1236.15,69.97
2019-08-27,34,N2EXMIDP,0,0
2019-08-27,35,APXMIDP ,1533.5,72.85
2019-08-27,35,N2EXMIDP,0,0
2019-08-27,36,APXMIDP ,1504.6,74.59
2019-08-27,36,N2EXMIDP,0,0
2019-08-27,37,APXMIDP ,1336.55,75.76
2019-08-27,37,N2EXMIDP,0,0
2019-08-27,38,APXMIDP ,1136.95,76.83
2019-08-27,38,N2EXMIDP,0,0
2019-08-27,39,APXMIDP ,802.6,62.56
2019-08-27,39,N2EXMIDP,0,0
2019-08-27,40,APXMIDP ,707.35,61.9
2019-08-27,40,N2EXMIDP,0,0
2019-08-27,41,APXMIDP ,831.45,57.46
2019-08-27,41,N2EXMIDP,0,0
2019-08-27,42,APXMIDP ,865.85,55.98
2019-08-27,42,N2EXMIDP,0,0
2019-08-27,43,APXMIDP ,721.95,58.37
2019-08-27,43,N2EXMIDP,0,0
2019-08-27,44,APXMIDP ,701.75,49.72
2019-08-27,44,N2EXMIDP,0,0
2019-08-27,45,APXMIDP ,922,50.34
2019-08-27,45,N2EXMIDP,0,0
2019-08-27,46,APXMIDP ,741.25,45.63
2019-08-27,46,N2EXMIDP,0,0
2019-08-27,47,APXMIDP ,908.2,37.57
2019-08-27,47,N2EXMIDP,0,0
2019-08-27,48,APXMIDP ,392.9,39.04
2019-08-27,48,N2EXMIDP,0,0
2019-08-28,1,APXMIDP ,288.7,44.68
2019-08-28,1,N2EXMIDP,0,0
2019-08-28,2,APXMIDP ,226,39.03
2019-08-28,2,N2EXMIDP,0,0
2019-08-28,3,APXMIDP ,272.25,38.24
2019-08-28,3,N2EXMIDP,0,0
2019-08-28,4,APXMIDP ,250.35,37.29
2019-08-28,4,N2EXMIDP,0,0
2019-08-28,5,APXMIDP ,299.65,27.56
2019-08-28,5,N2EXMIDP,0,0
2019-08-28,6,APXMIDP ,473.55,31.15
2019-08-28,6,N2EXMIDP,0,0
2019-08-28,7,APXMIDP ,326.5,28.67
2019-08-28,7,N2EXMIDP,0,0
2019-08-28,8,APXMIDP ,419.35,24.63
2019-08-28,8,N2EXMIDP,0,0
2019-08-28,9,APXMIDP ,576.7,30.31
2019-08-28,9,N2EXMIDP,0,0
2019-08-28,10,APXMIDP ,416,30.07
2019-08-28,10,N2EXMIDP,0,0
2019-08-28,11,APXMIDP ,886.25,32.2
2019-08-28,11,N2EXMIDP,0,0
2019-08-28,12,APXMIDP ,676.55,31.41
2019-08-28,12,N2EXMIDP,0,0
2019-08-28,13,APXMIDP ,714.35,33.27
2019-08-28,13,N2EXMIDP,0,0
2019-08-28,14,APXMIDP ,768.9,33.25
2019-08-28,14,N2EXMIDP,0,0
2019-08-28,15,APXMIDP ,1462.7,37.98
2019-08-28,15,N2EXMIDP,0,0
2019-08-28,16,APXMIDP ,1115.4,39.31
2019-08-28,16,N2EXMIDP,0,0
2019-08-28,17,APXMIDP ,1198.35,38.13
2019-08-28,17,N2EXMIDP,0,0
2019-08-28,18,APXMIDP ,1121.3,38.96
2019-08-28,18,N2EXMIDP,0,0
2019-08-28,19,APXMIDP ,1488.85,37.25
2019-08-28,19,N2EXMIDP,0,0
2019-08-28,20,APXMIDP ,1460.25,35.73
2019-08-28,20,N2EXMIDP,0,0
2019-08-28,21,APXMIDP ,1373.5,36.71
2019-08-28,21,N2EXMIDP,0,0
2019-08-28,22,APXMIDP ,1454.55,35.87
2019-08-28,22,N2EXMIDP,0,0
2019-08-28,23,APXMIDP ,1645.2,33.37
2019-08-28,23,N2EXMIDP,0,0
2019-08-28,24,APXMIDP ,1768.45,32.92
2019-08-28,24,N2EXMIDP,0,0
2019-08-28,25,APXMIDP ,2035.75,31.48
2019-08-28,25,N2EXMIDP,0,0
2019-08-28,26,APXMIDP ,2155.9,31.56
2019-08-28,26,N2EXMIDP,0,0
2019-08-28,27,APXMIDP ,2157.3,34.38
2019-08-28,27,N2EXMIDP,0,0
2019-08-28,28,APXMIDP ,2056.05,34.16
2019-08-28,28,N2EXMIDP,0,0
2019-08-28,29,APXMIDP ,2314.5,33.98
2019-08-28,29,N2EXMIDP,0,0
2019-08-28,30,APXMIDP ,2315.9,34
2019-08-28,30,N2EXMIDP,0,0
2019-08-28,31,APXMIDP ,1404.3,36.95
2019-08-28,31,N2EXMIDP,0,0
2019-08-28,32,APXMIDP ,1486.7,39.66
2019-08-28,32,N2EXMIDP,0,0
2019-08-28,33,APXMIDP ,1403.3,39.69
2019-08-28,33,N2EXMIDP,0,0
2019-08-28,34,APXMIDP ,1767.75,39.55
2019-08-28,34,N2EXMIDP,0,0
2019-08-28,35,APXMIDP ,1557.5,46.21
2019-08-28,35,N2EXMIDP,0,0
2019-08-28,36,APXMIDP ,1555.8,48.07
2019-08-28,36,N2EXMIDP,0,0
2019-08-28,37,APXMIDP ,1468.75,46.89
2019-08-28,37,N2EXMIDP,0,0
2019-08-28,38,APXMIDP ,1384.4,46.42
2019-08-28,38,N2EXMIDP,0,0
2019-08-28,39,APXMIDP ,1375.95,43.2
2019-08-28,39,N2EXMIDP,0,0
2019-08-28,40,APXMIDP ,1427.85,45.6
2019-08-28,40,N2EXMIDP,0,0
2019-08-28,41,APXMIDP ,1459.8,42.96
2019-08-28,41,N2EXMIDP,0,0
2019-08-28,42,APXMIDP ,1591.75,42.88
2019-08-28,42,N2EXMIDP,0,0
2019-08-28,43,APXMIDP ,1394.45,46.32
2019-08-28,43,N2EXMIDP,0,0
2019-08-28,44,APXMIDP ,1358.35,44.67
2019-08-28,44,N2EXMIDP,0,0
2019-08-28,45,APXMIDP ,1263.75,44.83
2019-08-28,45,N2EXMIDP,0,0
2019-08-28,46,APXMIDP ,1492.2,44.29
2019-08-28,46,N2EXMIDP,0,0
2019-08-28,47,APXMIDP ,580.05,32.24
2019-08-28,47,N2EXMIDP,0,0
2019-08-28,48,APXMIDP ,332.35,29.02
2019-08-28,48,N2EXMIDP,0,0
2019-08-29,1,APXMIDP ,193.45,29.86
2019-08-29,1,N2EXMIDP,0,0
2019-08-29,2,APXMIDP ,283.95,26.72
2019-08-29,2,N2EXMIDP,0,0
2019-08-29,3,APXMIDP ,394.05,30.64
2019-08-29,3,N2EXMIDP,0,0
2019-08-29,4,APXMIDP ,381.65,26.74
2019-08-29,4,N2EXMIDP,0,0
2019-08-29,5,APXMIDP ,379.5,29.31
2019-08-29,5,N2EXMIDP,0,0
2019-08-29,6,APXMIDP ,456.05,27.61
2019-08-29,6,N2EXMIDP,0,0
2019-08-29,7,APXMIDP ,322,26.97
2019-08-29,7,N2EXMIDP,0,0
2019-08-29,8,APXMIDP ,335.5,27.67
2019-08-29,8,N2EXMIDP,0,0
2019-08-29,9,APXMIDP ,342.85,27.61
2019-08-29,9,N2EXMIDP,0,0
2019-08-29,10,APXMIDP ,334.25,26.91
2019-08-29,10,N2EXMIDP,0,0
2019-08-29,11,APXMIDP ,234,35.74
2019-08-29,11,N2EXMIDP,0,0
2019-08-29,12,APXMIDP ,331.1,31.38
2019-08-29,12,N2EXMIDP,0,0
2019-08-29,13,APXMIDP ,479.95,36.54
2019-08-29,13,N2EXMIDP,0,0
2019-08-29,14,APXMIDP ,829.9,40.09
2019-08-29,14,N2EXMIDP,0,0
2019-08-29,15,APXMIDP ,805.6,35.67
2019-08-29,15,N2EXMIDP,0,0
2019-08-29,16,APXMIDP ,871.9,37.47
2019-08-29,16,N2EXMIDP,0,0
2019-08-29,17,APXMIDP ,1113.6,37.74
2019-08-29,17,N2EXMIDP,0,0
2019-08-29,18,APXMIDP ,1155.4,38.3
2019-08-29,18,N2EXMIDP,0,0
2019-08-29,19,APXMIDP ,1444.4,42.64
2019-08-29,19,N2EXMIDP,0,0
2019-08-29,20,APXMIDP ,1519.65,37.86
2019-08-29,20,N2EXMIDP,0,0
2019-08-29,21,APXMIDP ,1523.9,37.86
2019-08-29,21,N2EXMIDP,0,0
2019-08-29,22,APXMIDP ,1621.45,36.84
2019-08-29,22,N2EXMIDP,0,0
2019-08-29,23,APXMIDP ,1516.2,34.64
2019-08-29,23,N2EXMIDP,0,0
2019-08-29,24,APXMIDP ,1310.75,32.39
2019-08-29,24,N2EXMIDP,0,0
2019-08-29,25,APXMIDP ,1359.2,31.46
2019-08-29,25,N2EXMIDP,0,0
2019-08-29,26,APXMIDP ,1326.75,31.09
2019-08-29,26,N2EXMIDP,0,0
2019-08-29,27,APXMIDP ,1030.6,31.12
2019-08-29,27,N2EXMIDP,0,0
2019-08-29,28,APXMIDP ,1177.8,30.1
2019-08-29,28,N2EXMIDP,0,0
2019-08-29,29,APXMIDP ,1176.05,29.9
2019-08-29,29,N2EXMIDP,0,0
2019-08-29,30,APXMIDP ,1480.7,29.43
2019-08-29,30,N2EXMIDP,0,0
2019-08-29,31,APXMIDP ,1149.65,35.09
2019-08-29,31,N2EXMIDP,0,0
2019-08-29,32,APXMIDP ,1244.6,36.49
2019-08-29,32,N2EXMIDP,0,0
2019-08-29,33,APXMIDP ,1289.35,40.43
2019-08-29,33,N2EXMIDP,0,0
2019-08-29,34,APXMIDP ,1470.75,43.26
2019-08-29,34,N2EXMIDP,0,0
2019-08-29,35,APXMIDP ,1948.1,41.75
2019-08-29,35,N2EXMIDP,0,0
2019-08-29,36,APXMIDP ,1844.55,43.65
2019-08-29,36,N2EXMIDP,0,0
2019-08-29,37,APXMIDP ,1670.45,42.2
2019-08-29,37,N2EXMIDP,0,0
2019-08-29,38,APXMIDP ,1813.6,41.63
2019-08-29,38,N2EXMIDP,0,0
2019-08-29,39,APXMIDP ,1483.95,38.22
2019-08-29,39,N2EXMIDP,0,0
2019-08-29,40,APXMIDP ,1318.5,43.44
2019-08-29,40,N2EXMIDP,0,0
2019-08-29,41,APXMIDP ,1327.2,42.76
2019-08-29,41,N2EXMIDP,0,0
2019-08-29,42,APXMIDP ,1304.8,43.47
2019-08-29,42,N2EXMIDP,0,0
2019-08-29,43,APXMIDP ,1260.2,42.27
2019-08-29,43,N2EXMIDP,0,0
2019-08-29,44,APXMIDP ,1352.9,40.08
2019-08-29,44,N2EXMIDP,0,0
2019-08-29,45,APXMIDP ,1455.05,38.89
2019-08-29,45,N2EXMIDP,0,0
2019-08-29,46,APXMIDP ,1799.7,39.52
2019-08-29,46,N2EXMIDP,0,0
2019-08-29,47,APXMIDP ,497.35,24.3
2019-08-29,47,N2EXMIDP,0,0
2019-08-29,48,APXMIDP ,177.15,20.4
2019-08-29,48,N2EXMIDP,0,0
2019-08-30,1,APXMIDP ,407.7,18.05
2019-08-30,1,N2EXMIDP,0,0
2019-08-30,2,APXMIDP ,422.8,12.34
2019-08-30,2,N2EXMIDP,0,0
2019-08-30,3,APXMIDP ,549,17.87
2019-08-30,3,N2EXMIDP,0,0
2019-08-30,4,APXMIDP ,571.75,16.21
2019-08-30,4,N2EXMIDP,0,0
2019-08-30,5,APXMIDP ,675.15,16.79
2019-08-30,5,N2EXMIDP,0,0
2019-08-30,6,APXMIDP ,661.15,13.66
2019-08-30,6,N2EXMIDP,0,0
2019-08-30,7,APXMIDP ,411.25,-0.38
2019-08-30,7,N2EXMIDP,0,0
2019-08-30,8,APXMIDP ,526.4,-0.27
2019-08-30,8,N2EXMIDP,0,0
2019-08-30,9,APXMIDP ,584.1,-0.1
2019-08-30,9,N2EXMIDP,0,0
2019-08-30,10,APXMIDP ,512,1.66
2019-08-30,10,N2EXMIDP,0,0
2019-08-30,11,APXMIDP ,594.2,16.38
2019-08-30,11,N2EXMIDP,0,0
2019-08-30,12,APXMIDP ,540.6,25.89
2019-08-30,12,N2EXMIDP,0,0
2019-08-30,13,APXMIDP ,688.95,32.48
2019-08-30,13,N2EXMIDP,0,0
2019-08-30,14,APXMIDP ,785.5,30.24
2019-08-30,14,N2EXMIDP,0,0
2019-08-30,15,APXMIDP ,640.2,25.74
2019-08-30,15,N2EXMIDP,0,0
2019-08-30,16,APXMIDP ,989,28.2
2019-08-30,16,N2EXMIDP,0,0
2019-08-30,17,APXMIDP ,786.85,26.97
2019-08-30,17,N2EXMIDP,0,0
2019-08-30,18,APXMIDP ,664.75,22.42
2019-08-30,18,N2EXMIDP,0,0
2019-08-30,19,APXMIDP ,965.9,19.35
2019-08-30,19,N2EXMIDP,0,0
2019-08-30,20,APXMIDP ,977.1,18.8
2019-08-30,20,N2EXMIDP,0,0
2019-08-30,21,APXMIDP ,1083.1,20.59
2019-08-30,21,N2EXMIDP,0,0
2019-08-30,22,APXMIDP ,1190.9,22.8
2019-08-30,22,N2EXMIDP,0,0
2019-08-30,23,APXMIDP ,1284.3,26.21
2019-08-30,23,N2EXMIDP,0,0
2019-08-30,24,APXMIDP ,1439.65,26.3
2019-08-30,24,N2EXMIDP,0,0
2019-08-30,25,APXMIDP ,1435.4,26.74
2019-08-30,25,N2EXMIDP,0,0
2019-08-30,26,APXMIDP ,1554.3,26.96
2019-08-30,26,N2EXMIDP,0,0
2019-08-30,27,APXMIDP ,1482.05,29.19
2019-08-30,27,N2EXMIDP,0,0
2019-08-30,28,APXMIDP ,1408.15,28.66
2019-08-30,28,N2EXMIDP,0,0
2019-08-30,29,APXMIDP ,1604.85,28.89
2019-08-30,29,N2EXMIDP,0,0
2019-08-30,30,APXMIDP ,1570.7,28.08
2019-08-30,30,N2EXMIDP,0,0
2019-08-30,31,APXMIDP ,1166.85,28.66
2019-08-30,31,N2EXMIDP,0,0
2019-08-30,32,APXMIDP ,1059.6,30.56
2019-08-30,32,N2EXMIDP,0,0
2019-08-30,33,APXMIDP ,1267.55,28.17
2019-08-30,33,N2EXMIDP,0,0
2019-08-30,34,APXMIDP ,1467.65,30.99
2019-08-30,34,N2EXMIDP,0,0
2019-08-30,35,APXMIDP ,1374.6,37.33
2019-08-30,35,N2EXMIDP,0,0
2019-08-30,36,APXMIDP ,1434.05,44.09
2019-08-30,36,N2EXMIDP,0,0
2019-08-30,37,APXMIDP ,1391.35,44.27
2019-08-30,37,N2EXMIDP,0,0
2019-08-30,38,APXMIDP ,1476.7,45.48
2019-08-30,38,N2EXMIDP,0,0
2019-08-30,39,APXMIDP ,1238.4,46.74
2019-08-30,39,N2EXMIDP,0,0
2019-08-30,40,APXMIDP ,1211.05,46.15
2019-08-30,40,N2EXMIDP,0,0
2019-08-30,41,APXMIDP ,1199.9,43
2019-08-30,41,N2EXMIDP,0,0
2019-08-30,42,APXMIDP ,1202.2,44.47
2019-08-30,42,N2EXMIDP,0,0
2019-08-30,43,APXMIDP ,1188.65,41.33
2019-08-30,43,N2EXMIDP,0,0
2019-08-30,44,APXMIDP ,1101.85,41.57
2019-08-30,44,N2EXMIDP,0,0
2019-08-30,45,APXMIDP ,1108,39.26
2019-08-30,45,N2EXMIDP,0,0
2019-08-30,46,APXMIDP ,1236.95,35.79
2019-08-30,46,N2EXMIDP,0,0
2019-08-30,47,APXMIDP ,627.6,30.27
2019-08-30,47,N2EXMIDP,0,0
2019-08-30,48,APXMIDP ,528.1,27.54
2019-08-30,48,N2EXMIDP,0,0
2019-08-31,1,APXMIDP ,589.85,37.8
2019-08-31,1,N2EXMIDP,0,0
2019-08-31,2,APXMIDP ,437,31.86
2019-08-31,2,N2EXMIDP,0,0
2019-08-31,3,APXMIDP ,466.5,32.66
2019-08-31,3,N2EXMIDP,0,0
2019-08-31,4,APXMIDP ,354.5,27.82
2019-08-31,4,N2EXMIDP,0,0
2019-08-31,5,APXMIDP ,404.5,27.25
2019-08-31,5,N2EXMIDP,0,0
2019-08-31,6,APXMIDP ,450.85,25.93
2019-08-31,6,N2EXMIDP,0,0
2019-08-31,7,APXMIDP ,518.55,24.69
2019-08-31,7,N2EXMIDP,0,0
2019-08-31,8,APXMIDP ,477,24.54
2019-08-31,8,N2EXMIDP,0,0
2019-08-31,9,APXMIDP ,483.75,24.08
2019-08-31,9,N2EXMIDP,0,0
2019-08-31,10,APXMIDP ,508.1,23.43
2019-08-31,10,N2EXMIDP,0,0
2019-08-31,11,APXMIDP ,534.1,22.16
2019-08-31,11,N2EXMIDP,0,0
2019-08-31,12,APXMIDP ,678.5,25.01
2019-08-31,12,N2EXMIDP,0,0
2019-08-31,13,APXMIDP ,739.5,22.79
2019-08-31,13,N2EXMIDP,0,0
2019-08-31,14,APXMIDP ,910.25,26.29
2019-08-31,14,N2EXMIDP,0,0
2019-08-31,15,APXMIDP ,921.8,13.08
2019-08-31,15,N2EXMIDP,0,0
2019-08-31,16,APXMIDP ,856.35,16.67
2019-08-31,16,N2EXMIDP,0,0
2019-08-31,17,APXMIDP ,1050.15,12.82
2019-08-31,17,N2EXMIDP,0,0
2019-08-31,18,APXMIDP ,967.65,25.67
2019-08-31,18,N2EXMIDP,0,0
2019-08-31,19,APXMIDP ,1049,24.48
2019-08-31,19,N2EXMIDP,0,0
2019-08-31,20,APXMIDP ,1088.35,24.09
2019-08-31,20,N2EXMIDP,0,0
2019-08-31,21,APXMIDP ,1038.55,26.41
2019-08-31,21,N2EXMIDP,0,0
2019-08-31,22,APXMIDP ,1135.3,25.73
2019-08-31,22,N2EXMIDP,0,0
2019-08-31,23,APXMIDP ,899.2,19.91
2019-08-31,23,N2EXMIDP,0,0
2019-08-31,24,APXMIDP ,927.5,17.36
2019-08-31,24,N2EXMIDP,0,0
2019-08-31,25,APXMIDP ,1013.45,13.75
2019-08-31,25,N2EXMIDP,0,0
2019-08-31,26,APXMIDP ,1039.5,12.17
2019-08-31,26,N2EXMIDP,0,0
2019-08-31,27,APXMIDP ,1274.5,9.63
2019-08-31,27,N2EXMIDP,0,0
2019-08-31,28,APXMIDP ,1243.2,9.48
2019-08-31,28,N2EXMIDP,0,0
2019-08-31,29,APXMIDP ,1233.25,9.96
2019-08-31,29,N2EXMIDP,0,0
2019-08-31,30,APXMIDP ,1303.15,10.65
2019-08-31,30,N2EXMIDP,0,0
2019-08-31,31,APXMIDP ,1452.05,14.17
2019-08-31,31,N2EXMIDP,0,0
2019-08-31,32,APXMIDP ,1479.4,13.34
2019-08-31,32,N2EXMIDP,0,0
2019-08-31,33,APXMIDP ,1891.4,17.38
2019-08-31,33,N2EXMIDP,0,0
2019-08-31,34,APXMIDP ,1808.75,19.03
2019-08-31,34,N2EXMIDP,0,0
2019-08-31,35,APXMIDP ,2302.95,25.46
2019-08-31,35,N2EXMIDP,0,0
2019-08-31,36,APXMIDP ,2505.65,25.83
2019-08-31,36,N2EXMIDP,0,0
2019-08-31,37,APXMIDP ,2211.75,26.1
2019-08-31,37,N2EXMIDP,0,0
2019-08-31,38,APXMIDP ,2296,28.26
2019-08-31,38,N2EXMIDP,0,0
2019-08-31,39,APXMIDP ,2243.55,33.28
2019-08-31,39,N2EXMIDP,0,0
2019-08-31,40,APXMIDP ,1981.05,35.55
2019-08-31,40,N2EXMIDP,0,0
2019-08-31,41,APXMIDP ,1392.35,37.22
2019-08-31,41,N2EXMIDP,0,0
2019-08-31,42,APXMIDP ,1377.05,36.51
2019-08-31,42,N2EXMIDP,0,0
2019-08-31,43,APXMIDP ,1457.55,37.28
2019-08-31,43,N2EXMIDP,0,0
2019-08-31,44,APXMIDP ,1485.7,35.11
2019-08-31,44,N2EXMIDP,0,0
2019-08-31,45,APXMIDP ,1607.55,33.86
2019-08-31,45,N2EXMIDP,0,0
2019-08-31,46,APXMIDP ,1572.95,33.46
2019-08-31,46,N2EXMIDP,0,0
2019-08-31,47,APXMIDP ,505.05,25.14
2019-08-31,47,N2EXMIDP,0,0
2019-08-31,48,APXMIDP ,477.15,19.39
2019-08-31,48,N2EXMIDP,0,0
2019-09-01,1,APXMIDP ,233,7.22
2019-09-01,1,N2EXMIDP,0,0
2019-09-01,2,APXMIDP ,341.25,9.08
2019-09-01,2,N2EXMIDP,0,0
2019-09-01,3,APXMIDP ,343.1,11.86
2019-09-01,3,N2EXMIDP,0,0
2019-09-01,4,APXMIDP ,274.8,13.83
2019-09-01,4,N2EXMIDP,0,0
2019-09-01,5,APXMIDP ,337.6,13.59
2019-09-01,5,N2EXMIDP,0,0
2019-09-01,6,APXMIDP ,332.7,14.1
2019-09-01,6,N2EXMIDP,0,0
2019-09-01,7,APXMIDP ,359.5,12.6
2019-09-01,7,N2EXMIDP,0,0
2019-09-01,8,APXMIDP ,367.4,13.79
2019-09-01,8,N2EXMIDP,0,0
2019-09-01,9,APXMIDP ,334.45,13.35
2019-09-01,9,N2EXMIDP,0,0
2019-09-01,10,APXMIDP ,329.9,14.2
2019-09-01,10,N2EXMIDP,0,0
2019-09-01,11,APXMIDP ,394.6,11.33
2019-09-01,11,N2EXMIDP,0,0
2019-09-01,12,APXMIDP ,396.95,12.85
2019-09-01,12,N2EXMIDP,0,0
2019-09-01,13,APXMIDP ,374.25,14.43
2019-09-01,13,N2EXMIDP,0,0
2019-09-01,14,APXMIDP ,444.1,17.39
2019-09-01,14,N2EXMIDP,0,0
2019-09-01,15,APXMIDP ,548.25,21.89
2019-09-01,15,N2EXMIDP,0,0
2019-09-01,16,APXMIDP ,543.75,31.32
2019-09-01,16,N2EXMIDP,0,0
2019-09-01,17,APXMIDP ,528.2,26.7
2019-09-01,17,N2EXMIDP,0,0
2019-09-01,18,APXMIDP ,517.5,27.49
2019-09-01,18,N2EXMIDP,0,0
2019-09-01,19,APXMIDP ,672.9,32.31
2019-09-01,19,N2EXMIDP,0,0
2019-09-01,20,APXMIDP ,693.45,33.36
2019-09-01,20,N2EXMIDP,0,0
2019-09-01,21,APXMIDP ,712,31.83
2019-09-01,21,N2EXMIDP,0,0
2019-09-01,22,APXMIDP ,581.75,31.4
2019-09-01,22,N2EXMIDP,0,0
2019-09-01,23,APXMIDP ,540.25,22.96
2019-09-01,23,N2EXMIDP,0,0
2019-09-01,24,APXMIDP ,565.95,24.38
2019-09-01,24,N2EXMIDP,0,0
2019-09-01,25,APXMIDP ,616.4,26.82
2019-09-01,25,N2EXMIDP,0,0
2019-09-01,26,APXMIDP ,641.2,28.13
2019-09-01,26,N2EXMIDP,0,0
2019-09-01,27,APXMIDP ,572.7,26.41
2019-09-01,27,N2EXMIDP,0,0
2019-09-01,28,APXMIDP ,508.2,26.26
2019-09-01,28,N2EXMIDP,0,0
2019-09-01,29,APXMIDP ,574.3,25.48
2019-09-01,29,N2EXMIDP,0,0
2019-09-01,30,APXMIDP ,690.05,24.57
2019-09-01,30,N2EXMIDP,0,0
2019-09-01,31,APXMIDP ,1467.6,30.67
2019-09-01,31,N2EXMIDP,0,0
2019-09-01,32,APXMIDP ,1308.5,31.85
2019-09-01,32,N2EXMIDP,0,0
2019-09-01,33,APXMIDP ,1542.15,35.92
2019-09-01,33,N2EXMIDP,0,0
2019-09-01,34,APXMIDP ,1378.9,37.02
2019-09-01,34,N2EXMIDP,0,0
2019-09-01,35,APXMIDP ,1306.5,41.54
2019-09-01,35,N2EXMIDP,0,0
2019-09-01,36,APXMIDP ,1104.25,43.53
2019-09-01,36,N2EXMIDP,0,0
2019-09-01,37,APXMIDP ,1084.5,45.43
2019-09-01,37,N2EXMIDP,0,0
2019-09-01,38,APXMIDP ,1240.15,45.87
2019-09-01,38,N2EXMIDP,0,0
2019-09-01,39,APXMIDP ,794.95,48.71
2019-09-01,39,N2EXMIDP,0,0
2019-09-01,40,APXMIDP ,766.5,49.18
2019-09-01,40,N2EXMIDP,0,0
2019-09-01,41,APXMIDP ,792.3,51.71
2019-09-01,41,N2EXMIDP,0,0
2019-09-01,42,APXMIDP ,784.05,51.43
2019-09-01,42,N2EXMIDP,0,0
2019-09-01,43,APXMIDP ,879.75,50.3
2019-09-01,43,N2EXMIDP,0,0
2019-09-01,44,APXMIDP ,633.55,42.27
2019-09-01,44,N2EXMIDP,0,0
2019-09-01,45,APXMIDP ,820.65,38.3
2019-09-01,45,N2EXMIDP,0,0
2019-09-01,46,APXMIDP ,848.7,36.22
2019-09-01,46,N2EXMIDP,0,0
2019-09-01,47,APXMIDP ,490.3,30.51
2019-09-01,47,N2EXMIDP,0,0
2019-09-01,48,APXMIDP ,441.5,32.17
2019-09-01,48,N2EXMIDP,0,0
2019-09-02,1,APXMIDP ,388.05,25.17
2019-09-02,1,N2EXMIDP,0,0
2019-09-02,2,APXMIDP ,351,23.33
2019-09-02,2,N2EXMIDP,0,0
2019-09-02,3,APXMIDP ,385,23.81
2019-09-02,3,N2EXMIDP,0,0
2019-09-02,4,APXMIDP ,420.6,23.02
2019-09-02,4,N2EXMIDP,0,0
2019-09-02,5,APXMIDP ,358.95,22.55
2019-09-02,5,N2EXMIDP,0,0
2019-09-02,6,APXMIDP ,497.5,21.65
2019-09-02,6,N2EXMIDP,0,0
2019-09-02,7,APXMIDP ,449.1,22.72
2019-09-02,7,N2EXMIDP,0,0
2019-09-02,8,APXMIDP ,432.75,23.01
2019-09-02,8,N2EXMIDP,0,0
2019-09-02,9,APXMIDP ,443.3,23.04
2019-09-02,9,N2EXMIDP,0,0
2019-09-02,10,APXMIDP ,369.25,24.39
2019-09-02,10,N2EXMIDP,0,0
2019-09-02,11,APXMIDP ,556.4,35.92
2019-09-02,11,N2EXMIDP,0,0
2019-09-02,12,APXMIDP ,702.85,37.03
2019-09-02,12,N2EXMIDP,0,0
2019-09-02,13,APXMIDP ,829.55,39.42
2019-09-02,13,N2EXMIDP,0,0
2019-09-02,14,APXMIDP ,789.7,41.1
2019-09-02,14,N2EXMIDP,0,0
2019-09-02,15,APXMIDP ,1543.9,42.05
2019-09-02,15,N2EXMIDP,0,0
2019-09-02,16,APXMIDP ,1470.5,47.82
2019-09-02,16,N2EXMIDP,0,0
2019-09-02,17,APXMIDP ,1328.6,47.95
2019-09-02,17,N2EXMIDP,0,0
2019-09-02,18,APXMIDP ,1603.75,46.82
2019-09-02,18,N2EXMIDP,0,0
2019-09-02,19,APXMIDP ,1056.45,39.2
2019-09-02,19,N2EXMIDP,0,0
2019-09-02,20,APXMIDP ,1019.85,34.24
2019-09-02,20,N2EXMIDP,0,0
2019-09-02,21,APXMIDP ,978.25,33.49
2019-09-02,21,N2EXMIDP,0,0
2019-09-02,22,APXMIDP ,1566.3,25.11
2019-09-02,22,N2EXMIDP,0,0
2019-09-02,23,APXMIDP ,1852.35,21.82
2019-09-02,23,N2EXMIDP,0,0
2019-09-02,24,APXMIDP ,1923.65,19.48
2019-09-02,24,N2EXMIDP,0,0
2019-09-02,25,APXMIDP ,1875.85,19.95
2019-09-02,25,N2EXMIDP,0,0
2019-09-02,26,APXMIDP ,2102.95,19.42
2019-09-02,26,N2EXMIDP,0,0
2019-09-02,27,APXMIDP ,2257.15,27.8
2019-09-02,27,N2EXMIDP,0,0
2019-09-02,28,APXMIDP ,1981.4,26.8
2019-09-02,28,N2EXMIDP,0,0
2019-09-02,29,APXMIDP ,1881,26.17
2019-09-02,29,N2EXMIDP,0,0
2019-09-02,30,APXMIDP ,2093.7,25.6
2019-09-02,30,N2EXMIDP,0,0
2019-09-02,31,APXMIDP ,1515.15,22.99
2019-09-02,31,N2EXMIDP,0,0
2019-09-02,32,APXMIDP ,1498.9,25.93
2019-09-02,32,N2EXMIDP,0,0
2019-09-02,33,APXMIDP ,1557.45,26.92
2019-09-02,33,N2EXMIDP,0,0
2019-09-02,34,APXMIDP ,1835.4,26.51
2019-09-02,34,N2EXMIDP,0,0
2019-09-02,35,APXMIDP ,1571.25,30.75
2019-09-02,35,N2EXMIDP,0,0
2019-09-02,36,APXMIDP ,1527.5,32.7
2019-09-02,36,N2EXMIDP,0,0
2019-09-02,37,APXMIDP ,1877.8,34.55
2019-09-02,37,N2EXMIDP,0,0
2019-09-02,38,APXMIDP ,1737.45,34.14
2019-09-02,38,N2EXMIDP,0,0
2019-09-02,39,APXMIDP ,1191.65,26.98
2019-09-02,39,N2EXMIDP,0,0
2019-09-02,40,APXMIDP ,1205.35,26.8
2019-09-02,40,N2EXMIDP,0,0
2019-09-02,41,APXMIDP ,1207.85,24.46
2019-09-02,41,N2EXMIDP,0,0
2019-09-02,42,APXMIDP ,1472.7,24.16
2019-09-02,42,N2EXMIDP,0,0
2019-09-02,43,APXMIDP ,1932.45,24.56
2019-09-02,43,N2EXMIDP,0,0
2019-09-02,44,APXMIDP ,2264.2,24.7
2019-09-02,44,N2EXMIDP,0,0
2019-09-02,45,APXMIDP ,1873.75,24.73
2019-09-02,45,N2EXMIDP,0,0
2019-09-02,46,APXMIDP ,1722.55,21.74
2019-09-02,46,N2EXMIDP,0,0
2019-09-02,47,APXMIDP ,745.9,8.16
2019-09-02,47,N2EXMIDP,0,0
2019-09-02,48,APXMIDP ,526.55,4.17
2019-09-02,48,N2EXMIDP,25,-50
2019-09-03,1,APXMIDP ,465.15,-0.11
2019-09-03,1,N2EXMIDP,0,0
2019-09-03,2,APXMIDP ,380.4,-2.5
2019-09-03,2,N2EXMIDP,0,0
2019-09-03,3,APXMIDP ,615.2,0.22
2019-09-03,3,N2EXMIDP,0,0
2019-09-03,4,APXMIDP ,604.5,0.66
2019-09-03,4,N2EXMIDP,0,0
2019-09-03,5,APXMIDP ,744.5,3.32
2019-09-03,5,N2EXMIDP,0,0
2019-09-03,6,APXMIDP ,804.75,6
2019-09-03,6,N2EXMIDP,0,0
2019-09-03,7,APXMIDP ,468.65,4.54
2019-09-03,7,N2EXMIDP,0,0
2019-09-03,8,APXMIDP ,541.65,2.63
2019-09-03,8,N2EXMIDP,0,0
2019-09-03,9,APXMIDP ,669.75,3.04
2019-09-03,9,N2EXMIDP,0,0
2019-09-03,10,APXMIDP ,613.2,5.05
2019-09-03,10,N2EXMIDP,0,0
2019-09-03,11,APXMIDP ,374.55,19.1
2019-09-03,11,N2EXMIDP,0,0
2019-09-03,12,APXMIDP ,571.15,32.79
2019-09-03,12,N2EXMIDP,0,0
2019-09-03,13,APXMIDP ,773.4,31.8
2019-09-03,13,N2EXMIDP,0,0
2019-09-03,14,APXMIDP ,1004.05,25.17
2019-09-03,14,N2EXMIDP,0,0
2019-09-03,15,APXMIDP ,970.35,17.36
2019-09-03,15,N2EXMIDP,0,0
2019-09-03,16,APXMIDP ,1020.2,30.48
2019-09-03,16,N2EXMIDP,0,0
2019-09-03,17,APXMIDP ,665.7,20.29
2019-09-03,17,N2EXMIDP,0,0
2019-09-03,18,APXMIDP ,825.7,26.21
2019-09-03,18,N2EXMIDP,0,0
2019-09-03,19,APXMIDP ,983.15,31.17
2019-09-03,19,N2EXMIDP,0,0
2019-09-03,20,APXMIDP ,1044.1,34
2019-09-03,20,N2EXMIDP,0,0
2019-09-03,21,APXMIDP ,1148.7,35.68
2019-09-03,21,N2EXMIDP,0,0
2019-09-03,22,APXMIDP ,1033.35,33.97
2019-09-03,22,N2EXMIDP,0,0
2019-09-03,23,APXMIDP ,598,31.97
2019-09-03,23,N2EXMIDP,0,0
2019-09-03,24,APXMIDP ,735.15,30.44
2019-09-03,24,N2EXMIDP,0,0
2019-09-03,25,APXMIDP ,850.15,35.68
2019-09-03,25,N2EXMIDP,0,0
2019-09-03,26,APXMIDP ,941.8,35.66
2019-09-03,26,N2EXMIDP,0,0
2019-09-03,27,APXMIDP ,1030,30.84
2019-09-03,27,N2EXMIDP,0,0
2019-09-03,28,APXMIDP ,1040.5,30.6
2019-09-03,28,N2EXMIDP,0,0
2019-09-03,29,APXMIDP ,1278.95,30.13
2019-09-03,29,N2EXMIDP,0,0
2019-09-03,30,APXMIDP ,1184.75,30.65
2019-09-03,30,N2EXMIDP,0,0
2019-09-03,31,APXMIDP ,1283.8,30.84
2019-09-03,31,N2EXMIDP,38,33.29
2019-09-03,32,APXMIDP ,1219.25,31.76
2019-09-03,32,N2EXMIDP,62.5,33.2
2019-09-03,33,APXMIDP ,1081.6,33.92
2019-09-03,33,N2EXMIDP,0,0
2019-09-03,34,APXMIDP ,1160.25,36.03
2019-09-03,34,N2EXMIDP,0,0
2019-09-03,35,APXMIDP ,1321.35,37.24
2019-09-03,35,N2EXMIDP,0,0
2019-09-03,36,APXMIDP ,1341.1,39.44
2019-09-03,36,N2EXMIDP,0,0
2019-09-03,37,APXMIDP ,1444.55,41.26
2019-09-03,37,N2EXMIDP,0,0
2019-09-03,38,APXMIDP ,1281.85,39.78
2019-09-03,38,N2EXMIDP,0,0
2019-09-03,39,APXMIDP ,933.5,37.75
2019-09-03,39,N2EXMIDP,0,0
2019-09-03,40,APXMIDP ,846.25,36.45
2019-09-03,40,N2EXMIDP,0,0
2019-09-03,41,APXMIDP ,823.15,35.73
2019-09-03,41,N2EXMIDP,0,0
2019-09-03,42,APXMIDP ,836.8,35.36
2019-09-03,42,N2EXMIDP,0,0
2019-09-03,43,APXMIDP ,1168.45,32.48
2019-09-03,43,N2EXMIDP,0,0
2019-09-03,44,APXMIDP ,1097.45,32.22
2019-09-03,44,N2EXMIDP,0,0
2019-09-03,45,APXMIDP ,1309.6,33.73
2019-09-03,45,N2EXMIDP,0,0
2019-09-03,46,APXMIDP ,1179.05,32.18
2019-09-03,46,N2EXMIDP,0,0
2019-09-03,47,APXMIDP ,526.1,40.82
2019-09-03,47,N2EXMIDP,0,0
2019-09-03,48,APXMIDP ,627.95,44.06
2019-09-03,48,N2EXMIDP,0,0
2019-09-04,1,APXMIDP ,588.65,44.76
2019-09-04,1,N2EXMIDP,0,0
2019-09-04,2,APXMIDP ,618.2,38.41
2019-09-04,2,N2EXMIDP,0,0
2019-09-04,3,APXMIDP ,554.35,43.81
2019-09-04,3,N2EXMIDP,0,0
2019-09-04,4,APXMIDP ,665.15,48.42
2019-09-04,4,N2EXMIDP,0,0
2019-09-04,5,APXMIDP ,656.5,46.53
2019-09-04,5,N2EXMIDP,0,0
2019-09-04,6,APXMIDP ,651.25,44.31
2019-09-04,6,N2EXMIDP,0,0
2019-09-04,7,APXMIDP ,687.15,37.13
2019-09-04,7,N2EXMIDP,0,0
2019-09-04,8,APXMIDP ,735.8,34.33
2019-09-04,8,N2EXMIDP,0,0
2019-09-04,9,APXMIDP ,566,35.26
2019-09-04,9,N2EXMIDP,0,0
2019-09-04,10,APXMIDP ,555.1,34.82
2019-09-04,10,N2EXMIDP,0,0
2019-09-04,11,APXMIDP ,709.65,38.66
2019-09-04,11,N2EXMIDP,0,0
2019-09-04,12,APXMIDP ,799.1,48.28
2019-09-04,12,N2EXMIDP,0,0
2019-09-04,13,APXMIDP ,855.65,43.17
2019-09-04,13,N2EXMIDP,0,0
2019-09-04,14,APXMIDP ,967.45,50.88
2019-09-04,14,N2EXMIDP,0,0
2019-09-04,15,APXMIDP ,609.75,39.98
2019-09-04,15,N2EXMIDP,0,0
2019-09-04,16,APXMIDP ,798.1,49.55
2019-09-04,16,N2EXMIDP,0,0
2019-09-04,17,APXMIDP ,861.85,44.97
2019-09-04,17,N2EXMIDP,0,0
2019-09-04,18,APXMIDP ,880.25,45.34
2019-09-04,18,N2EXMIDP,0,0
2019-09-04,19,APXMIDP ,1274.1,44.07
2019-09-04,19,N2EXMIDP,0,0
2019-09-04,20,APXMIDP ,1155.5,41.55
2019-09-04,20,N2EXMIDP,0,0
2019-09-04,21,APXMIDP ,1304.6,43.63
2019-09-04,21,N2EXMIDP,0,0
2019-09-04,22,APXMIDP ,1393.9,38.31
2019-09-04,22,N2EXMIDP,0,0
2019-09-04,23,APXMIDP ,1553.9,28.59
2019-09-04,23,N2EXMIDP,0,0
2019-09-04,24,APXMIDP ,1588.55,28.89
2019-09-04,24,N2EXMIDP,0,0
2019-09-04,25,APXMIDP ,1644.35,27.31
2019-09-04,25,N2EXMIDP,0,0
2019-09-04,26,APXMIDP ,1803.7,25.48
2019-09-04,26,N2EXMIDP,0,0
2019-09-04,27,APXMIDP ,1381.85,25.99
2019-09-04,27,N2EXMIDP,0,0
2019-09-04,28,APXMIDP ,1465.75,24.62
2019-09-04,28,N2EXMIDP,0,0
2019-09-04,29,APXMIDP ,1422.75,26
2019-09-04,29,N2EXMIDP,0,0
2019-09-04,30,APXMIDP ,1425.4,24.83
2019-09-04,30,N2EXMIDP,0,0
2019-09-04,31,APXMIDP ,1371.1,24.67
2019-09-04,31,N2EXMIDP,0,0
2019-09-04,32,APXMIDP ,1367.8,25.91
2019-09-04,32,N2EXMIDP,0,0
2019-09-04,33,APXMIDP ,1690,24.55
2019-09-04,33,N2EXMIDP,0,0
2019-09-04,34,APXMIDP ,1690.05,25.94
2019-09-04,34,N2EXMIDP,0,0
2019-09-04,35,APXMIDP ,2150.95,33.72
2019-09-04,35,N2EXMIDP,0,0
2019-09-04,36,APXMIDP ,2179.9,34.83
2019-09-04,36,N2EXMIDP,0,0
2019-09-04,37,APXMIDP ,2082.15,32.81
2019-09-04,37,N2EXMIDP,0,0
2019-09-04,38,APXMIDP ,2064.1,32.6
2019-09-04,38,N2EXMIDP,0,0
2019-09-04,39,APXMIDP ,1737.15,33.21
2019-09-04,39,N2EXMIDP,0,0
2019-09-04,40,APXMIDP ,1667,33.67
2019-09-04,40,N2EXMIDP,0,0
2019-09-04,41,APXMIDP ,1694.55,32.26
2019-09-04,41,N2EXMIDP,0,0
2019-09-04,42,APXMIDP ,1722.6,31.57
2019-09-04,42,N2EXMIDP,0,0
2019-09-04,43,APXMIDP ,1713.5,33.49
2019-09-04,43,N2EXMIDP,0,0
2019-09-04,44,APXMIDP ,1598.9,31.73
2019-09-04,44,N2EXMIDP,0,0
2019-09-04,45,APXMIDP ,1661.7,33.76
2019-09-04,45,N2EXMIDP,0,0
2019-09-04,46,APXMIDP ,1747.75,30.13
2019-09-04,46,N2EXMIDP,0,0
2019-09-04,47,APXMIDP ,825.55,36.98
2019-09-04,47,N2EXMIDP,0,0
2019-09-04,48,APXMIDP ,382.05,9.13
2019-09-04,48,N2EXMIDP,0,0
2019-09-05,1,APXMIDP ,492.9,5.27
2019-09-05,1,N2EXMIDP,0,0
2019-09-05,2,APXMIDP ,292.9,-1.03
2019-09-05,2,N2EXMIDP,0,0
2019-09-05,3,APXMIDP ,473.3,-2.57
2019-09-05,3,N2EXMIDP,0,0
2019-09-05,4,APXMIDP ,562.15,5.44
2019-09-05,4,N2EXMIDP,0,0
2019-09-05,5,APXMIDP ,526.15,5.89
2019-09-05,5,N2EXMIDP,0,0
2019-09-05,6,APXMIDP ,360.2,4.63
2019-09-05,6,N2EXMIDP,0,0
2019-09-05,7,APXMIDP ,271.6,2.29
2019-09-05,7,N2EXMIDP,0,0
2019-09-05,8,APXMIDP ,343.6,1.51
2019-09-05,8,N2EXMIDP,0,0
2019-09-05,9,APXMIDP ,332.75,1.57
2019-09-05,9,N2EXMIDP,0,0
2019-09-05,10,APXMIDP ,422.75,2.74
2019-09-05,10,N2EXMIDP,0,0
2019-09-05,11,APXMIDP ,479.7,24.43
2019-09-05,11,N2EXMIDP,0,0
2019-09-05,12,APXMIDP ,665.95,34.57
2019-09-05,12,N2EXMIDP,0,0
2019-09-05,13,APXMIDP ,937.85,34.01
2019-09-05,13,N2EXMIDP,0,0
2019-09-05,14,APXMIDP ,627.4,27.85
2019-09-05,14,N2EXMIDP,0,0
2019-09-05,15,APXMIDP ,1357.3,33.73
2019-09-05,15,N2EXMIDP,0,0
2019-09-05,16,APXMIDP ,1334.65,51.03
2019-09-05,16,N2EXMIDP,0,0
2019-09-05,17,APXMIDP ,1186.9,41.88
2019-09-05,17,N2EXMIDP,0,0
2019-09-05,18,APXMIDP ,1506,34.45
2019-09-05,18,N2EXMIDP,0,0
2019-09-05,19,APXMIDP ,1693.7,38.13
2019-09-05,19,N2EXMIDP,0,0
2019-09-05,20,APXMIDP ,1441.5,28.82
2019-09-05,20,N2EXMIDP,0,0
2019-09-05,21,APXMIDP ,1346.55,30.68
2019-09-05,21,N2EXMIDP,0,0
2019-09-05,22,APXMIDP ,1713.15,31.79
2019-09-05,22,N2EXMIDP,0,0
2019-09-05,23,APXMIDP ,1165.65,30.69
2019-09-05,23,N2EXMIDP,0,0
2019-09-05,24,APXMIDP ,1428.55,27.71
2019-09-05,24,N2EXMIDP,0,0
2019-09-05,25,APXMIDP ,1213.85,28.35
2019-09-05,25,N2EXMIDP,0,0
2019-09-05,26,APXMIDP ,1382.6,27.59
2019-09-05,26,N2EXMIDP,0,0
2019-09-05,27,APXMIDP ,1621.45,32.24
2019-09-05,27,N2EXMIDP,0,0
2019-09-05,28,APXMIDP ,1521.6,30.58
2019-09-05,28,N2EXMIDP,0,0
2019-09-05,29,APXMIDP ,1820.8,30.83
2019-09-05,29,N2EXMIDP,0,0
2019-09-05,30,APXMIDP ,1753.95,30.47
2019-09-05,30,N2EXMIDP,0,0
2019-09-05,31,APXMIDP ,1752.95,27.3
2019-09-05,31,N2EXMIDP,0,0
2019-09-05,32,APXMIDP ,1605.6,29.44
2019-09-05,32,N2EXMIDP,0,0
2019-09-05,33,APXMIDP ,1706.4,26.41
2019-09-05,33,N2EXMIDP,0,0
2019-09-05,34,APXMIDP ,1673.05,24.76
2019-09-05,34,N2EXMIDP,0,0
2019-09-05,35,APXMIDP ,1852.55,26.41
2019-09-05,35,N2EXMIDP,0,0
2019-09-05,36,APXMIDP ,2381.4,30.41
2019-09-05,36,N2EXMIDP,0,0
2019-09-05,37,APXMIDP ,1465.05,33.97
2019-09-05,37,N2EXMIDP,0,0
2019-09-05,38,APXMIDP ,1499.95,33.67
2019-09-05,38,N2EXMIDP,0,0
2019-09-05,39,APXMIDP ,1851.95,34.56
2019-09-05,39,N2EXMIDP,0,0
2019-09-05,40,APXMIDP ,1809.75,36.11
2019-09-05,40,N2EXMIDP,0,0
2019-09-05,41,APXMIDP ,1741.9,38.3
2019-09-05,41,N2EXMIDP,0,0
2019-09-05,42,APXMIDP ,1995.3,37.09
2019-09-05,42,N2EXMIDP,0,0
2019-09-05,43,APXMIDP ,1403.9,38.86
2019-09-05,43,N2EXMIDP,0,0
2019-09-05,44,APXMIDP ,1436.85,34.47
2019-09-05,44,N2EXMIDP,0,0
2019-09-05,45,APXMIDP ,1707.15,34.16
2019-09-05,45,N2EXMIDP,0,0
2019-09-05,46,APXMIDP ,1714.7,31.62
2019-09-05,46,N2EXMIDP,0,0
2019-09-05,47,APXMIDP ,648.15,22.08
2019-09-05,47,N2EXMIDP,0,0
2019-09-05,48,APXMIDP ,392.3,5.15
2019-09-05,48,N2EXMIDP,0,0
2019-09-06,1,APXMIDP ,521.9,16.57
2019-09-06,1,N2EXMIDP,0,0
2019-09-06,2,APXMIDP ,633.7,4.72
2019-09-06,2,N2EXMIDP,0,0
2019-09-06,3,APXMIDP ,731.05,18.96
2019-09-06,3,N2EXMIDP,0,0
2019-09-06,4,APXMIDP ,690.05,13.34
2019-09-06,4,N2EXMIDP,0,0
2019-09-06,5,APXMIDP ,745.65,12.3
2019-09-06,5,N2EXMIDP,0,0
2019-09-06,6,APXMIDP ,707.4,10.51
2019-09-06,6,N2EXMIDP,0,0
2019-09-06,7,APXMIDP ,434.05,6.28
2019-09-06,7,N2EXMIDP,0,0
2019-09-06,8,APXMIDP ,553.15,3.34
2019-09-06,8,N2EXMIDP,0,0
2019-09-06,9,APXMIDP ,661.75,7.44
2019-09-06,9,N2EXMIDP,0,0
2019-09-06,10,APXMIDP ,662,9.9
2019-09-06,10,N2EXMIDP,0,0
2019-09-06,11,APXMIDP ,428.1,19.16
2019-09-06,11,N2EXMIDP,0,0
2019-09-06,12,APXMIDP ,443,27.14
2019-09-06,12,N2EXMIDP,0,0
2019-09-06,13,APXMIDP ,565.65,27.97
2019-09-06,13,N2EXMIDP,0,0
2019-09-06,14,APXMIDP ,784.6,33.24
2019-09-06,14,N2EXMIDP,0,0
2019-09-06,15,APXMIDP ,1572.1,40.69
2019-09-06,15,N2EXMIDP,0,0
2019-09-06,16,APXMIDP ,1548.35,42.75
2019-09-06,16,N2EXMIDP,0,0
2019-09-06,17,APXMIDP ,781.45,35.82
2019-09-06,17,N2EXMIDP,0,0
2019-09-06,18,APXMIDP ,946.05,38.5
2019-09-06,18,N2EXMIDP,0,0
2019-09-06,19,APXMIDP ,876.55,34.73
2019-09-06,19,N2EXMIDP,0,0
2019-09-06,20,APXMIDP ,777.7,34.19
2019-09-06,20,N2EXMIDP,0,0
2019-09-06,21,APXMIDP ,940.15,34.5
2019-09-06,21,N2EXMIDP,0,0
2019-09-06,22,APXMIDP ,1082.25,33.94
2019-09-06,22,N2EXMIDP,0,0
2019-09-06,23,APXMIDP ,1088,31.29
2019-09-06,23,N2EXMIDP,0,0
2019-09-06,24,APXMIDP ,1117.25,30.81
2019-09-06,24,N2EXMIDP,0,0
2019-09-06,25,APXMIDP ,1135.4,27.17
2019-09-06,25,N2EXMIDP,0,0
2019-09-06,26,APXMIDP ,1099.15,24.17
2019-09-06,26,N2EXMIDP,0,0
2019-09-06,27,APXMIDP ,1065.5,21.48
2019-09-06,27,N2EXMIDP,0,0
2019-09-06,28,APXMIDP ,1081.05,20.15
2019-09-06,28,N2EXMIDP,0,0
2019-09-06,29,APXMIDP ,1085.8,20.28
2019-09-06,29,N2EXMIDP,0,0
2019-09-06,30,APXMIDP ,1051.6,20.36
2019-09-06,30,N2EXMIDP,0,0
2019-09-06,31,APXMIDP ,1427.2,13.02
2019-09-06,31,N2EXMIDP,0,0
2019-09-06,32,APXMIDP ,1529.1,11.04
2019-09-06,32,N2EXMIDP,0,0
2019-09-06,33,APXMIDP ,1690.25,11.05
2019-09-06,33,N2EXMIDP,0,0
2019-09-06,34,APXMIDP ,1665.5,20.81
2019-09-06,34,N2EXMIDP,0,0
2019-09-06,35,APXMIDP ,2316.15,31
2019-09-06,35,N2EXMIDP,0,0
2019-09-06,36,APXMIDP ,2245.15,31.76
2019-09-06,36,N2EXMIDP,0,0
2019-09-06,37,APXMIDP ,2301.4,31.29
2019-09-06,37,N2EXMIDP,0,0
2019-09-06,38,APXMIDP ,2195.45,32.89
2019-09-06,38,N2EXMIDP,0,0
2019-09-06,39,APXMIDP ,2005.25,40.33
2019-09-06,39,N2EXMIDP,0,0
2019-09-06,40,APXMIDP ,1828.2,42.33
2019-09-06,40,N2EXMIDP,0,0
2019-09-06,41,APXMIDP ,2191.7,43.26
2019-09-06,41,N2EXMIDP,0,0
2019-09-06,42,APXMIDP ,1941,43
2019-09-06,42,N2EXMIDP,0,0
2019-09-06,43,APXMIDP ,1674.15,43.21
2019-09-06,43,N2EXMIDP,0,0
2019-09-06,44,APXMIDP ,1670.75,40.59
2019-09-06,44,N2EXMIDP,0,0
2019-09-06,45,APXMIDP ,1667.55,36.49
2019-09-06,45,N2EXMIDP,0,0
2019-09-06,46,APXMIDP ,1688.75,34.43
2019-09-06,46,N2EXMIDP,0,0
2019-09-06,47,APXMIDP ,545.55,30.51
2019-09-06,47,N2EXMIDP,0,0
2019-09-06,48,APXMIDP ,607.55,29.76
2019-09-06,48,N2EXMIDP,0,0
2019-09-07,1,APXMIDP ,360.4,27.69
2019-09-07,1,N2EXMIDP,0,0
2019-09-07,2,APXMIDP ,293.25,26.97
2019-09-07,2,N2EXMIDP,0,0
2019-09-07,3,APXMIDP ,338,26.88
2019-09-07,3,N2EXMIDP,0,0
2019-09-07,4,APXMIDP ,418.15,20.52
2019-09-07,4,N2EXMIDP,0,0
2019-09-07,5,APXMIDP ,311.65,25.18
2019-09-07,5,N2EXMIDP,0,0
2019-09-07,6,APXMIDP ,285.8,23.96
2019-09-07,6,N2EXMIDP,0,0
2019-09-07,7,APXMIDP ,365.05,24.94
2019-09-07,7,N2EXMIDP,0,0
2019-09-07,8,APXMIDP ,380.8,25.68
2019-09-07,8,N2EXMIDP,0,0
2019-09-07,9,APXMIDP ,383.6,27
2019-09-07,9,N2EXMIDP,0,0
2019-09-07,10,APXMIDP ,385.95,27.46
2019-09-07,10,N2EXMIDP,0,0
2019-09-07,11,APXMIDP ,491.65,24.87
2019-09-07,11,N2EXMIDP,0,0
2019-09-07,12,APXMIDP ,490.5,24.58
2019-09-07,12,N2EXMIDP,0,0
2019-09-07,13,APXMIDP ,729.1,23.54
2019-09-07,13,N2EXMIDP,0,0
2019-09-07,14,APXMIDP ,531.15,23.45
2019-09-07,14,N2EXMIDP,0,0
2019-09-07,15,APXMIDP ,515,26.7
2019-09-07,15,N2EXMIDP,0,0
2019-09-07,16,APXMIDP ,683.6,34.15
2019-09-07,16,N2EXMIDP,0,0
2019-09-07,17,APXMIDP ,641.05,31.36
2019-09-07,17,N2EXMIDP,0,0
2019-09-07,18,APXMIDP ,877.3,38.86
2019-09-07,18,N2EXMIDP,0,0
2019-09-07,19,APXMIDP ,915.7,40.98
2019-09-07,19,N2EXMIDP,0,0
2019-09-07,20,APXMIDP ,881.05,40.75
2019-09-07,20,N2EXMIDP,0,0
2019-09-07,21,APXMIDP ,1017.1,38.46
2019-09-07,21,N2EXMIDP,0,0
2019-09-07,22,APXMIDP ,887.25,35.43
2019-09-07,22,N2EXMIDP,0,0
2019-09-07,23,APXMIDP ,628.65,31.86
2019-09-07,23,N2EXMIDP,0,0
2019-09-07,24,APXMIDP ,652.65,31.51
2019-09-07,24,N2EXMIDP,0,0
2019-09-07,25,APXMIDP ,766.1,30.03
2019-09-07,25,N2EXMIDP,0,0
2019-09-07,26,APXMIDP ,822.2,29.71
2019-09-07,26,N2EXMIDP,0,0
2019-09-07,27,APXMIDP ,930.75,38.46
2019-09-07,27,N2EXMIDP,0,0
2019-09-07,28,APXMIDP ,1002.6,39.05
2019-09-07,28,N2EXMIDP,0,0
2019-09-07,29,APXMIDP ,1000.4,40.62
2019-09-07,29,N2EXMIDP,0,0
2019-09-07,30,APXMIDP ,1090.7,39.82
2019-09-07,30,N2EXMIDP,0,0
2019-09-07,31,APXMIDP ,1495.45,40.79
2019-09-07,31,N2EXMIDP,0,0
2019-09-07,32,APXMIDP ,1473.85,39.85
2019-09-07,32,N2EXMIDP,0,0
2019-09-07,33,APXMIDP ,1448.65,32.36
2019-09-07,33,N2EXMIDP,0,0
2019-09-07,34,APXMIDP ,1598.3,33.17
2019-09-07,34,N2EXMIDP,0,0
2019-09-07,35,APXMIDP ,1065.8,31.7
2019-09-07,35,N2EXMIDP,0,0
2019-09-07,36,APXMIDP ,1232.5,33.62
2019-09-07,36,N2EXMIDP,0,0
2019-09-07,37,APXMIDP ,1264.8,33.38
2019-09-07,37,N2EXMIDP,0,0
2019-09-07,38,APXMIDP ,1457.2,35.23
2019-09-07,38,N2EXMIDP,0,0
2019-09-07,39,APXMIDP ,1241.8,32.19
2019-09-07,39,N2EXMIDP,0,0
2019-09-07,40,APXMIDP ,1219.25,37.81
2019-09-07,40,N2EXMIDP,0,0
2019-09-07,41,APXMIDP ,956.75,40.11
2019-09-07,41,N2EXMIDP,0,0
2019-09-07,42,APXMIDP ,1055.7,37.84
2019-09-07,42,N2EXMIDP,0,0
2019-09-07,43,APXMIDP ,860.1,31.58
2019-09-07,43,N2EXMIDP,0,0
2019-09-07,44,APXMIDP ,1059.45,29.07
2019-09-07,44,N2EXMIDP,0,0
2019-09-07,45,APXMIDP ,952,33.14
2019-09-07,45,N2EXMIDP,0,0
2019-09-07,46,APXMIDP ,958.55,31.4
2019-09-07,46,N2EXMIDP,0,0
2019-09-07,47,APXMIDP ,387.6,43.89
2019-09-07,47,N2EXMIDP,0,0
2019-09-07,48,APXMIDP ,395.4,45.91
2019-09-07,48,N2EXMIDP,0,0
2019-09-08,1,APXMIDP ,292.85,49.92
2019-09-08,1,N2EXMIDP,0,0
2019-09-08,2,APXMIDP ,232.85,48.03
2019-09-08,2,N2EXMIDP,0,0
2019-09-08,3,APXMIDP ,296.75,45.54
2019-09-08,3,N2EXMIDP,0,0
2019-09-08,4,APXMIDP ,320.6,45.1
2019-09-08,4,N2EXMIDP,0,0
2019-09-08,5,APXMIDP ,349.55,43.84
2019-09-08,5,N2EXMIDP,0,0
2019-09-08,6,APXMIDP ,370.95,41.04
2019-09-08,6,N2EXMIDP,0,0
2019-09-08,7,APXMIDP ,359.6,34
2019-09-08,7,N2EXMIDP,0,0
2019-09-08,8,APXMIDP ,404.55,31.45
2019-09-08,8,N2EXMIDP,0,0
2019-09-08,9,APXMIDP ,380.85,31.91
2019-09-08,9,N2EXMIDP,0,0
2019-09-08,10,APXMIDP ,406.2,30.37
2019-09-08,10,N2EXMIDP,0,0
2019-09-08,11,APXMIDP ,432.65,28.35
2019-09-08,11,N2EXMIDP,0,0
2019-09-08,12,APXMIDP ,456.8,28.58
2019-09-08,12,N2EXMIDP,0,0
2019-09-08,13,APXMIDP ,474.4,28.56
2019-09-08,13,N2EXMIDP,0,0
2019-09-08,14,APXMIDP ,624.95,29.72
2019-09-08,14,N2EXMIDP,0,0
2019-09-08,15,APXMIDP ,373.9,21.84
2019-09-08,15,N2EXMIDP,0,0
2019-09-08,16,APXMIDP ,544,22.96
2019-09-08,16,N2EXMIDP,0,0
2019-09-08,17,APXMIDP ,423.9,19.71
2019-09-08,17,N2EXMIDP,0,0
2019-09-08,18,APXMIDP ,610.9,21.97
2019-09-08,18,N2EXMIDP,0,0
2019-09-08,19,APXMIDP ,690,25.8
2019-09-08,19,N2EXMIDP,0,0
2019-09-08,20,APXMIDP ,743,26.83
2019-09-08,20,N2EXMIDP,0,0
2019-09-08,21,APXMIDP ,755,27.83
2019-09-08,21,N2EXMIDP,0,0
2019-09-08,22,APXMIDP ,653.95,27.71
2019-09-08,22,N2EXMIDP,0,0
2019-09-08,23,APXMIDP ,808.85,25.38
2019-09-08,23,N2EXMIDP,0,0
2019-09-08,24,APXMIDP ,837.7,23.45
2019-09-08,24,N2EXMIDP,0,0
2019-09-08,25,APXMIDP ,946.1,26.09
2019-09-08,25,N2EXMIDP,0,0
2019-09-08,26,APXMIDP ,923.7,28.36
2019-09-08,26,N2EXMIDP,0,0
2019-09-08,27,APXMIDP ,995,33.94
2019-09-08,27,N2EXMIDP,0,0
2019-09-08,28,APXMIDP ,993.45,33.74
2019-09-08,28,N2EXMIDP,0,0
2019-09-08,29,APXMIDP ,1015.25,33.98
2019-09-08,29,N2EXMIDP,0,0
2019-09-08,30,APXMIDP ,1227,31.63
2019-09-08,30,N2EXMIDP,0,0
2019-09-08,31,APXMIDP ,1140,29.67
2019-09-08,31,N2EXMIDP,0,0
2019-09-08,32,APXMIDP ,1084.65,28.86
2019-09-08,32,N2EXMIDP,0,0
2019-09-08,33,APXMIDP ,1162.35,41.47
2019-09-08,33,N2EXMIDP,0,0
2019-09-08,34,APXMIDP ,1294.3,41.12
2019-09-08,34,N2EXMIDP,0,0
2019-09-08,35,APXMIDP ,954.6,49
2019-09-08,35,N2EXMIDP,0,0
2019-09-08,36,APXMIDP ,987.6,50.27
2019-09-08,36,N2EXMIDP,0,0
2019-09-08,37,APXMIDP ,992.35,51.13
2019-09-08,37,N2EXMIDP,0,0
2019-09-08,38,APXMIDP ,1024.9,50.95
2019-09-08,38,N2EXMIDP,0,0
2019-09-08,39,APXMIDP ,778.95,52.81
2019-09-08,39,N2EXMIDP,0,0
2019-09-08,40,APXMIDP ,761.55,54.17
2019-09-08,40,N2EXMIDP,0,0
2019-09-08,41,APXMIDP ,776.55,55.89
2019-09-08,41,N2EXMIDP,0,0
2019-09-08,42,APXMIDP ,855.35,54.63
2019-09-08,42,N2EXMIDP,0,0
2019-09-08,43,APXMIDP ,541.5,38.23
2019-09-08,43,N2EXMIDP,0,0
2019-09-08,44,APXMIDP ,673,29.22
2019-09-08,44,N2EXMIDP,0,0
2019-09-08,45,APXMIDP ,918.65,34.65
2019-09-08,45,N2EXMIDP,0,0
2019-09-08,46,APXMIDP ,1282.5,36.54
2019-09-08,46,N2EXMIDP,0,0
2019-09-08,47,APXMIDP ,443.9,33.41
2019-09-08,47,N2EXMIDP,0,0
2019-09-08,48,APXMIDP ,253.05,22.22
2019-09-08,48,N2EXMIDP,0,0
2019-09-09,1,APXMIDP ,263.3,31.18
2019-09-09,1,N2EXMIDP,0,0
2019-09-09,2,APXMIDP ,311.1,27.72
2019-09-09,2,N2EXMIDP,0,0
2019-09-09,3,APXMIDP ,298.5,28.71
2019-09-09,3,N2EXMIDP,0,0
2019-09-09,4,APXMIDP ,292.5,30.06
2019-09-09,4,N2EXMIDP,0,0
2019-09-09,5,APXMIDP ,308.95,29.51
2019-09-09,5,N2EXMIDP,0,0
2019-09-09,6,APXMIDP ,489.6,27.08
2019-09-09,6,N2EXMIDP,0,0
2019-09-09,7,APXMIDP ,191.2,25.14
2019-09-09,7,N2EXMIDP,0,0
2019-09-09,8,APXMIDP ,290.3,20.62
2019-09-09,8,N2EXMIDP,0,0
2019-09-09,9,APXMIDP ,307,23.57
2019-09-09,9,N2EXMIDP,0,0
2019-09-09,10,APXMIDP ,182.9,24.64
2019-09-09,10,N2EXMIDP,0,0
2019-09-09,11,APXMIDP ,466.65,27.14
2019-09-09,11,N2EXMIDP,0,0
2019-09-09,12,APXMIDP ,426.3,25.88
2019-09-09,12,N2EXMIDP,0,0
2019-09-09,13,APXMIDP ,683.5,36.67
2019-09-09,13,N2EXMIDP,0,0
2019-09-09,14,APXMIDP ,1065.2,29.36
2019-09-09,14,N2EXMIDP,0,0
2019-09-09,15,APXMIDP ,960.45,47.88
2019-09-09,15,N2EXMIDP,0,0
2019-09-09,16,APXMIDP ,722.85,49.36
2019-09-09,16,N2EXMIDP,0,0
2019-09-09,17,APXMIDP ,949.6,39.89
2019-09-09,17,N2EXMIDP,0,0
2019-09-09,18,APXMIDP ,1320.05,45.79
2019-09-09,18,N2EXMIDP,0,0
2019-09-09,19,APXMIDP ,953.85,39.28
2019-09-09,19,N2EXMIDP,0,0
2019-09-09,20,APXMIDP ,1216.4,36.86
2019-09-09,20,N2EXMIDP,0,0
2019-09-09,21,APXMIDP ,1121.6,39.91
2019-09-09,21,N2EXMIDP,0,0
2019-09-09,22,APXMIDP ,1142.5,38.62
2019-09-09,22,N2EXMIDP,0,0
2019-09-09,23,APXMIDP ,1252.65,35.84
2019-09-09,23,N2EXMIDP,0,0
2019-09-09,24,APXMIDP ,1732.25,35.04
2019-09-09,24,N2EXMIDP,0,0
2019-09-09,25,APXMIDP ,1440.95,35.43
2019-09-09,25,N2EXMIDP,0,0
2019-09-09,26,APXMIDP ,1452.8,33.87
2019-09-09,26,N2EXMIDP,0,0
2019-09-09,27,APXMIDP ,1590.55,35.65
2019-09-09,27,N2EXMIDP,0,0
2019-09-09,28,APXMIDP ,1768.65,36.3
2019-09-09,28,N2EXMIDP,0,0
2019-09-09,29,APXMIDP ,1852.35,37.32
2019-09-09,29,N2EXMIDP,0,0
2019-09-09,30,APXMIDP ,1761,36.16
2019-09-09,30,N2EXMIDP,0,0
2019-09-09,31,APXMIDP ,915.75,40.59
2019-09-09,31,N2EXMIDP,0,0
2019-09-09,32,APXMIDP ,1239.6,43.67
2019-09-09,32,N2EXMIDP,0,0
2019-09-09,33,APXMIDP ,1123.3,36.78
2019-09-09,33,N2EXMIDP,0,0
2019-09-09,34,APXMIDP ,1040.45,40.71
2019-09-09,34,N2EXMIDP,0,0
2019-09-09,35,APXMIDP ,1359.75,39.24
2019-09-09,35,N2EXMIDP,0,0
2019-09-09,36,APXMIDP ,1305.55,43.81
2019-09-09,36,N2EXMIDP,0,0
2019-09-09,37,APXMIDP ,1320.2,44.79
2019-09-09,37,N2EXMIDP,0,0
2019-09-09,38,APXMIDP ,1315.35,43.37
2019-09-09,38,N2EXMIDP,0,0
2019-09-09,39,APXMIDP ,1316.2,40.97
2019-09-09,39,N2EXMIDP,0,0
2019-09-09,40,APXMIDP ,1505.45,41.18
2019-09-09,40,N2EXMIDP,0,0
2019-09-09,41,APXMIDP ,1400.9,41.37
2019-09-09,41,N2EXMIDP,0,0
2019-09-09,42,APXMIDP ,1551,38.3
2019-09-09,42,N2EXMIDP,0,0
2019-09-09,43,APXMIDP ,1450.25,35.71
2019-09-09,43,N2EXMIDP,0,0
2019-09-09,44,APXMIDP ,1424.85,32.35
2019-09-09,44,N2EXMIDP,0,0
2019-09-09,45,APXMIDP ,1755.4,32.12
2019-09-09,45,N2EXMIDP,0,0
2019-09-09,46,APXMIDP ,1942.7,31.91
2019-09-09,46,N2EXMIDP,0,0
2019-09-09,47,APXMIDP ,528.3,26.87
2019-09-09,47,N2EXMIDP,0,0
2019-09-09,48,APXMIDP ,720.2,21.24
2019-09-09,48,N2EXMIDP,0,0
2019-09-10,1,APXMIDP ,454.6,18.8
2019-09-10,1,N2EXMIDP,0,0
2019-09-10,2,APXMIDP ,617.2,21.17
2019-09-10,2,N2EXMIDP,0,0
2019-09-10,3,APXMIDP ,412.25,20.91
2019-09-10,3,N2EXMIDP,0,0
2019-09-10,4,APXMIDP ,389.75,21.16
2019-09-10,4,N2EXMIDP,0,0
2019-09-10,5,APXMIDP ,350.45,22.02
2019-09-10,5,N2EXMIDP,0,0
2019-09-10,6,APXMIDP ,398.1,21.98
2019-09-10,6,N2EXMIDP,0,0
2019-09-10,7,APXMIDP ,635.5,24.33
2019-09-10,7,N2EXMIDP,0,0
2019-09-10,8,APXMIDP ,662.85,23.23
2019-09-10,8,N2EXMIDP,0,0
2019-09-10,9,APXMIDP ,604.45,23.32
2019-09-10,9,N2EXMIDP,0,0
2019-09-10,10,APXMIDP ,585.75,23.57
2019-09-10,10,N2EXMIDP,0,0
2019-09-10,11,APXMIDP ,702.35,29.31
2019-09-10,11,N2EXMIDP,0,0
2019-09-10,12,APXMIDP ,865.65,29.34
2019-09-10,12,N2EXMIDP,0,0
2019-09-10,13,APXMIDP ,957.65,32.8
2019-09-10,13,N2EXMIDP,0,0
2019-09-10,14,APXMIDP ,1106.25,34.03
2019-09-10,14,N2EXMIDP,0,0
2019-09-10,15,APXMIDP ,906.1,48.18
2019-09-10,15,N2EXMIDP,0,0
2019-09-10,16,APXMIDP ,934.1,59.5
2019-09-10,16,N2EXMIDP,0,0
2019-09-10,17,APXMIDP ,989.95,59.71
2019-09-10,17,N2EXMIDP,0,0
2019-09-10,18,APXMIDP ,1142.8,59.72
2019-09-10,18,N2EXMIDP,0,0
2019-09-10,19,APXMIDP ,1488.1,55.93
2019-09-10,19,N2EXMIDP,0,0
2019-09-10,20,APXMIDP ,1509.55,47.33
2019-09-10,20,N2EXMIDP,0,0
2019-09-10,21,APXMIDP ,1593.85,44.74
2019-09-10,21,N2EXMIDP,0,0
2019-09-10,22,APXMIDP ,1640.6,46.25
2019-09-10,22,N2EXMIDP,0,0
2019-09-10,23,APXMIDP ,1081.35,42.34
2019-09-10,23,N2EXMIDP,0,0
2019-09-10,24,APXMIDP ,933.6,30.22
2019-09-10,24,N2EXMIDP,0,0
2019-09-10,25,APXMIDP ,1179.45,28.95
2019-09-10,25,N2EXMIDP,0,0
2019-09-10,26,APXMIDP ,1557.1,32.03
2019-09-10,26,N2EXMIDP,0,0
2019-09-10,27,APXMIDP ,1798.05,32.59
2019-09-10,27,N2EXMIDP,0,0
2019-09-10,28,APXMIDP ,1845,29.72
2019-09-10,28,N2EXMIDP,0,0
2019-09-10,29,APXMIDP ,1798.95,31.26
2019-09-10,29,N2EXMIDP,0,0
2019-09-10,30,APXMIDP ,1712.95,32.73
2019-09-10,30,N2EXMIDP,0,0
2019-09-10,31,APXMIDP ,1433.6,32.26
2019-09-10,31,N2EXMIDP,0,0
2019-09-10,32,APXMIDP ,1580.7,30.93
2019-09-10,32,N2EXMIDP,0,0
2019-09-10,33,APXMIDP ,1856.25,33.08
2019-09-10,33,N2EXMIDP,0,0
2019-09-10,34,APXMIDP ,1906.25,33.61
2019-09-10,34,N2EXMIDP,0,0
2019-09-10,35,APXMIDP ,1785.95,32.54
2019-09-10,35,N2EXMIDP,0,0
2019-09-10,36,APXMIDP ,1695.25,34.37
2019-09-10,36,N2EXMIDP,0,0
2019-09-10,37,APXMIDP ,1677.3,36.18
2019-09-10,37,N2EXMIDP,0,0
2019-09-10,38,APXMIDP ,1741.3,36.43
2019-09-10,38,N2EXMIDP,0,0
2019-09-10,39,APXMIDP ,1521.4,35.79
2019-09-10,39,N2EXMIDP,0,0
2019-09-10,40,APXMIDP ,1455.9,36.5
2019-09-10,40,N2EXMIDP,0,0
2019-09-10,41,APXMIDP ,1512.05,36.24
2019-09-10,41,N2EXMIDP,0,0
2019-09-10,42,APXMIDP ,1303.45,34.49
2019-09-10,42,N2EXMIDP,0,0
2019-09-10,43,APXMIDP ,1497.4,34.43
2019-09-10,43,N2EXMIDP,0,0
2019-09-10,44,APXMIDP ,1359.65,33.55
2019-09-10,44,N2EXMIDP,0,0
2019-09-10,45,APXMIDP ,1485.2,33.05
2019-09-10,45,N2EXMIDP,0,0
2019-09-10,46,APXMIDP ,1533.45,33
2019-09-10,46,N2EXMIDP,50,30
2019-09-10,47,APXMIDP ,304.5,29.63
2019-09-10,47,N2EXMIDP,0,0
2019-09-10,48,APXMIDP ,113,28.23
2019-09-10,48,N2EXMIDP,0,0
2019-09-11,1,APXMIDP ,183.1,8.8
2019-09-11,1,N2EXMIDP,0,0
2019-09-11,2,APXMIDP ,379.9,-4.28
2019-09-11,2,N2EXMIDP,0,0
2019-09-11,3,APXMIDP ,645,7.24
2019-09-11,3,N2EXMIDP,0,0
2019-09-11,4,APXMIDP ,584.25,-1.03
2019-09-11,4,N2EXMIDP,0,0
2019-09-11,5,APXMIDP ,656.6,3.71
2019-09-11,5,N2EXMIDP,0,0
2019-09-11,6,APXMIDP ,793.6,-10.84
2019-09-11,6,N2EXMIDP,0,0
2019-09-11,7,APXMIDP ,743.7,-14.92
2019-09-11,7,N2EXMIDP,0,0
2019-09-11,8,APXMIDP ,1030,-11.86
2019-09-11,8,N2EXMIDP,0,0
2019-09-11,9,APXMIDP ,1052.4,-9.73
2019-09-11,9,N2EXMIDP,0,0
2019-09-11,10,APXMIDP ,911.65,-4.81
2019-09-11,10,N2EXMIDP,0,0
2019-09-11,11,APXMIDP ,680.3,-2.39
2019-09-11,11,N2EXMIDP,0,0
2019-09-11,12,APXMIDP ,462.3,17.18
2019-09-11,12,N2EXMIDP,0,0
2019-09-11,13,APXMIDP ,614.65,13.82
2019-09-11,13,N2EXMIDP,0,0
2019-09-11,14,APXMIDP ,685,26.79
2019-09-11,14,N2EXMIDP,0,0
2019-09-11,15,APXMIDP ,983.8,22.56
2019-09-11,15,N2EXMIDP,0,0
2019-09-11,16,APXMIDP ,1047.5,37.43
2019-09-11,16,N2EXMIDP,0,0
2019-09-11,17,APXMIDP ,876.5,32.27
2019-09-11,17,N2EXMIDP,0,0
2019-09-11,18,APXMIDP ,912.2,32.43
2019-09-11,18,N2EXMIDP,0,0
2019-09-11,19,APXMIDP ,706.75,32.16
2019-09-11,19,N2EXMIDP,0,0
2019-09-11,20,APXMIDP ,695.25,32.16
2019-09-11,20,N2EXMIDP,59,31.98
2019-09-11,21,APXMIDP ,846.4,33.6
2019-09-11,21,N2EXMIDP,0,0
2019-09-11,22,APXMIDP ,836.05,32.7
2019-09-11,22,N2EXMIDP,0,0
2019-09-11,23,APXMIDP ,868.95,30.44
2019-09-11,23,N2EXMIDP,70.5,29.06
2019-09-11,24,APXMIDP ,1116.05,33.01
2019-09-11,24,N2EXMIDP,63,29.43
2019-09-11,25,APXMIDP ,1208.65,34.15
2019-09-11,25,N2EXMIDP,48,28.63
2019-09-11,26,APXMIDP ,1194.35,31.1
2019-09-11,26,N2EXMIDP,48,28.63
2019-09-11,27,APXMIDP ,1329.3,29.35
2019-09-11,27,N2EXMIDP,48,28.63
2019-09-11,28,APXMIDP ,1319.1,27.87
2019-09-11,28,N2EXMIDP,48,28.63
2019-09-11,29,APXMIDP ,1402.35,29.08
2019-09-11,29,N2EXMIDP,48,28.63
2019-09-11,30,APXMIDP ,1434,29.05
2019-09-11,30,N2EXMIDP,48,28.63
2019-09-11,31,APXMIDP ,1380.85,29.82
2019-09-11,31,N2EXMIDP,0,0
2019-09-11,32,APXMIDP ,1221.1,26.99
2019-09-11,32,N2EXMIDP,0,0
2019-09-11,33,APXMIDP ,1382.25,24.85
2019-09-11,33,N2EXMIDP,0,0
2019-09-11,34,APXMIDP ,1302.95,28.11
2019-09-11,34,N2EXMIDP,0,0
2019-09-11,35,APXMIDP ,1563.1,30.91
2019-09-11,35,N2EXMIDP,0,0
2019-09-11,36,APXMIDP ,1439.4,35.72
2019-09-11,36,N2EXMIDP,0,0
2019-09-11,37,APXMIDP ,1261.3,39.39
2019-09-11,37,N2EXMIDP,0,0
2019-09-11,38,APXMIDP ,1228.1,40.45
2019-09-11,38,N2EXMIDP,0,0
2019-09-11,39,APXMIDP ,1120.75,46.18
2019-09-11,39,N2EXMIDP,0,0
2019-09-11,40,APXMIDP ,1039.1,47.82
2019-09-11,40,N2EXMIDP,0,0
2019-09-11,41,APXMIDP ,1046.95,48.34
2019-09-11,41,N2EXMIDP,0,0
2019-09-11,42,APXMIDP ,1256.5,44.82
2019-09-11,42,N2EXMIDP,0,0
2019-09-11,43,APXMIDP ,1513.35,40.57
2019-09-11,43,N2EXMIDP,0,0
2019-09-11,44,APXMIDP ,1331,35.69
2019-09-11,44,N2EXMIDP,0,0
2019-09-11,45,APXMIDP ,1171.35,34.88
2019-09-11,45,N2EXMIDP,0,0
2019-09-11,46,APXMIDP ,1290.15,33.68
2019-09-11,46,N2EXMIDP,0,0
2019-09-11,47,APXMIDP ,983.15,29.36
2019-09-11,47,N2EXMIDP,0,0
2019-09-11,48,APXMIDP ,717.2,31.56
2019-09-11,48,N2EXMIDP,0,0
2019-09-12,1,APXMIDP ,509.2,29.34
2019-09-12,1,N2EXMIDP,0,0
2019-09-12,2,APXMIDP ,414.95,21.65
2019-09-12,2,N2EXMIDP,0,0
2019-09-12,3,APXMIDP ,524.95,24.48
2019-09-12,3,N2EXMIDP,0,0
2019-09-12,4,APXMIDP ,507.15,23.85
2019-09-12,4,N2EXMIDP,0,0
2019-09-12,5,APXMIDP ,509,24.55
2019-09-12,5,N2EXMIDP,0,0
2019-09-12,6,APXMIDP ,512.45,23.31
2019-09-12,6,N2EXMIDP,0,0
2019-09-12,7,APXMIDP ,366.5,23.37
2019-09-12,7,N2EXMIDP,0,0
2019-09-12,8,APXMIDP ,383.4,23.1
2019-09-12,8,N2EXMIDP,0,0
2019-09-12,9,APXMIDP ,467.25,23.3
2019-09-12,9,N2EXMIDP,0,0
2019-09-12,10,APXMIDP ,396.5,24.43
2019-09-12,10,N2EXMIDP,0,0
2019-09-12,11,APXMIDP ,613.35,38.7
2019-09-12,11,N2EXMIDP,0,0
2019-09-12,12,APXMIDP ,490.05,39.51
2019-09-12,12,N2EXMIDP,0,0
2019-09-12,13,APXMIDP ,587.9,39.1
2019-09-12,13,N2EXMIDP,0,0
2019-09-12,14,APXMIDP ,823.8,34.75
2019-09-12,14,N2EXMIDP,0,0
2019-09-12,15,APXMIDP ,1132.4,38.02
2019-09-12,15,N2EXMIDP,0,0
2019-09-12,16,APXMIDP ,923.25,47.11
2019-09-12,16,N2EXMIDP,0,0
2019-09-12,17,APXMIDP ,958.35,48.02
2019-09-12,17,N2EXMIDP,0,0
2019-09-12,18,APXMIDP ,1080.15,48.11
2019-09-12,18,N2EXMIDP,0,0
2019-09-12,19,APXMIDP ,1197.75,42.69
2019-09-12,19,N2EXMIDP,0,0
2019-09-12,20,APXMIDP ,1185.4,38.16
2019-09-12,20,N2EXMIDP,0,0
2019-09-12,21,APXMIDP ,1362.9,36.04
2019-09-12,21,N2EXMIDP,0,0
2019-09-12,22,APXMIDP ,1735.8,36.06
2019-09-12,22,N2EXMIDP,0,0
2019-09-12,23,APXMIDP ,1604.95,36.94
2019-09-12,23,N2EXMIDP,0,0
2019-09-12,24,APXMIDP ,1443.75,38.54
2019-09-12,24,N2EXMIDP,0,0
2019-09-12,25,APXMIDP ,1665.7,39.04
2019-09-12,25,N2EXMIDP,0,0
2019-09-12,26,APXMIDP ,1733.05,38.38
2019-09-12,26,N2EXMIDP,0,0
2019-09-12,27,APXMIDP ,1782.45,36.07
2019-09-12,27,N2EXMIDP,0,0
2019-09-12,28,APXMIDP ,1838.8,34.93
2019-09-12,28,N2EXMIDP,0,0
2019-09-12,29,APXMIDP ,1981.35,33.8
2019-09-12,29,N2EXMIDP,0,0
2019-09-12,30,APXMIDP ,2265.6,33.03
2019-09-12,30,N2EXMIDP,0,0
2019-09-12,31,APXMIDP ,1768.9,33.09
2019-09-12,31,N2EXMIDP,0,0
2019-09-12,32,APXMIDP ,1901.5,33.99
2019-09-12,32,N2EXMIDP,0,0
2019-09-12,33,APXMIDP ,2053.9,31.44
2019-09-12,33,N2EXMIDP,0,0
2019-09-12,34,APXMIDP ,2009.3,32.86
2019-09-12,34,N2EXMIDP,0,0
2019-09-12,35,APXMIDP ,2065.45,34.52
2019-09-12,35,N2EXMIDP,0,0
2019-09-12,36,APXMIDP ,2023.4,37.05
2019-09-12,36,N2EXMIDP,0,0
2019-09-12,37,APXMIDP ,2090.45,37.36
2019-09-12,37,N2EXMIDP,0,0
2019-09-12,38,APXMIDP ,2003.5,36.4
2019-09-12,38,N2EXMIDP,0,0
2019-09-12,39,APXMIDP ,1790.95,37.81
2019-09-12,39,N2EXMIDP,0,0
2019-09-12,40,APXMIDP ,1682.85,39.56
2019-09-12,40,N2EXMIDP,0,0
2019-09-12,41,APXMIDP ,1812.45,42.62
2019-09-12,41,N2EXMIDP,0,0
2019-09-12,42,APXMIDP ,1820.75,41.28
2019-09-12,42,N2EXMIDP,0,0
2019-09-12,43,APXMIDP ,1595.5,37.46
2019-09-12,43,N2EXMIDP,0,0
2019-09-12,44,APXMIDP ,1475.3,34.06
2019-09-12,44,N2EXMIDP,0,0
2019-09-12,45,APXMIDP ,1546.65,34.69
2019-09-12,45,N2EXMIDP,0,0
2019-09-12,46,APXMIDP ,1533.3,31.41
2019-09-12,46,N2EXMIDP,0,0
2019-09-12,47,APXMIDP ,729.3,31.13
2019-09-12,47,N2EXMIDP,0,0
2019-09-12,48,APXMIDP ,867.35,35.82
2019-09-12,48,N2EXMIDP,0,0
2019-09-13,1,APXMIDP ,566.7,32.85
2019-09-13,1,N2EXMIDP,0,0
2019-09-13,2,APXMIDP ,606.9,33.21
2019-09-13,2,N2EXMIDP,0,0
2019-09-13,3,APXMIDP ,668.1,34.94
2019-09-13,3,N2EXMIDP,0,0
2019-09-13,4,APXMIDP ,546.05,32.22
2019-09-13,4,N2EXMIDP,0,0
2019-09-13,5,APXMIDP ,565.95,32.81
2019-09-13,5,N2EXMIDP,0,0
2019-09-13,6,APXMIDP ,634.45,32.93
2019-09-13,6,N2EXMIDP,0,0
2019-09-13,7,APXMIDP ,526.2,32.31
2019-09-13,7,N2EXMIDP,0,0
2019-09-13,8,APXMIDP ,509.1,32.77
2019-09-13,8,N2EXMIDP,0,0
2019-09-13,9,APXMIDP ,743.85,30.86
2019-09-13,9,N2EXMIDP,0,0
2019-09-13,10,APXMIDP ,651.7,33.26
2019-09-13,10,N2EXMIDP,0,0
2019-09-13,11,APXMIDP ,422.7,38.61
2019-09-13,11,N2EXMIDP,0,0
2019-09-13,12,APXMIDP ,447.65,37.15
2019-09-13,12,N2EXMIDP,0,0
2019-09-13,13,APXMIDP ,641.15,40.13
2019-09-13,13,N2EXMIDP,0,0
2019-09-13,14,APXMIDP ,909.95,30.29
2019-09-13,14,N2EXMIDP,0,0
2019-09-13,15,APXMIDP ,1094.85,33.52
2019-09-13,15,N2EXMIDP,0,0
2019-09-13,16,APXMIDP ,1105.3,35.9
2019-09-13,16,N2EXMIDP,0,0
2019-09-13,17,APXMIDP ,1080.05,40.42
2019-09-13,17,N2EXMIDP,0,0
2019-09-13,18,APXMIDP ,1000.55,35.79
2019-09-13,18,N2EXMIDP,0,0
2019-09-13,19,APXMIDP ,1155.6,40.92
2019-09-13,19,N2EXMIDP,0,0
2019-09-13,20,APXMIDP ,1262.1,39.44
2019-09-13,20,N2EXMIDP,0,0
2019-09-13,21,APXMIDP ,1181.2,37.25
2019-09-13,21,N2EXMIDP,0,0
2019-09-13,22,APXMIDP ,1332.25,35.65
2019-09-13,22,N2EXMIDP,0,0
2019-09-13,23,APXMIDP ,1612.2,34.63
2019-09-13,23,N2EXMIDP,0,0
2019-09-13,24,APXMIDP ,1899.35,36.89
2019-09-13,24,N2EXMIDP,0,0
2019-09-13,25,APXMIDP ,1725.95,37.18
2019-09-13,25,N2EXMIDP,0,0
2019-09-13,26,APXMIDP ,1829.85,35.08
2019-09-13,26,N2EXMIDP,0,0
2019-09-13,27,APXMIDP ,1718.9,32.28
2019-09-13,27,N2EXMIDP,0,0
2019-09-13,28,APXMIDP ,1763.25,32.31
2019-09-13,28,N2EXMIDP,0,0
2019-09-13,29,APXMIDP ,1891.6,31.98
2019-09-13,29,N2EXMIDP,0,0
2019-09-13,30,APXMIDP ,2072.6,31.7
2019-09-13,30,N2EXMIDP,0,0
2019-09-13,31,APXMIDP ,1421.95,34.58
2019-09-13,31,N2EXMIDP,0,0
2019-09-13,32,APXMIDP ,1526.4,35.99
2019-09-13,32,N2EXMIDP,0,0
2019-09-13,33,APXMIDP ,1957.05,35.99
2019-09-13,33,N2EXMIDP,0,0
2019-09-13,34,APXMIDP ,2031.55,39.3
2019-09-13,34,N2EXMIDP,0,0
2019-09-13,35,APXMIDP ,1826.85,39.13
2019-09-13,35,N2EXMIDP,0,0
2019-09-13,36,APXMIDP ,1495.9,43.84
2019-09-13,36,N2EXMIDP,0,0
2019-09-13,37,APXMIDP ,1577.25,46.2
2019-09-13,37,N2EXMIDP,0,0
2019-09-13,38,APXMIDP ,1672.4,47.99
2019-09-13,38,N2EXMIDP,0,0
2019-09-13,39,APXMIDP ,1483.4,48.97
2019-09-13,39,N2EXMIDP,0,0
2019-09-13,40,APXMIDP ,1547.25,49.52
2019-09-13,40,N2EXMIDP,0,0
2019-09-13,41,APXMIDP ,1455.9,49.52
2019-09-13,41,N2EXMIDP,0,0
2019-09-13,42,APXMIDP ,1594,48.73
2019-09-13,42,N2EXMIDP,0,0
2019-09-13,43,APXMIDP ,1924.35,44.66
2019-09-13,43,N2EXMIDP,0,0
2019-09-13,44,APXMIDP ,1725.4,44.52
2019-09-13,44,N2EXMIDP,0,0
2019-09-13,45,APXMIDP ,2160.7,45.41
2019-09-13,45,N2EXMIDP,0,0
2019-09-13,46,APXMIDP ,1926.95,43.64
2019-09-13,46,N2EXMIDP,0,0
2019-09-13,47,APXMIDP ,842.45,47.53
2019-09-13,47,N2EXMIDP,0,0
2019-09-13,48,APXMIDP ,513.75,43.66
2019-09-13,48,N2EXMIDP,0,0
2019-09-14,1,APXMIDP ,288.95,39.99
2019-09-14,1,N2EXMIDP,0,0
2019-09-14,2,APXMIDP ,385.9,41.13
2019-09-14,2,N2EXMIDP,0,0
2019-09-14,3,APXMIDP ,383.4,44.88
2019-09-14,3,N2EXMIDP,0,0
2019-09-14,4,APXMIDP ,460.45,45.62
2019-09-14,4,N2EXMIDP,0,0
2019-09-14,5,APXMIDP ,432.65,43.99
2019-09-14,5,N2EXMIDP,0,0
2019-09-14,6,APXMIDP ,424.1,36.73
2019-09-14,6,N2EXMIDP,0,0
2019-09-14,7,APXMIDP ,347.7,29.93
2019-09-14,7,N2EXMIDP,0,0
2019-09-14,8,APXMIDP ,382.35,27.76
2019-09-14,8,N2EXMIDP,0,0
2019-09-14,9,APXMIDP ,488.5,28.87
2019-09-14,9,N2EXMIDP,0,0
2019-09-14,10,APXMIDP ,504.95,28.15
2019-09-14,10,N2EXMIDP,0,0
2019-09-14,11,APXMIDP ,591.65,28.15
2019-09-14,11,N2EXMIDP,0,0
2019-09-14,12,APXMIDP ,382.7,28.75
2019-09-14,12,N2EXMIDP,0,0
2019-09-14,13,APXMIDP ,526.45,28.12
2019-09-14,13,N2EXMIDP,0,0
2019-09-14,14,APXMIDP ,503.75,32.71
2019-09-14,14,N2EXMIDP,0,0
2019-09-14,15,APXMIDP ,861.1,37.99
2019-09-14,15,N2EXMIDP,0,0
2019-09-14,16,APXMIDP ,757.4,48.35
2019-09-14,16,N2EXMIDP,0,0
2019-09-14,17,APXMIDP ,587.1,48.42
2019-09-14,17,N2EXMIDP,0,0
2019-09-14,18,APXMIDP ,407,48.32
2019-09-14,18,N2EXMIDP,40,49.06
2019-09-14,19,APXMIDP ,390,46
2019-09-14,19,N2EXMIDP,60,40
2019-09-14,20,APXMIDP ,380,45.84
2019-09-14,20,N2EXMIDP,85,43.71
2019-09-14,21,APXMIDP ,749.55,45.86
2019-09-14,21,N2EXMIDP,114.5,35.22
2019-09-14,22,APXMIDP ,901.15,38.68
2019-09-14,22,N2EXMIDP,125,35.2
2019-09-14,23,APXMIDP ,747.65,34.85
2019-09-14,23,N2EXMIDP,212.5,27.79
2019-09-14,24,APXMIDP ,725.35,34.27
2019-09-14,24,N2EXMIDP,212.5,27.79
2019-09-14,25,APXMIDP ,705.85,31.15
2019-09-14,25,N2EXMIDP,137.5,26.59
2019-09-14,26,APXMIDP ,623.85,28.69
2019-09-14,26,N2EXMIDP,137.5,26.59
2019-09-14,27,APXMIDP ,697.55,29.58
2019-09-14,27,N2EXMIDP,137.5,26.59
2019-09-14,28,APXMIDP ,772.85,27.23
2019-09-14,28,N2EXMIDP,137.5,26.59
2019-09-14,29,APXMIDP ,858.9,27.52
2019-09-14,29,N2EXMIDP,137.5,26.59
2019-09-14,30,APXMIDP ,937.35,29.62
2019-09-14,30,N2EXMIDP,137.5,26.59
2019-09-14,31,APXMIDP ,1059.45,31.13
2019-09-14,31,N2EXMIDP,0,0
2019-09-14,32,APXMIDP ,994.35,35.23
2019-09-14,32,N2EXMIDP,0,0
2019-09-14,33,APXMIDP ,1239.35,38.2
2019-09-14,33,N2EXMIDP,0,0
2019-09-14,34,APXMIDP ,1323.2,40.79
2019-09-14,34,N2EXMIDP,0,0
2019-09-14,35,APXMIDP ,963.65,42.01
2019-09-14,35,N2EXMIDP,0,0
2019-09-14,36,APXMIDP ,734.4,40.39
2019-09-14,36,N2EXMIDP,0,0
2019-09-14,37,APXMIDP ,703.65,40.28
2019-09-14,37,N2EXMIDP,0,0
2019-09-14,38,APXMIDP ,800.9,43.13
2019-09-14,38,N2EXMIDP,0,0
2019-09-14,39,APXMIDP ,885.25,45.99
2019-09-14,39,N2EXMIDP,0,0
2019-09-14,40,APXMIDP ,928.1,45.42
2019-09-14,40,N2EXMIDP,0,0
2019-09-14,41,APXMIDP ,884.45,41.95
2019-09-14,41,N2EXMIDP,0,0
2019-09-14,42,APXMIDP ,822.3,39.62
2019-09-14,42,N2EXMIDP,0,0
2019-09-14,43,APXMIDP ,812.15,34.23
2019-09-14,43,N2EXMIDP,0,0
2019-09-14,44,APXMIDP ,807.85,30.49
2019-09-14,44,N2EXMIDP,0,0
2019-09-14,45,APXMIDP ,1000.7,34.21
2019-09-14,45,N2EXMIDP,0,0
2019-09-14,46,APXMIDP ,1169.5,25.08
2019-09-14,46,N2EXMIDP,0,0
2019-09-14,47,APXMIDP ,593.9,30.53
2019-09-14,47,N2EXMIDP,0,0
2019-09-14,48,APXMIDP ,539.65,22.34
2019-09-14,48,N2EXMIDP,0,0
2019-09-15,1,APXMIDP ,504.3,23.46
2019-09-15,1,N2EXMIDP,0,0
2019-09-15,2,APXMIDP ,426.7,17.78
2019-09-15,2,N2EXMIDP,0,0
2019-09-15,3,APXMIDP ,552.5,17.4
2019-09-15,3,N2EXMIDP,0,0
2019-09-15,4,APXMIDP ,553.6,21.04
2019-09-15,4,N2EXMIDP,0,0
2019-09-15,5,APXMIDP ,772.3,9.24
2019-09-15,5,N2EXMIDP,0,0
2019-09-15,6,APXMIDP ,612.1,7.92
2019-09-15,6,N2EXMIDP,0,0
2019-09-15,7,APXMIDP ,741.85,22.56
2019-09-15,7,N2EXMIDP,0,0
2019-09-15,8,APXMIDP ,700.2,19.68
2019-09-15,8,N2EXMIDP,0,0
2019-09-15,9,APXMIDP ,774.5,14.33
2019-09-15,9,N2EXMIDP,0,0
2019-09-15,10,APXMIDP ,829.75,15.27
2019-09-15,10,N2EXMIDP,0,0
2019-09-15,11,APXMIDP ,593.6,8.47
2019-09-15,11,N2EXMIDP,0,0
2019-09-15,12,APXMIDP ,503.95,11.51
2019-09-15,12,N2EXMIDP,0,0
2019-09-15,13,APXMIDP ,584.45,11.43
2019-09-15,13,N2EXMIDP,0,0
2019-09-15,14,APXMIDP ,714.4,11.51
2019-09-15,14,N2EXMIDP,0,0
2019-09-15,15,APXMIDP ,1067.3,27.62
2019-09-15,15,N2EXMIDP,0,0
2019-09-15,16,APXMIDP ,1145.1,28.4
2019-09-15,16,N2EXMIDP,0,0
2019-09-15,17,APXMIDP ,1137.65,21.36
2019-09-15,17,N2EXMIDP,0,0
2019-09-15,18,APXMIDP ,874.1,25.09
2019-09-15,18,N2EXMIDP,0,0
2019-09-15,19,APXMIDP ,726.55,22.37
2019-09-15,19,N2EXMIDP,0,0
2019-09-15,20,APXMIDP ,781.25,23.31
2019-09-15,20,N2EXMIDP,0,0
2019-09-15,21,APXMIDP ,708.85,23.73
2019-09-15,21,N2EXMIDP,0,0
2019-09-15,22,APXMIDP ,792.2,28.46
2019-09-15,22,N2EXMIDP,0,0
2019-09-15,23,APXMIDP ,882.35,32.51
2019-09-15,23,N2EXMIDP,0,0
2019-09-15,24,APXMIDP ,1052.15,26.87
2019-09-15,24,N2EXMIDP,0,0
2019-09-15,25,APXMIDP ,1066.65,27.07
2019-09-15,25,N2EXMIDP,0,0
2019-09-15,26,APXMIDP ,1099.9,27.68
2019-09-15,26,N2EXMIDP,0,0
2019-09-15,27,APXMIDP ,1283.9,31.88
2019-09-15,27,N2EXMIDP,0,0
2019-09-15,28,APXMIDP ,1162.3,35.1
2019-09-15,28,N2EXMIDP,0,0
2019-09-15,29,APXMIDP ,1216.55,36.59
2019-09-15,29,N2EXMIDP,0,0
2019-09-15,30,APXMIDP ,1188.3,36.3
2019-09-15,30,N2EXMIDP,0,0
2019-09-15,31,APXMIDP ,441.9,33.61
2019-09-15,31,N2EXMIDP,0,0
2019-09-15,32,APXMIDP ,336.4,34.09
2019-09-15,32,N2EXMIDP,50,37
2019-09-15,33,APXMIDP ,277.4,35.72
2019-09-15,33,N2EXMIDP,110.5,41.83
2019-09-15,34,APXMIDP ,565.55,42.28
2019-09-15,34,N2EXMIDP,60.5,40.04
2019-09-15,35,APXMIDP ,606.2,47.61
2019-09-15,35,N2EXMIDP,0,0
2019-09-15,36,APXMIDP ,565.8,50.31
2019-09-15,36,N2EXMIDP,0,0
2019-09-15,37,APXMIDP ,684.05,53.51
2019-09-15,37,N2EXMIDP,0,0
2019-09-15,38,APXMIDP ,567.55,55.5
2019-09-15,38,N2EXMIDP,0,0
2019-09-15,39,APXMIDP ,477.4,59.28
2019-09-15,39,N2EXMIDP,0,0
2019-09-15,40,APXMIDP ,382.85,61.19
2019-09-15,40,N2EXMIDP,0,0
2019-09-15,41,APXMIDP ,495,61.41
2019-09-15,41,N2EXMIDP,0,0
2019-09-15,42,APXMIDP ,486.4,56.43
2019-09-15,42,N2EXMIDP,0,0
2019-09-15,43,APXMIDP ,979.95,43.91
2019-09-15,43,N2EXMIDP,0,0
2019-09-15,44,APXMIDP ,1157.6,41.86
2019-09-15,44,N2EXMIDP,0,0
2019-09-15,45,APXMIDP ,1091.5,43.21
2019-09-15,45,N2EXMIDP,0,0
2019-09-15,46,APXMIDP ,1198.65,40.93
2019-09-15,46,N2EXMIDP,0,0
2019-09-15,47,APXMIDP ,375.85,43.45
2019-09-15,47,N2EXMIDP,0,0
2019-09-15,48,APXMIDP ,548.45,36.69
2019-09-15,48,N2EXMIDP,0,0
2019-09-16,1,APXMIDP ,370.9,36.66
2019-09-16,1,N2EXMIDP,0,0
2019-09-16,2,APXMIDP ,325.6,33.96
2019-09-16,2,N2EXMIDP,0,0
2019-09-16,3,APXMIDP ,226,33.43
2019-09-16,3,N2EXMIDP,0,0
2019-09-16,4,APXMIDP ,248.5,31.34
2019-09-16,4,N2EXMIDP,0,0
2019-09-16,5,APXMIDP ,299.5,31.95
2019-09-16,5,N2EXMIDP,0,0
2019-09-16,6,APXMIDP ,288.5,31.49
2019-09-16,6,N2EXMIDP,0,0
2019-09-16,7,APXMIDP ,188.05,31.33
2019-09-16,7,N2EXMIDP,0,0
2019-09-16,8,APXMIDP ,207.9,30.04
2019-09-16,8,N2EXMIDP,0,0
2019-09-16,9,APXMIDP ,388.1,29.32
2019-09-16,9,N2EXMIDP,0,0
2019-09-16,10,APXMIDP ,546.3,27.98
2019-09-16,10,N2EXMIDP,0,0
2019-09-16,11,APXMIDP ,583.25,38.06
2019-09-16,11,N2EXMIDP,0,0
2019-09-16,12,APXMIDP ,598.55,39.58
2019-09-16,12,N2EXMIDP,0,0
2019-09-16,13,APXMIDP ,556.55,44.7
2019-09-16,13,N2EXMIDP,0,0
2019-09-16,14,APXMIDP ,880.9,45.65
2019-09-16,14,N2EXMIDP,0,0
2019-09-16,15,APXMIDP ,789.6,47.11
2019-09-16,15,N2EXMIDP,0,0
2019-09-16,16,APXMIDP ,483.6,60.94
2019-09-16,16,N2EXMIDP,0,0
2019-09-16,17,APXMIDP ,1048.95,51.26
2019-09-16,17,N2EXMIDP,0,0
2019-09-16,18,APXMIDP ,830.95,50.72
2019-09-16,18,N2EXMIDP,0,0
2019-09-16,19,APXMIDP ,1519.6,54.41
2019-09-16,19,N2EXMIDP,0,0
2019-09-16,20,APXMIDP ,1493.15,54.39
2019-09-16,20,N2EXMIDP,0,0
2019-09-16,21,APXMIDP ,1655.15,55.61
2019-09-16,21,N2EXMIDP,0,0
2019-09-16,22,APXMIDP ,1999.4,50.96
2019-09-16,22,N2EXMIDP,0,0
2019-09-16,23,APXMIDP ,1251.4,45.85
2019-09-16,23,N2EXMIDP,0,0
2019-09-16,24,APXMIDP ,1319.15,42.33
2019-09-16,24,N2EXMIDP,0,0
2019-09-16,25,APXMIDP ,1444.25,42.91
2019-09-16,25,N2EXMIDP,0,0
2019-09-16,26,APXMIDP ,1311.75,41.09
2019-09-16,26,N2EXMIDP,0,0
2019-09-16,27,APXMIDP ,1645.95,43.09
2019-09-16,27,N2EXMIDP,0,0
2019-09-16,28,APXMIDP ,1493.15,43.43
2019-09-16,28,N2EXMIDP,0,0
2019-09-16,29,APXMIDP ,1601.3,45.04
2019-09-16,29,N2EXMIDP,0,0
2019-09-16,30,APXMIDP ,1866.3,41.94
2019-09-16,30,N2EXMIDP,0,0
2019-09-16,31,APXMIDP ,958.95,44.45
2019-09-16,31,N2EXMIDP,0,0
2019-09-16,32,APXMIDP ,839,47.08
2019-09-16,32,N2EXMIDP,66.5,32.93
2019-09-16,33,APXMIDP ,665.5,48.57
2019-09-16,33,N2EXMIDP,116.5,39.14
2019-09-16,34,APXMIDP ,640,49.94
2019-09-16,34,N2EXMIDP,93.8,43.97
2019-09-16,35,APXMIDP ,1063.55,58.05
2019-09-16,35,N2EXMIDP,126.5,47.56
2019-09-16,36,APXMIDP ,1405.5,59.5
2019-09-16,36,N2EXMIDP,70.5,50.07
2019-09-16,37,APXMIDP ,1554.3,58.2
2019-09-16,37,N2EXMIDP,64,49.71
2019-09-16,38,APXMIDP ,1436.25,57.04
2019-09-16,38,N2EXMIDP,64,49.71
2019-09-16,39,APXMIDP ,930.6,46.46
2019-09-16,39,N2EXMIDP,0,0
2019-09-16,40,APXMIDP ,876.45,54.03
2019-09-16,40,N2EXMIDP,0,0
2019-09-16,41,APXMIDP ,851.45,50.76
2019-09-16,41,N2EXMIDP,0,0
2019-09-16,42,APXMIDP ,1019.7,40.52
2019-09-16,42,N2EXMIDP,0,0
2019-09-16,43,APXMIDP ,1076.75,34.8
2019-09-16,43,N2EXMIDP,0,0
2019-09-16,44,APXMIDP ,1017.4,36.45
2019-09-16,44,N2EXMIDP,0,0
2019-09-16,45,APXMIDP ,1115.3,39.61
2019-09-16,45,N2EXMIDP,0,0
2019-09-16,46,APXMIDP ,1453.35,40.58
2019-09-16,46,N2EXMIDP,0,0
2019-09-16,47,APXMIDP ,533.5,41.19
2019-09-16,47,N2EXMIDP,0,0
2019-09-16,48,APXMIDP ,589.25,39.32
2019-09-16,48,N2EXMIDP,0,0
2019-09-17,1,APXMIDP ,309.6,39
2019-09-17,1,N2EXMIDP,0,0
2019-09-17,2,APXMIDP ,260,31.87
2019-09-17,2,N2EXMIDP,0,0
2019-09-17,3,APXMIDP ,323.75,30.21
2019-09-17,3,N2EXMIDP,0,0
2019-09-17,4,APXMIDP ,375.05,26.88
2019-09-17,4,N2EXMIDP,0,0
2019-09-17,5,APXMIDP ,567,29.75
2019-09-17,5,N2EXMIDP,0,0
2019-09-17,6,APXMIDP ,549.35,24.63
2019-09-17,6,N2EXMIDP,0,0
2019-09-17,7,APXMIDP ,477.65,22.02
2019-09-17,7,N2EXMIDP,0,0
2019-09-17,8,APXMIDP ,629,19.86
2019-09-17,8,N2EXMIDP,0,0
2019-09-17,9,APXMIDP ,794.25,18.59
2019-09-17,9,N2EXMIDP,0,0
2019-09-17,10,APXMIDP ,674.55,17.73
2019-09-17,10,N2EXMIDP,0,0
2019-09-17,11,APXMIDP ,728.8,40.1
2019-09-17,11,N2EXMIDP,0,0
2019-09-17,12,APXMIDP ,767.6,41.57
2019-09-17,12,N2EXMIDP,0,0
2019-09-17,13,APXMIDP ,831.8,39.29
2019-09-17,13,N2EXMIDP,0,0
2019-09-17,14,APXMIDP ,855.75,42.07
2019-09-17,14,N2EXMIDP,0,0
2019-09-17,15,APXMIDP ,615.2,35.51
2019-09-17,15,N2EXMIDP,0,0
2019-09-17,16,APXMIDP ,723.3,45.51
2019-09-17,16,N2EXMIDP,0,0
2019-09-17,17,APXMIDP ,695.45,39.6
2019-09-17,17,N2EXMIDP,0,0
2019-09-17,18,APXMIDP ,750.2,34.1
2019-09-17,18,N2EXMIDP,0,0
2019-09-17,19,APXMIDP ,1054.7,39.07
2019-09-17,19,N2EXMIDP,0,0
2019-09-17,20,APXMIDP ,1041.15,33.55
2019-09-17,20,N2EXMIDP,0,0
2019-09-17,21,APXMIDP ,1261.05,34.41
2019-09-17,21,N2EXMIDP,0,0
2019-09-17,22,APXMIDP ,1306,33.55
2019-09-17,22,N2EXMIDP,0,0
2019-09-17,23,APXMIDP ,1246,32.44
2019-09-17,23,N2EXMIDP,0,0
2019-09-17,24,APXMIDP ,1346.8,31.3
2019-09-17,24,N2EXMIDP,0,0
2019-09-17,25,APXMIDP ,1316.3,32.02
2019-09-17,25,N2EXMIDP,0,0
2019-09-17,26,APXMIDP ,1271.45,30.74
2019-09-17,26,N2EXMIDP,0,0
2019-09-17,27,APXMIDP ,1541,32.26
2019-09-17,27,N2EXMIDP,0,0
2019-09-17,28,APXMIDP ,1434.25,32.44
2019-09-17,28,N2EXMIDP,0,0
2019-09-17,29,APXMIDP ,1606.55,34.43
2019-09-17,29,N2EXMIDP,0,0
2019-09-17,30,APXMIDP ,2133.15,32.78
2019-09-17,30,N2EXMIDP,0,0
2019-09-17,31,APXMIDP ,1358.6,33.95
2019-09-17,31,N2EXMIDP,0,0
2019-09-17,32,APXMIDP ,1594.35,34.67
2019-09-17,32,N2EXMIDP,0,0
2019-09-17,33,APXMIDP ,1236.7,33.58
2019-09-17,33,N2EXMIDP,0,0
2019-09-17,34,APXMIDP ,1442.15,34.71
2019-09-17,34,N2EXMIDP,0,0
2019-09-17,35,APXMIDP ,1769.6,38.96
2019-09-17,35,N2EXMIDP,0,0
2019-09-17,36,APXMIDP ,1716.95,43.15
2019-09-17,36,N2EXMIDP,0,0
2019-09-17,37,APXMIDP ,1724.95,43.98
2019-09-17,37,N2EXMIDP,0,0
2019-09-17,38,APXMIDP ,1564.55,46.36
2019-09-17,38,N2EXMIDP,0,0
2019-09-17,39,APXMIDP ,1732.45,53.87
2019-09-17,39,N2EXMIDP,0,0
2019-09-17,40,APXMIDP ,1711,59.97
2019-09-17,40,N2EXMIDP,0,0
2019-09-17,41,APXMIDP ,1649.25,58.25
2019-09-17,41,N2EXMIDP,0,0
2019-09-17,42,APXMIDP ,1916.9,52.56
2019-09-17,42,N2EXMIDP,0,0
2019-09-17,43,APXMIDP ,1425.35,46.56
2019-09-17,43,N2EXMIDP,0,0
2019-09-17,44,APXMIDP ,1880.45,39.54
2019-09-17,44,N2EXMIDP,0,0
2019-09-17,45,APXMIDP ,1329.6,44.76
2019-09-17,45,N2EXMIDP,0,0
2019-09-17,46,APXMIDP ,1471.3,43.09
2019-09-17,46,N2EXMIDP,0,0
2019-09-17,47,APXMIDP ,676.65,51.58
2019-09-17,47,N2EXMIDP,0,0
2019-09-17,48,APXMIDP ,277.65,44.33
2019-09-17,48,N2EXMIDP,0,0
2019-09-18,1,APXMIDP ,320.8,40.16
2019-09-18,1,N2EXMIDP,0,0
2019-09-18,2,APXMIDP ,397.95,34.1
2019-09-18,2,N2EXMIDP,0,0
2019-09-18,3,APXMIDP ,173.35,40.72
2019-09-18,3,N2EXMIDP,0,0
2019-09-18,4,APXMIDP ,318,39.41
2019-09-18,4,N2EXMIDP,0,0
2019-09-18,5,APXMIDP ,446.75,41.76
2019-09-18,5,N2EXMIDP,0,0
2019-09-18,6,APXMIDP ,504,37.33
2019-09-18,6,N2EXMIDP,0,0
2019-09-18,7,APXMIDP ,445.1,36.54
2019-09-18,7,N2EXMIDP,0,0
2019-09-18,8,APXMIDP ,386.45,35.37
2019-09-18,8,N2EXMIDP,0,0
2019-09-18,9,APXMIDP ,588,33.38
2019-09-18,9,N2EXMIDP,0,0
2019-09-18,10,APXMIDP ,505.7,34.7
2019-09-18,10,N2EXMIDP,0,0
2019-09-18,11,APXMIDP ,400,46.07
2019-09-18,11,N2EXMIDP,0,0
2019-09-18,12,APXMIDP ,453.35,46.22
2019-09-18,12,N2EXMIDP,0,0
2019-09-18,13,APXMIDP ,541.05,50.57
2019-09-18,13,N2EXMIDP,0,0
2019-09-18,14,APXMIDP ,869.6,54.76
2019-09-18,14,N2EXMIDP,0,0
2019-09-18,15,APXMIDP ,876.05,55.63
2019-09-18,15,N2EXMIDP,0,0
2019-09-18,16,APXMIDP ,865.7,63.74
2019-09-18,16,N2EXMIDP,0,0
2019-09-18,17,APXMIDP ,847.8,66.44
2019-09-18,17,N2EXMIDP,0,0
2019-09-18,18,APXMIDP ,1039,62
2019-09-18,18,N2EXMIDP,0,0
2019-09-18,19,APXMIDP ,1447.25,52.4
2019-09-18,19,N2EXMIDP,0,0
2019-09-18,20,APXMIDP ,1185.35,46.47
2019-09-18,20,N2EXMIDP,0,0
2019-09-18,21,APXMIDP ,1269.6,45.53
2019-09-18,21,N2EXMIDP,0,0
2019-09-18,22,APXMIDP ,1413.5,42.38
2019-09-18,22,N2EXMIDP,0,0
2019-09-18,23,APXMIDP ,1056.75,34.99
2019-09-18,23,N2EXMIDP,0,0
2019-09-18,24,APXMIDP ,1160.8,32.76
2019-09-18,24,N2EXMIDP,0,0
2019-09-18,25,APXMIDP ,1135,31.96
2019-09-18,25,N2EXMIDP,0,0
2019-09-18,26,APXMIDP ,1061.45,31.24
2019-09-18,26,N2EXMIDP,0,0
2019-09-18,27,APXMIDP ,1138.05,28.68
2019-09-18,27,N2EXMIDP,0,0
2019-09-18,28,APXMIDP ,1375.65,26.88
2019-09-18,28,N2EXMIDP,0,0
2019-09-18,29,APXMIDP ,1022.25,28.23
2019-09-18,29,N2EXMIDP,0,0
2019-09-18,30,APXMIDP ,1055.55,27.92
2019-09-18,30,N2EXMIDP,0,0
2019-09-18,31,APXMIDP ,1064.3,26.42
2019-09-18,31,N2EXMIDP,0,0
2019-09-18,32,APXMIDP ,619,29.58
2019-09-18,32,N2EXMIDP,0,0
2019-09-18,33,APXMIDP ,823,29.74
2019-09-18,33,N2EXMIDP,0,0
2019-09-18,34,APXMIDP ,785.5,36.42
2019-09-18,34,N2EXMIDP,0,0
2019-09-18,35,APXMIDP ,1294,44.11
2019-09-18,35,N2EXMIDP,0,0
2019-09-18,36,APXMIDP ,951,59.56
2019-09-18,36,N2EXMIDP,0,0
2019-09-18,37,APXMIDP ,1079.6,52.83
2019-09-18,37,N2EXMIDP,0,0
2019-09-18,38,APXMIDP ,1107.5,54.34
2019-09-18,38,N2EXMIDP,0,0
2019-09-18,39,APXMIDP ,1106.95,58
2019-09-18,39,N2EXMIDP,0,0
2019-09-18,40,APXMIDP ,924.5,60.38
2019-09-18,40,N2EXMIDP,0,0
2019-09-18,41,APXMIDP ,1308,58.16
2019-09-18,41,N2EXMIDP,0,0
2019-09-18,42,APXMIDP ,1288,49.77
2019-09-18,42,N2EXMIDP,0,0
2019-09-18,43,APXMIDP ,1012.85,43.61
2019-09-18,43,N2EXMIDP,0,0
2019-09-18,44,APXMIDP ,1196.75,42.4
2019-09-18,44,N2EXMIDP,0,0
2019-09-18,45,APXMIDP ,1435.4,41.51
2019-09-18,45,N2EXMIDP,0,0
2019-09-18,46,APXMIDP ,1381.15,39.07
2019-09-18,46,N2EXMIDP,0,0
2019-09-18,47,APXMIDP ,744.9,26.45
2019-09-18,47,N2EXMIDP,0,0
2019-09-18,48,APXMIDP ,547.25,29.77
2019-09-18,48,N2EXMIDP,0,0
2019-09-19,1,APXMIDP ,366.8,36.78
2019-09-19,1,N2EXMIDP,0,0
2019-09-19,2,APXMIDP ,533.1,35.46
2019-09-19,2,N2EXMIDP,0,0
2019-09-19,3,APXMIDP ,745.15,38.51
2019-09-19,3,N2EXMIDP,0,0
2019-09-19,4,APXMIDP ,588.7,35.79
2019-09-19,4,N2EXMIDP,0,0
2019-09-19,5,APXMIDP ,636.1,35.2
2019-09-19,5,N2EXMIDP,0,0
2019-09-19,6,APXMIDP ,723.05,31.55
2019-09-19,6,N2EXMIDP,0,0
2019-09-19,7,APXMIDP ,481.95,32.35
2019-09-19,7,N2EXMIDP,0,0
2019-09-19,8,APXMIDP ,547.65,32.73
2019-09-19,8,N2EXMIDP,0,0
2019-09-19,9,APXMIDP ,628.85,35.61
2019-09-19,9,N2EXMIDP,0,0
2019-09-19,10,APXMIDP ,624.55,35.95
2019-09-19,10,N2EXMIDP,0,0
2019-09-19,11,APXMIDP ,485.8,46.8
2019-09-19,11,N2EXMIDP,0,0
2019-09-19,12,APXMIDP ,914.9,40.64
2019-09-19,12,N2EXMIDP,0,0
2019-09-19,13,APXMIDP ,877.4,51.28
2019-09-19,13,N2EXMIDP,0,0
2019-09-19,14,APXMIDP ,1242.85,55.4
2019-09-19,14,N2EXMIDP,0,0
2019-09-19,15,APXMIDP ,1199.4,53.49
2019-09-19,15,N2EXMIDP,0,0
2019-09-19,16,APXMIDP ,1118.8,59.24
2019-09-19,16,N2EXMIDP,0,0
2019-09-19,17,APXMIDP ,1296,54.91
2019-09-19,17,N2EXMIDP,0,0
2019-09-19,18,APXMIDP ,1413.5,49.74
2019-09-19,18,N2EXMIDP,0,0
2019-09-19,19,APXMIDP ,1423.6,44.69
2019-09-19,19,N2EXMIDP,0,0
2019-09-19,20,APXMIDP ,1091.4,44.09
2019-09-19,20,N2EXMIDP,0,0
2019-09-19,21,APXMIDP ,1365.8,44.18
2019-09-19,21,N2EXMIDP,0,0
2019-09-19,22,APXMIDP ,1706.85,41.26
2019-09-19,22,N2EXMIDP,0,0
2019-09-19,23,APXMIDP ,2198.8,45.14
2019-09-19,23,N2EXMIDP,0,0
2019-09-19,24,APXMIDP ,2287.95,43.48
2019-09-19,24,N2EXMIDP,0,0
2019-09-19,25,APXMIDP ,2503.95,44.66
2019-09-19,25,N2EXMIDP,0,0
2019-09-19,26,APXMIDP ,2633.6,44.3
2019-09-19,26,N2EXMIDP,0,0
2019-09-19,27,APXMIDP ,2260,40.54
2019-09-19,27,N2EXMIDP,0,0
2019-09-19,28,APXMIDP ,2478.4,39.76
2019-09-19,28,N2EXMIDP,0,0
2019-09-19,29,APXMIDP ,2303.7,39.57
2019-09-19,29,N2EXMIDP,0,0
2019-09-19,30,APXMIDP ,2271.45,40.3
2019-09-19,30,N2EXMIDP,0,0
2019-09-19,31,APXMIDP ,1999.55,46.84
2019-09-19,31,N2EXMIDP,0,0
2019-09-19,32,APXMIDP ,2163.35,53.54
2019-09-19,32,N2EXMIDP,0,0
2019-09-19,33,APXMIDP ,1826.7,46.28
2019-09-19,33,N2EXMIDP,0,0
2019-09-19,34,APXMIDP ,1912.8,51.47
2019-09-19,34,N2EXMIDP,0,0
2019-09-19,35,APXMIDP ,1035.45,48.27
2019-09-19,35,N2EXMIDP,0,0
2019-09-19,36,APXMIDP ,1055.05,52.99
2019-09-19,36,N2EXMIDP,0,0
2019-09-19,37,APXMIDP ,927.6,54.04
2019-09-19,37,N2EXMIDP,0,0
2019-09-19,38,APXMIDP ,932.15,54.85
2019-09-19,38,N2EXMIDP,0,0
2019-09-19,39,APXMIDP ,1012,45.43
2019-09-19,39,N2EXMIDP,0,0
2019-09-19,40,APXMIDP ,1000.85,50.67
2019-09-19,40,N2EXMIDP,0,0
2019-09-19,41,APXMIDP ,962.9,47.54
2019-09-19,41,N2EXMIDP,0,0
2019-09-19,42,APXMIDP ,915,42.88
2019-09-19,42,N2EXMIDP,0,0
2019-09-19,43,APXMIDP ,729.3,40.72
2019-09-19,43,N2EXMIDP,0,0
2019-09-19,44,APXMIDP ,992.55,35.1
2019-09-19,44,N2EXMIDP,0,0
2019-09-19,45,APXMIDP ,744,36.78
2019-09-19,45,N2EXMIDP,0,0
2019-09-19,46,APXMIDP ,1336.65,34.71
2019-09-19,46,N2EXMIDP,0,0
2019-09-19,47,APXMIDP ,398.8,23.19
2019-09-19,47,N2EXMIDP,0,0
2019-09-19,48,APXMIDP ,351.35,25.28
2019-09-19,48,N2EXMIDP,0,0
2019-09-20,1,APXMIDP ,521.4,25.69
2019-09-20,1,N2EXMIDP,0,0
2019-09-20,2,APXMIDP ,278.2,25.82
2019-09-20,2,N2EXMIDP,0,0
2019-09-20,3,APXMIDP ,618.25,26.75
2019-09-20,3,N2EXMIDP,0,0
2019-09-20,4,APXMIDP ,721.7,27.32
2019-09-20,4,N2EXMIDP,0,0
2019-09-20,5,APXMIDP ,730.55,28.82
2019-09-20,5,N2EXMIDP,0,0
2019-09-20,6,APXMIDP ,706.3,27.52
2019-09-20,6,N2EXMIDP,0,0
2019-09-20,7,APXMIDP ,597.95,30.11
2019-09-20,7,N2EXMIDP,0,0
2019-09-20,8,APXMIDP ,403.45,25.99
2019-09-20,8,N2EXMIDP,0,0
2019-09-20,9,APXMIDP ,497.35,26.56
2019-09-20,9,N2EXMIDP,0,0
2019-09-20,10,APXMIDP ,396.15,25.24
2019-09-20,10,N2EXMIDP,0,0
2019-09-20,11,APXMIDP ,565,33.28
2019-09-20,11,N2EXMIDP,0,0
2019-09-20,12,APXMIDP ,590.4,30.18
2019-09-20,12,N2EXMIDP,0,0
2019-09-20,13,APXMIDP ,661.2,30.74
2019-09-20,13,N2EXMIDP,0,0
2019-09-20,14,APXMIDP ,660.75,39.27
2019-09-20,14,N2EXMIDP,0,0
2019-09-20,15,APXMIDP ,658.85,34.63
2019-09-20,15,N2EXMIDP,0,0
2019-09-20,16,APXMIDP ,573.8,46.29
2019-09-20,16,N2EXMIDP,0,0
2019-09-20,17,APXMIDP ,601.85,35.81
2019-09-20,17,N2EXMIDP,0,0
2019-09-20,18,APXMIDP ,550.3,30.69
2019-09-20,18,N2EXMIDP,0,0
2019-09-20,19,APXMIDP ,1353.85,36.22
2019-09-20,19,N2EXMIDP,0,0
2019-09-20,20,APXMIDP ,1490.8,35.2
2019-09-20,20,N2EXMIDP,0,0
2019-09-20,21,APXMIDP ,1446.7,37.77
2019-09-20,21,N2EXMIDP,0,0
2019-09-20,22,APXMIDP ,1432.25,34.88
2019-09-20,22,N2EXMIDP,0,0
2019-09-20,23,APXMIDP ,1328.45,30.83
2019-09-20,23,N2EXMIDP,0,0
2019-09-20,24,APXMIDP ,1514,29.96
2019-09-20,24,N2EXMIDP,0,0
2019-09-20,25,APXMIDP ,1665.9,31.55
2019-09-20,25,N2EXMIDP,0,0
2019-09-20,26,APXMIDP ,1528.15,31.24
2019-09-20,26,N2EXMIDP,0,0
2019-09-20,27,APXMIDP ,1264.6,29.48
2019-09-20,27,N2EXMIDP,0,0
2019-09-20,28,APXMIDP ,1396.3,27.8
2019-09-20,28,N2EXMIDP,0,0
2019-09-20,29,APXMIDP ,1254,27.15
2019-09-20,29,N2EXMIDP,0,0
2019-09-20,30,APXMIDP ,1486.25,26.1
2019-09-20,30,N2EXMIDP,0,0
2019-09-20,31,APXMIDP ,1280.45,25.57
2019-09-20,31,N2EXMIDP,0,0
2019-09-20,32,APXMIDP ,1223.3,26.35
2019-09-20,32,N2EXMIDP,0,0
2019-09-20,33,APXMIDP ,1239.9,30.05
2019-09-20,33,N2EXMIDP,0,0
2019-09-20,34,APXMIDP ,1589.4,34.98
2019-09-20,34,N2EXMIDP,0,0
2019-09-20,35,APXMIDP ,1633.95,36.24
2019-09-20,35,N2EXMIDP,0,0
2019-09-20,36,APXMIDP ,1785.6,38.02
2019-09-20,36,N2EXMIDP,0,0
2019-09-20,37,APXMIDP ,1525.05,32.46
2019-09-20,37,N2EXMIDP,0,0
2019-09-20,38,APXMIDP ,1434.2,32.03
2019-09-20,38,N2EXMIDP,0,0
2019-09-20,39,APXMIDP ,968.55,30.18
2019-09-20,39,N2EXMIDP,0,0
2019-09-20,40,APXMIDP ,895.15,30.88
2019-09-20,40,N2EXMIDP,0,0
2019-09-20,41,APXMIDP ,1178.9,29.39
2019-09-20,41,N2EXMIDP,0,0
2019-09-20,42,APXMIDP ,1563.8,31.62
2019-09-20,42,N2EXMIDP,0,0
2019-09-20,43,APXMIDP ,1257.95,33.98
2019-09-20,43,N2EXMIDP,0,0
2019-09-20,44,APXMIDP ,1104.95,32.09
2019-09-20,44,N2EXMIDP,0,0
2019-09-20,45,APXMIDP ,1277.05,31.04
2019-09-20,45,N2EXMIDP,0,0
2019-09-20,46,APXMIDP ,1583.55,30.24
2019-09-20,46,N2EXMIDP,0,0
2019-09-20,47,APXMIDP ,975.55,20.07
2019-09-20,47,N2EXMIDP,0,0
2019-09-20,48,APXMIDP ,789.05,14.9
2019-09-20,48,N2EXMIDP,0,0
2019-09-21,1,APXMIDP ,732.9,15.78
2019-09-21,1,N2EXMIDP,0,0
2019-09-21,2,APXMIDP ,362.55,3.86
2019-09-21,2,N2EXMIDP,0,0
2019-09-21,3,APXMIDP ,417,5.44
2019-09-21,3,N2EXMIDP,0,0
2019-09-21,4,APXMIDP ,465.3,4.17
2019-09-21,4,N2EXMIDP,0,0
2019-09-21,5,APXMIDP ,413.55,5.16
2019-09-21,5,N2EXMIDP,0,0
2019-09-21,6,APXMIDP ,478.35,4.49
2019-09-21,6,N2EXMIDP,0,0
2019-09-21,7,APXMIDP ,583.9,7.86
2019-09-21,7,N2EXMIDP,0,0
2019-09-21,8,APXMIDP ,471.2,5.09
2019-09-21,8,N2EXMIDP,0,0
2019-09-21,9,APXMIDP ,496.6,4.99
2019-09-21,9,N2EXMIDP,0,0
2019-09-21,10,APXMIDP ,605.4,6.67
2019-09-21,10,N2EXMIDP,0,0
2019-09-21,11,APXMIDP ,488.35,9.43
2019-09-21,11,N2EXMIDP,0,0
2019-09-21,12,APXMIDP ,451.65,8.95
2019-09-21,12,N2EXMIDP,0,0
2019-09-21,13,APXMIDP ,526.3,4.42
2019-09-21,13,N2EXMIDP,0,0
2019-09-21,14,APXMIDP ,565.7,12.61
2019-09-21,14,N2EXMIDP,0,0
2019-09-21,15,APXMIDP ,1148,14.2
2019-09-21,15,N2EXMIDP,0,0
2019-09-21,16,APXMIDP ,882.8,28.47
2019-09-21,16,N2EXMIDP,0,0
2019-09-21,17,APXMIDP ,1036.35,24.79
2019-09-21,17,N2EXMIDP,0,0
2019-09-21,18,APXMIDP ,1122.35,30.1
2019-09-21,18,N2EXMIDP,0,0
2019-09-21,19,APXMIDP ,1113.1,30.39
2019-09-21,19,N2EXMIDP,0,0
2019-09-21,20,APXMIDP ,1144.55,27.9
2019-09-21,20,N2EXMIDP,0,0
2019-09-21,21,APXMIDP ,1010.2,25.14
2019-09-21,21,N2EXMIDP,0,0
2019-09-21,22,APXMIDP ,1084.55,22.91
2019-09-21,22,N2EXMIDP,0,0
2019-09-21,23,APXMIDP ,790.95,22.71
2019-09-21,23,N2EXMIDP,0,0
2019-09-21,24,APXMIDP ,824.75,19.75
2019-09-21,24,N2EXMIDP,0,0
2019-09-21,25,APXMIDP ,870.05,22.42
2019-09-21,25,N2EXMIDP,0,0
2019-09-21,26,APXMIDP ,953.75,19.65
2019-09-21,26,N2EXMIDP,0,0
2019-09-21,27,APXMIDP ,808.95,20.59
2019-09-21,27,N2EXMIDP,0,0
2019-09-21,28,APXMIDP ,775.75,20.25
2019-09-21,28,N2EXMIDP,0,0
2019-09-21,29,APXMIDP ,874,19.33
2019-09-21,29,N2EXMIDP,0,0
2019-09-21,30,APXMIDP ,949.9,18.41
2019-09-21,30,N2EXMIDP,0,0
2019-09-21,31,APXMIDP ,1044.95,22.98
2019-09-21,31,N2EXMIDP,0,0
2019-09-21,32,APXMIDP ,1152.55,28.51
2019-09-21,32,N2EXMIDP,0,0
2019-09-21,33,APXMIDP ,1239.45,28.47
2019-09-21,33,N2EXMIDP,0,0
2019-09-21,34,APXMIDP ,1188.25,33.77
2019-09-21,34,N2EXMIDP,0,0
2019-09-21,35,APXMIDP ,1290.65,41.98
2019-09-21,35,N2EXMIDP,0,0
2019-09-21,36,APXMIDP ,1072.3,45.16
2019-09-21,36,N2EXMIDP,0,0
2019-09-21,37,APXMIDP ,1135.15,45.73
2019-09-21,37,N2EXMIDP,0,0
2019-09-21,38,APXMIDP ,1310,47.03
2019-09-21,38,N2EXMIDP,0,0
2019-09-21,39,APXMIDP ,1352.45,48.75
2019-09-21,39,N2EXMIDP,0,0
2019-09-21,40,APXMIDP ,1427.35,49.33
2019-09-21,40,N2EXMIDP,0,0
2019-09-21,41,APXMIDP ,1534.5,49.02
2019-09-21,41,N2EXMIDP,0,0
2019-09-21,42,APXMIDP ,1533.55,48.08
2019-09-21,42,N2EXMIDP,0,0
2019-09-21,43,APXMIDP ,1955.3,43.62
2019-09-21,43,N2EXMIDP,0,0
2019-09-21,44,APXMIDP ,1484.2,42.04
2019-09-21,44,N2EXMIDP,0,0
2019-09-21,45,APXMIDP ,1414.6,40.48
2019-09-21,45,N2EXMIDP,0,0
2019-09-21,46,APXMIDP ,1431.65,38.15
2019-09-21,46,N2EXMIDP,0,0
2019-09-21,47,APXMIDP ,563,32.88
2019-09-21,47,N2EXMIDP,0,0
2019-09-21,48,APXMIDP ,528,27.03
2019-09-21,48,N2EXMIDP,0,0
2019-09-22,1,APXMIDP ,593.6,31.45
2019-09-22,1,N2EXMIDP,0,0
2019-09-22,2,APXMIDP ,439.55,25.2
2019-09-22,2,N2EXMIDP,0,0
2019-09-22,3,APXMIDP ,408.85,21.11
2019-09-22,3,N2EXMIDP,0,0
2019-09-22,4,APXMIDP ,352.8,17.68
2019-09-22,4,N2EXMIDP,0,0
2019-09-22,5,APXMIDP ,481.35,18.14
2019-09-22,5,N2EXMIDP,0,0
2019-09-22,6,APXMIDP ,500.6,20.5
2019-09-22,6,N2EXMIDP,0,0
2019-09-22,7,APXMIDP ,515.5,30.85
2019-09-22,7,N2EXMIDP,0,0
2019-09-22,8,APXMIDP ,549.05,31.74
2019-09-22,8,N2EXMIDP,0,0
2019-09-22,9,APXMIDP ,529.65,31.19
2019-09-22,9,N2EXMIDP,0,0
2019-09-22,10,APXMIDP ,543.35,29.96
2019-09-22,10,N2EXMIDP,0,0
2019-09-22,11,APXMIDP ,527.05,36.48
2019-09-22,11,N2EXMIDP,0,0
2019-09-22,12,APXMIDP ,488.7,36.5
2019-09-22,12,N2EXMIDP,0,0
2019-09-22,13,APXMIDP ,474.5,34.04
2019-09-22,13,N2EXMIDP,0,0
2019-09-22,14,APXMIDP ,1056.6,36.24
2019-09-22,14,N2EXMIDP,0,0
2019-09-22,15,APXMIDP ,662.2,29.41
2019-09-22,15,N2EXMIDP,0,0
2019-09-22,16,APXMIDP ,757.65,33.34
2019-09-22,16,N2EXMIDP,0,0
2019-09-22,17,APXMIDP ,612.75,30.35
2019-09-22,17,N2EXMIDP,0,0
2019-09-22,18,APXMIDP ,597.5,36.9
2019-09-22,18,N2EXMIDP,0,0
2019-09-22,19,APXMIDP ,612.4,45.61
2019-09-22,19,N2EXMIDP,0,0
2019-09-22,20,APXMIDP ,725.15,40.38
2019-09-22,20,N2EXMIDP,0,0
2019-09-22,21,APXMIDP ,867.75,37.7
2019-09-22,21,N2EXMIDP,0,0
2019-09-22,22,APXMIDP ,801.4,38.35
2019-09-22,22,N2EXMIDP,0,0
2019-09-22,23,APXMIDP ,770.55,44.79
2019-09-22,23,N2EXMIDP,0,0
2019-09-22,24,APXMIDP ,851.15,44.82
2019-09-22,24,N2EXMIDP,0,0
2019-09-22,25,APXMIDP ,1134.25,49.2
2019-09-22,25,N2EXMIDP,0,0
2019-09-22,26,APXMIDP ,1109.45,48.11
2019-09-22,26,N2EXMIDP,0,0
2019-09-22,27,APXMIDP ,997.4,47.5
2019-09-22,27,N2EXMIDP,0,0
2019-09-22,28,APXMIDP ,877.9,45.36
2019-09-22,28,N2EXMIDP,0,0
2019-09-22,29,APXMIDP ,1118.25,45
2019-09-22,29,N2EXMIDP,0,0
2019-09-22,30,APXMIDP ,1105.15,42.86
2019-09-22,30,N2EXMIDP,0,0
2019-09-22,31,APXMIDP ,1036.5,43.23
2019-09-22,31,N2EXMIDP,0,0
2019-09-22,32,APXMIDP ,943.5,43.4
2019-09-22,32,N2EXMIDP,0,0
2019-09-22,33,APXMIDP ,1032.15,44.82
2019-09-22,33,N2EXMIDP,0,0
2019-09-22,34,APXMIDP ,917.3,45.23
2019-09-22,34,N2EXMIDP,0,0
2019-09-22,35,APXMIDP ,1156.6,46.01
2019-09-22,35,N2EXMIDP,0,0
2019-09-22,36,APXMIDP ,1056.1,46.95
2019-09-22,36,N2EXMIDP,0,0
2019-09-22,37,APXMIDP ,1134.15,48.72
2019-09-22,37,N2EXMIDP,0,0
2019-09-22,38,APXMIDP ,1362.55,47.8
2019-09-22,38,N2EXMIDP,0,0
2019-09-22,39,APXMIDP ,830.1,53.52
2019-09-22,39,N2EXMIDP,0,0
2019-09-22,40,APXMIDP ,919.65,52.67
2019-09-22,40,N2EXMIDP,0,0
2019-09-22,41,APXMIDP ,889.25,50.85
2019-09-22,41,N2EXMIDP,0,0
2019-09-22,42,APXMIDP ,973.05,47.68
2019-09-22,42,N2EXMIDP,0,0
2019-09-22,43,APXMIDP ,1009.3,44.5
2019-09-22,43,N2EXMIDP,0,0
2019-09-22,44,APXMIDP ,861.45,42.72
2019-09-22,44,N2EXMIDP,0,0
2019-09-22,45,APXMIDP ,730.6,39.99
2019-09-22,45,N2EXMIDP,0,0
2019-09-22,46,APXMIDP ,1119.3,34.3
2019-09-22,46,N2EXMIDP,0,0
2019-09-22,47,APXMIDP ,649.45,43.68
2019-09-22,47,N2EXMIDP,0,0
2019-09-22,48,APXMIDP ,365.95,44.81
2019-09-22,48,N2EXMIDP,0,0
2019-09-23,1,APXMIDP ,547.05,42.53
2019-09-23,1,N2EXMIDP,0,0
2019-09-23,2,APXMIDP ,478,38.8
2019-09-23,2,N2EXMIDP,0,0
2019-09-23,3,APXMIDP ,499.2,39.42
2019-09-23,3,N2EXMIDP,0,0
2019-09-23,4,APXMIDP ,463,32.89
2019-09-23,4,N2EXMIDP,0,0
2019-09-23,5,APXMIDP ,378,31.84
2019-09-23,5,N2EXMIDP,0,0
2019-09-23,6,APXMIDP ,471.5,23.86
2019-09-23,6,N2EXMIDP,0,0
2019-09-23,7,APXMIDP ,666.4,20.89
2019-09-23,7,N2EXMIDP,0,0
2019-09-23,8,APXMIDP ,785.55,20.75
2019-09-23,8,N2EXMIDP,0,0
2019-09-23,9,APXMIDP ,883.9,24.42
2019-09-23,9,N2EXMIDP,0,0
2019-09-23,10,APXMIDP ,666.95,20.66
2019-09-23,10,N2EXMIDP,0,0
2019-09-23,11,APXMIDP ,1116.95,29.96
2019-09-23,11,N2EXMIDP,0,0
2019-09-23,12,APXMIDP ,714.3,27.88
2019-09-23,12,N2EXMIDP,0,0
2019-09-23,13,APXMIDP ,967.85,32.42
2019-09-23,13,N2EXMIDP,0,0
2019-09-23,14,APXMIDP ,1253.95,35.29
2019-09-23,14,N2EXMIDP,0,0
2019-09-23,15,APXMIDP ,1015.35,28.99
2019-09-23,15,N2EXMIDP,0,0
2019-09-23,16,APXMIDP ,961.75,40.98
2019-09-23,16,N2EXMIDP,0,0
2019-09-23,17,APXMIDP ,1082.95,41.58
2019-09-23,17,N2EXMIDP,0,0
2019-09-23,18,APXMIDP ,1002.45,37.2
2019-09-23,18,N2EXMIDP,0,0
2019-09-23,19,APXMIDP ,1166.6,40.77
2019-09-23,19,N2EXMIDP,0,0
2019-09-23,20,APXMIDP ,1084.15,40.5
2019-09-23,20,N2EXMIDP,0,0
2019-09-23,21,APXMIDP ,1392.95,42.67
2019-09-23,21,N2EXMIDP,0,0
2019-09-23,22,APXMIDP ,1384.2,40.94
2019-09-23,22,N2EXMIDP,0,0
2019-09-23,23,APXMIDP ,1166.25,33.34
2019-09-23,23,N2EXMIDP,0,0
2019-09-23,24,APXMIDP ,1206.05,33.6
2019-09-23,24,N2EXMIDP,0,0
2019-09-23,25,APXMIDP ,1160.75,34.34
2019-09-23,25,N2EXMIDP,0,0
2019-09-23,26,APXMIDP ,1386.65,36.96
2019-09-23,26,N2EXMIDP,0,0
2019-09-23,27,APXMIDP ,1384.85,37.13
2019-09-23,27,N2EXMIDP,0,0
2019-09-23,28,APXMIDP ,1312.35,35.49
2019-09-23,28,N2EXMIDP,0,0
2019-09-23,29,APXMIDP ,1406.6,35.32
2019-09-23,29,N2EXMIDP,0,0
2019-09-23,30,APXMIDP ,1728.8,35.83
2019-09-23,30,N2EXMIDP,0,0
2019-09-23,31,APXMIDP ,1382.8,36.66
2019-09-23,31,N2EXMIDP,0,0
2019-09-23,32,APXMIDP ,1310.3,39.07
2019-09-23,32,N2EXMIDP,0,0
2019-09-23,33,APXMIDP ,1410.85,39.3
2019-09-23,33,N2EXMIDP,0,0
2019-09-23,34,APXMIDP ,1209.45,42.55
2019-09-23,34,N2EXMIDP,0,0
2019-09-23,35,APXMIDP ,1225.1,45.1
2019-09-23,35,N2EXMIDP,0,0
2019-09-23,36,APXMIDP ,1735.6,46.75
2019-09-23,36,N2EXMIDP,0,0
2019-09-23,37,APXMIDP ,1639.95,44.01
2019-09-23,37,N2EXMIDP,0,0
2019-09-23,38,APXMIDP ,1965.65,43.3
2019-09-23,38,N2EXMIDP,0,0
2019-09-23,39,APXMIDP ,1498.5,46.9
2019-09-23,39,N2EXMIDP,0,0
2019-09-23,40,APXMIDP ,1684.85,47.15
2019-09-23,40,N2EXMIDP,0,0
2019-09-23,41,APXMIDP ,1790.05,46.65
2019-09-23,41,N2EXMIDP,0,0
2019-09-23,42,APXMIDP ,1583.2,39.73
2019-09-23,42,N2EXMIDP,0,0
2019-09-23,43,APXMIDP ,1600.6,35.28
2019-09-23,43,N2EXMIDP,0,0
2019-09-23,44,APXMIDP ,1569.2,36.45
2019-09-23,44,N2EXMIDP,0,0
2019-09-23,45,APXMIDP ,1434.3,35.2
2019-09-23,45,N2EXMIDP,0,0
2019-09-23,46,APXMIDP ,1911.8,33.11
2019-09-23,46,N2EXMIDP,0,0
2019-09-23,47,APXMIDP ,771.1,21.36
2019-09-23,47,N2EXMIDP,0,0
2019-09-23,48,APXMIDP ,563.75,21.17
2019-09-23,48,N2EXMIDP,0,0
2019-09-24,1,APXMIDP ,499.25,24.57
2019-09-24,1,N2EXMIDP,0,0
2019-09-24,2,APXMIDP ,564.5,23.17
2019-09-24,2,N2EXMIDP,0,0
2019-09-24,3,APXMIDP ,603.75,25.91
2019-09-24,3,N2EXMIDP,0,0
2019-09-24,4,APXMIDP ,871.15,30.59
2019-09-24,4,N2EXMIDP,0,0
2019-09-24,5,APXMIDP ,698,24.91
2019-09-24,5,N2EXMIDP,0,0
2019-09-24,6,APXMIDP ,710.05,23.06
2019-09-24,6,N2EXMIDP,0,0
2019-09-24,7,APXMIDP ,622.95,23.39
2019-09-24,7,N2EXMIDP,0,0
2019-09-24,8,APXMIDP ,539.5,24.67
2019-09-24,8,N2EXMIDP,0,0
2019-09-24,9,APXMIDP ,592.9,29.13
2019-09-24,9,N2EXMIDP,0,0
2019-09-24,10,APXMIDP ,766.5,33.64
2019-09-24,10,N2EXMIDP,0,0
2019-09-24,11,APXMIDP ,728.1,38.2
2019-09-24,11,N2EXMIDP,0,0
2019-09-24,12,APXMIDP ,980.5,35.68
2019-09-24,12,N2EXMIDP,0,0
2019-09-24,13,APXMIDP ,1172,45
2019-09-24,13,N2EXMIDP,0,0
2019-09-24,14,APXMIDP ,1409.35,40.72
2019-09-24,14,N2EXMIDP,0,0
2019-09-24,15,APXMIDP ,1574.3,50.94
2019-09-24,15,N2EXMIDP,0,0
2019-09-24,16,APXMIDP ,943.35,56.85
2019-09-24,16,N2EXMIDP,0,0
2019-09-24,17,APXMIDP ,1107.05,57.05
2019-09-24,17,N2EXMIDP,0,0
2019-09-24,18,APXMIDP ,1322.85,57.31
2019-09-24,18,N2EXMIDP,0,0
2019-09-24,19,APXMIDP ,1156.5,50.29
2019-09-24,19,N2EXMIDP,0,0
2019-09-24,20,APXMIDP ,1338.25,48.96
2019-09-24,20,N2EXMIDP,0,0
2019-09-24,21,APXMIDP ,1494.15,49.16
2019-09-24,21,N2EXMIDP,0,0
2019-09-24,22,APXMIDP ,1401.95,47.03
2019-09-24,22,N2EXMIDP,0,0
2019-09-24,23,APXMIDP ,1038.2,42.39
2019-09-24,23,N2EXMIDP,0,0
2019-09-24,24,APXMIDP ,1046.8,40.23
2019-09-24,24,N2EXMIDP,0,0
2019-09-24,25,APXMIDP ,1005.55,40.11
2019-09-24,25,N2EXMIDP,0,0
2019-09-24,26,APXMIDP ,1180,37.32
2019-09-24,26,N2EXMIDP,0,0
2019-09-24,27,APXMIDP ,1258.8,36.23
2019-09-24,27,N2EXMIDP,0,0
2019-09-24,28,APXMIDP ,1162.9,35.87
2019-09-24,28,N2EXMIDP,0,0
2019-09-24,29,APXMIDP ,1280.65,34.95
2019-09-24,29,N2EXMIDP,0,0
2019-09-24,30,APXMIDP ,1579.2,34.77
2019-09-24,30,N2EXMIDP,0,0
2019-09-24,31,APXMIDP ,2045.9,38.72
2019-09-24,31,N2EXMIDP,0,0
2019-09-24,32,APXMIDP ,1989.05,41.25
2019-09-24,32,N2EXMIDP,0,0
2019-09-24,33,APXMIDP ,1668.15,38.93
2019-09-24,33,N2EXMIDP,0,0
2019-09-24,34,APXMIDP ,1757.25,43.55
2019-09-24,34,N2EXMIDP,0,0
2019-09-24,35,APXMIDP ,1552,49.39
2019-09-24,35,N2EXMIDP,0,0
2019-09-24,36,APXMIDP ,1444.2,50.97
2019-09-24,36,N2EXMIDP,0,0
2019-09-24,37,APXMIDP ,1722.85,52.51
2019-09-24,37,N2EXMIDP,0,0
2019-09-24,38,APXMIDP ,1694,52.42
2019-09-24,38,N2EXMIDP,0,0
2019-09-24,39,APXMIDP ,989.15,55.32
2019-09-24,39,N2EXMIDP,0,0
2019-09-24,40,APXMIDP ,1001.8,56.09
2019-09-24,40,N2EXMIDP,0,0
2019-09-24,41,APXMIDP ,617.9,55.93
2019-09-24,41,N2EXMIDP,0,0
2019-09-24,42,APXMIDP ,1265.15,43.29
2019-09-24,42,N2EXMIDP,0,0
2019-09-24,43,APXMIDP ,1057.85,42.05
2019-09-24,43,N2EXMIDP,0,0
2019-09-24,44,APXMIDP ,1067,37.11
2019-09-24,44,N2EXMIDP,0,0
2019-09-24,45,APXMIDP ,1014.05,38.8
2019-09-24,45,N2EXMIDP,0,0
2019-09-24,46,APXMIDP ,1342.5,39.4
2019-09-24,46,N2EXMIDP,0,0
2019-09-24,47,APXMIDP ,823.25,35.1
2019-09-24,47,N2EXMIDP,0,0
2019-09-24,48,APXMIDP ,785.95,37.59
2019-09-24,48,N2EXMIDP,0,0
2019-09-25,1,APXMIDP ,612.65,34.27
2019-09-25,1,N2EXMIDP,0,0
2019-09-25,2,APXMIDP ,551.45,34.12
2019-09-25,2,N2EXMIDP,0,0
2019-09-25,3,APXMIDP ,795.95,30.49
2019-09-25,3,N2EXMIDP,0,0
2019-09-25,4,APXMIDP ,883.9,30.6
2019-09-25,4,N2EXMIDP,0,0
2019-09-25,5,APXMIDP ,1039.75,29.9
2019-09-25,5,N2EXMIDP,0,0
2019-09-25,6,APXMIDP ,1037.8,30.98
2019-09-25,6,N2EXMIDP,0,0
2019-09-25,7,APXMIDP ,772.15,30.74
2019-09-25,7,N2EXMIDP,0,0
2019-09-25,8,APXMIDP ,780.7,32.02
2019-09-25,8,N2EXMIDP,0,0
2019-09-25,9,APXMIDP ,686.5,32.13
2019-09-25,9,N2EXMIDP,0,0
2019-09-25,10,APXMIDP ,690.2,34.98
2019-09-25,10,N2EXMIDP,0,0
2019-09-25,11,APXMIDP ,658.2,39.38
2019-09-25,11,N2EXMIDP,0,0
2019-09-25,12,APXMIDP ,711.05,35.21
2019-09-25,12,N2EXMIDP,0,0
2019-09-25,13,APXMIDP ,991.75,45.88
2019-09-25,13,N2EXMIDP,0,0
2019-09-25,14,APXMIDP ,1036.8,36.53
2019-09-25,14,N2EXMIDP,0,0
2019-09-25,15,APXMIDP ,687.55,29.02
2019-09-25,15,N2EXMIDP,0,0
2019-09-25,16,APXMIDP ,853.8,44.27
2019-09-25,16,N2EXMIDP,0,0
2019-09-25,17,APXMIDP ,678.1,42.58
2019-09-25,17,N2EXMIDP,0,0
2019-09-25,18,APXMIDP ,830.9,40.41
2019-09-25,18,N2EXMIDP,0,0
2019-09-25,19,APXMIDP ,787.8,35.72
2019-09-25,19,N2EXMIDP,0,0
2019-09-25,20,APXMIDP ,913.35,34.89
2019-09-25,20,N2EXMIDP,0,0
2019-09-25,21,APXMIDP ,1285.25,37.23
2019-09-25,21,N2EXMIDP,0,0
2019-09-25,22,APXMIDP ,1077.3,35.84
2019-09-25,22,N2EXMIDP,0,0
2019-09-25,23,APXMIDP ,1101.4,33.51
2019-09-25,23,N2EXMIDP,0,0
2019-09-25,24,APXMIDP ,1077.25,34.33
2019-09-25,24,N2EXMIDP,0,0
2019-09-25,25,APXMIDP ,1066.6,35.16
2019-09-25,25,N2EXMIDP,0,0
2019-09-25,26,APXMIDP ,1570.55,33.33
2019-09-25,26,N2EXMIDP,0,0
2019-09-25,27,APXMIDP ,1451,37.78
2019-09-25,27,N2EXMIDP,0,0
2019-09-25,28,APXMIDP ,1249.7,37.83
2019-09-25,28,N2EXMIDP,0,0
2019-09-25,29,APXMIDP ,1152.5,37.29
2019-09-25,29,N2EXMIDP,0,0
2019-09-25,30,APXMIDP ,1199.5,36.85
2019-09-25,30,N2EXMIDP,0,0
2019-09-25,31,APXMIDP ,721.6,31.84
2019-09-25,31,N2EXMIDP,0,0
2019-09-25,32,APXMIDP ,882.6,33.52
2019-09-25,32,N2EXMIDP,0,0
2019-09-25,33,APXMIDP ,952,39.64
2019-09-25,33,N2EXMIDP,0,0
2019-09-25,34,APXMIDP ,1140.1,44.77
2019-09-25,34,N2EXMIDP,0,0
2019-09-25,35,APXMIDP ,1468.6,47.55
2019-09-25,35,N2EXMIDP,0,0
2019-09-25,36,APXMIDP ,1527.5,49.53
2019-09-25,36,N2EXMIDP,0,0
2019-09-25,37,APXMIDP ,1679.65,48.95
2019-09-25,37,N2EXMIDP,0,0
2019-09-25,38,APXMIDP ,1597.4,50.29
2019-09-25,38,N2EXMIDP,0,0
2019-09-25,39,APXMIDP ,858.2,50.95
2019-09-25,39,N2EXMIDP,0,0
2019-09-25,40,APXMIDP ,1148.25,52.06
2019-09-25,40,N2EXMIDP,0,0
2019-09-25,41,APXMIDP ,1189.95,41.9
2019-09-25,41,N2EXMIDP,0,0
2019-09-25,42,APXMIDP ,1204.55,34.18
2019-09-25,42,N2EXMIDP,0,0
2019-09-25,43,APXMIDP ,1593.7,36.51
2019-09-25,43,N2EXMIDP,0,0
2019-09-25,44,APXMIDP ,1377.9,34.02
2019-09-25,44,N2EXMIDP,0,0
2019-09-25,45,APXMIDP ,1516.35,36.02
2019-09-25,45,N2EXMIDP,0,0
2019-09-25,46,APXMIDP ,1796.1,36.91
2019-09-25,46,N2EXMIDP,0,0
2019-09-25,47,APXMIDP ,764.4,37.65
2019-09-25,47,N2EXMIDP,0,0
2019-09-25,48,APXMIDP ,443.2,41.12
2019-09-25,48,N2EXMIDP,0,0
2019-09-26,1,APXMIDP ,425.3,35.23
2019-09-26,1,N2EXMIDP,0,0
2019-09-26,2,APXMIDP ,659.15,27.35
2019-09-26,2,N2EXMIDP,0,0
2019-09-26,3,APXMIDP ,363.85,24.65
2019-09-26,3,N2EXMIDP,0,0
2019-09-26,4,APXMIDP ,372.55,22.12
2019-09-26,4,N2EXMIDP,0,0
2019-09-26,5,APXMIDP ,615.25,19.69
2019-09-26,5,N2EXMIDP,0,0
2019-09-26,6,APXMIDP ,518.25,16.22
2019-09-26,6,N2EXMIDP,0,0
2019-09-26,7,APXMIDP ,470.15,14.68
2019-09-26,7,N2EXMIDP,0,0
2019-09-26,8,APXMIDP ,410,16.04
2019-09-26,8,N2EXMIDP,0,0
2019-09-26,9,APXMIDP ,667.05,17.96
2019-09-26,9,N2EXMIDP,0,0
2019-09-26,10,APXMIDP ,652.25,22.41
2019-09-26,10,N2EXMIDP,0,0
2019-09-26,11,APXMIDP ,599.1,42.97
2019-09-26,11,N2EXMIDP,0,0
2019-09-26,12,APXMIDP ,783.65,37.48
2019-09-26,12,N2EXMIDP,0,0
2019-09-26,13,APXMIDP ,911.4,42.23
2019-09-26,13,N2EXMIDP,0,0
2019-09-26,14,APXMIDP ,1321.55,30.41
2019-09-26,14,N2EXMIDP,0,0
2019-09-26,15,APXMIDP ,1018.55,38.02
2019-09-26,15,N2EXMIDP,0,0
2019-09-26,16,APXMIDP ,830.05,47.02
2019-09-26,16,N2EXMIDP,0,0
2019-09-26,17,APXMIDP ,995.6,47.47
2019-09-26,17,N2EXMIDP,0,0
2019-09-26,18,APXMIDP ,978.95,48.79
2019-09-26,18,N2EXMIDP,0,0
2019-09-26,19,APXMIDP ,1056.55,45.54
2019-09-26,19,N2EXMIDP,0,0
2019-09-26,20,APXMIDP ,1119.85,43.64
2019-09-26,20,N2EXMIDP,0,0
2019-09-26,21,APXMIDP ,1279.35,43.29
2019-09-26,21,N2EXMIDP,0,0
2019-09-26,22,APXMIDP ,1527.2,39.45
2019-09-26,22,N2EXMIDP,0,0
2019-09-26,23,APXMIDP ,1504.65,38.72
2019-09-26,23,N2EXMIDP,0,0
2019-09-26,24,APXMIDP ,1205.85,36.68
2019-09-26,24,N2EXMIDP,0,0
2019-09-26,25,APXMIDP ,888.6,34.68
2019-09-26,25,N2EXMIDP,0,0
2019-09-26,26,APXMIDP ,1019.6,33.35
2019-09-26,26,N2EXMIDP,0,0
2019-09-26,27,APXMIDP ,974.7,33.2
2019-09-26,27,N2EXMIDP,0,0
2019-09-26,28,APXMIDP ,1032.8,31.95
2019-09-26,28,N2EXMIDP,0,0
2019-09-26,29,APXMIDP ,1024.8,32.8
2019-09-26,29,N2EXMIDP,0,0
2019-09-26,30,APXMIDP ,1182.2,33.29
2019-09-26,30,N2EXMIDP,0,0
2019-09-26,31,APXMIDP ,874.35,30.03
2019-09-26,31,N2EXMIDP,0,0
2019-09-26,32,APXMIDP ,762.25,30.59
2019-09-26,32,N2EXMIDP,0,0
2019-09-26,33,APXMIDP ,785.9,31.03
2019-09-26,33,N2EXMIDP,0,0
2019-09-26,34,APXMIDP ,818.95,34.29
2019-09-26,34,N2EXMIDP,0,0
2019-09-26,35,APXMIDP ,703.25,31.06
2019-09-26,35,N2EXMIDP,0,0
2019-09-26,36,APXMIDP ,985.2,34.57
2019-09-26,36,N2EXMIDP,0,0
2019-09-26,37,APXMIDP ,1082.85,34.36
2019-09-26,37,N2EXMIDP,0,0
2019-09-26,38,APXMIDP ,863.65,41.88
2019-09-26,38,N2EXMIDP,0,0
2019-09-26,39,APXMIDP ,1144.6,44.46
2019-09-26,39,N2EXMIDP,0,0
2019-09-26,40,APXMIDP ,858.5,43.5
2019-09-26,40,N2EXMIDP,0,0
2019-09-26,41,APXMIDP ,919.35,43.21
2019-09-26,41,N2EXMIDP,0,0
2019-09-26,42,APXMIDP ,1176.25,38.96
2019-09-26,42,N2EXMIDP,0,0
2019-09-26,43,APXMIDP ,1174.15,38.02
2019-09-26,43,N2EXMIDP,0,0
2019-09-26,44,APXMIDP ,1084.9,35.03
2019-09-26,44,N2EXMIDP,0,0
2019-09-26,45,APXMIDP ,1139.9,35.68
2019-09-26,45,N2EXMIDP,0,0
2019-09-26,46,APXMIDP ,1496.8,34.93
2019-09-26,46,N2EXMIDP,0,0
2019-09-26,47,APXMIDP ,694.75,28.21
2019-09-26,47,N2EXMIDP,0,0
2019-09-26,48,APXMIDP ,660.95,22.2
2019-09-26,48,N2EXMIDP,0,0
2019-09-27,1,APXMIDP ,515.2,23.05
2019-09-27,1,N2EXMIDP,0,0
2019-09-27,2,APXMIDP ,653.95,16.86
2019-09-27,2,N2EXMIDP,0,0
2019-09-27,3,APXMIDP ,643.15,19.15
2019-09-27,3,N2EXMIDP,0,0
2019-09-27,4,APXMIDP ,622.35,20.37
2019-09-27,4,N2EXMIDP,0,0
2019-09-27,5,APXMIDP ,479.4,19.67
2019-09-27,5,N2EXMIDP,0,0
2019-09-27,6,APXMIDP ,532.85,18.66
2019-09-27,6,N2EXMIDP,0,0
2019-09-27,7,APXMIDP ,461.9,15.77
2019-09-27,7,N2EXMIDP,0,0
2019-09-27,8,APXMIDP ,575.55,13.65
2019-09-27,8,N2EXMIDP,0,0
2019-09-27,9,APXMIDP ,426.5,17.04
2019-09-27,9,N2EXMIDP,0,0
2019-09-27,10,APXMIDP ,459.75,17.47
2019-09-27,10,N2EXMIDP,0,0
2019-09-27,11,APXMIDP ,654.75,30.11
2019-09-27,11,N2EXMIDP,0,0
2019-09-27,12,APXMIDP ,425.5,27.65
2019-09-27,12,N2EXMIDP,0,0
2019-09-27,13,APXMIDP ,1011.7,32.64
2019-09-27,13,N2EXMIDP,0,0
2019-09-27,14,APXMIDP ,1246.8,30.88
2019-09-27,14,N2EXMIDP,0,0
2019-09-27,15,APXMIDP ,1164.5,30.37
2019-09-27,15,N2EXMIDP,0,0
2019-09-27,16,APXMIDP ,1108.4,34.02
2019-09-27,16,N2EXMIDP,0,0
2019-09-27,17,APXMIDP ,1256,34.84
2019-09-27,17,N2EXMIDP,0,0
2019-09-27,18,APXMIDP ,1292.35,36.51
2019-09-27,18,N2EXMIDP,0,0
2019-09-27,19,APXMIDP ,1267.65,37.57
2019-09-27,19,N2EXMIDP,0,0
2019-09-27,20,APXMIDP ,1314.4,37.23
2019-09-27,20,N2EXMIDP,0,0
2019-09-27,21,APXMIDP ,1233,39.89
2019-09-27,21,N2EXMIDP,0,0
2019-09-27,22,APXMIDP ,1209.25,39.74
2019-09-27,22,N2EXMIDP,0,0
2019-09-27,23,APXMIDP ,1830.75,46.56
2019-09-27,23,N2EXMIDP,0,0
2019-09-27,24,APXMIDP ,1740.55,46.73
2019-09-27,24,N2EXMIDP,0,0
2019-09-27,25,APXMIDP ,1639.55,45.98
2019-09-27,25,N2EXMIDP,0,0
2019-09-27,26,APXMIDP ,1710.7,44.56
2019-09-27,26,N2EXMIDP,0,0
2019-09-27,27,APXMIDP ,1747.75,37.33
2019-09-27,27,N2EXMIDP,0,0
2019-09-27,28,APXMIDP ,1781.25,36.27
2019-09-27,28,N2EXMIDP,0,0
2019-09-27,29,APXMIDP ,1990.25,35.96
2019-09-27,29,N2EXMIDP,0,0
2019-09-27,30,APXMIDP ,2197.5,36.16
2019-09-27,30,N2EXMIDP,0,0
2019-09-27,31,APXMIDP ,1480,36.13
2019-09-27,31,N2EXMIDP,0,0
2019-09-27,32,APXMIDP ,1390.75,36.65
2019-09-27,32,N2EXMIDP,0,0
2019-09-27,33,APXMIDP ,1642.7,39.66
2019-09-27,33,N2EXMIDP,0,0
2019-09-27,34,APXMIDP ,1534.2,39.64
2019-09-27,34,N2EXMIDP,0,0
2019-09-27,35,APXMIDP ,791,36.08
2019-09-27,35,N2EXMIDP,0,0
2019-09-27,36,APXMIDP ,1011.85,34.65
2019-09-27,36,N2EXMIDP,0,0
2019-09-27,37,APXMIDP ,1298.85,34.33
2019-09-27,37,N2EXMIDP,0,0
2019-09-27,38,APXMIDP ,1057.35,39.86
2019-09-27,38,N2EXMIDP,0,0
2019-09-27,39,APXMIDP ,805.2,37.85
2019-09-27,39,N2EXMIDP,0,0
2019-09-27,40,APXMIDP ,1034.65,38.55
2019-09-27,40,N2EXMIDP,0,0
2019-09-27,41,APXMIDP ,891.6,38.82
2019-09-27,41,N2EXMIDP,0,0
2019-09-27,42,APXMIDP ,1117.55,40.86
2019-09-27,42,N2EXMIDP,0,0
2019-09-27,43,APXMIDP ,1269.55,41.62
2019-09-27,43,N2EXMIDP,0,0
2019-09-27,44,APXMIDP ,1214.05,39.25
2019-09-27,44,N2EXMIDP,0,0
2019-09-27,45,APXMIDP ,1258.85,37.24
2019-09-27,45,N2EXMIDP,0,0
2019-09-27,46,APXMIDP ,878.6,32.78
2019-09-27,46,N2EXMIDP,0,0
2019-09-27,47,APXMIDP ,682.95,22.19
2019-09-27,47,N2EXMIDP,0,0
2019-09-27,48,APXMIDP ,436.25,19.68
2019-09-27,48,N2EXMIDP,0,0
2019-09-28,1,APXMIDP ,564.3,19.73
2019-09-28,1,N2EXMIDP,0,0
2019-09-28,2,APXMIDP ,508.5,16.46
2019-09-28,2,N2EXMIDP,0,0
2019-09-28,3,APXMIDP ,605.65,17.18
2019-09-28,3,N2EXMIDP,0,0
2019-09-28,4,APXMIDP ,651.85,18.82
2019-09-28,4,N2EXMIDP,0,0
2019-09-28,5,APXMIDP ,561.55,16.38
2019-09-28,5,N2EXMIDP,0,0
2019-09-28,6,APXMIDP ,607,15.83
2019-09-28,6,N2EXMIDP,0,0
2019-09-28,7,APXMIDP ,571.9,14.92
2019-09-28,7,N2EXMIDP,0,0
2019-09-28,8,APXMIDP ,576.1,14.28
2019-09-28,8,N2EXMIDP,0,0
2019-09-28,9,APXMIDP ,555.5,15.22
2019-09-28,9,N2EXMIDP,0,0
2019-09-28,10,APXMIDP ,545.6,14.51
2019-09-28,10,N2EXMIDP,0,0
2019-09-28,11,APXMIDP ,498.05,17.13
2019-09-28,11,N2EXMIDP,0,0
2019-09-28,12,APXMIDP ,459,19.26
2019-09-28,12,N2EXMIDP,0,0
2019-09-28,13,APXMIDP ,559.45,19.12
2019-09-28,13,N2EXMIDP,0,0
2019-09-28,14,APXMIDP ,785.9,22.53
2019-09-28,14,N2EXMIDP,0,0
2019-09-28,15,APXMIDP ,689.85,24.1
2019-09-28,15,N2EXMIDP,0,0
2019-09-28,16,APXMIDP ,647.75,26.87
2019-09-28,16,N2EXMIDP,0,0
2019-09-28,17,APXMIDP ,662.75,25.77
2019-09-28,17,N2EXMIDP,0,0
2019-09-28,18,APXMIDP ,734.75,27.08
2019-09-28,18,N2EXMIDP,0,0
2019-09-28,19,APXMIDP ,925.55,34.39
2019-09-28,19,N2EXMIDP,0,0
2019-09-28,20,APXMIDP ,956.2,34.41
2019-09-28,20,N2EXMIDP,0,0
2019-09-28,21,APXMIDP ,906.7,38.29
2019-09-28,21,N2EXMIDP,0,0
2019-09-28,22,APXMIDP ,1097.45,38.07
2019-09-28,22,N2EXMIDP,0,0
2019-09-28,23,APXMIDP ,959.95,37.12
2019-09-28,23,N2EXMIDP,0,0
2019-09-28,24,APXMIDP ,1122.45,33.06
2019-09-28,24,N2EXMIDP,0,0
2019-09-28,25,APXMIDP ,978.95,33.54
2019-09-28,25,N2EXMIDP,0,0
2019-09-28,26,APXMIDP ,1074.15,33.05
2019-09-28,26,N2EXMIDP,0,0
2019-09-28,27,APXMIDP ,1161.95,31.01
2019-09-28,27,N2EXMIDP,0,0
2019-09-28,28,APXMIDP ,1332.35,28.36
2019-09-28,28,N2EXMIDP,0,0
2019-09-28,29,APXMIDP ,1471.45,27.23
2019-09-28,29,N2EXMIDP,0,0
2019-09-28,30,APXMIDP ,1196.9,28.95
2019-09-28,30,N2EXMIDP,0,0
2019-09-28,31,APXMIDP ,906.9,28.79
2019-09-28,31,N2EXMIDP,0,0
2019-09-28,32,APXMIDP ,1020.95,34.82
2019-09-28,32,N2EXMIDP,0,0
2019-09-28,33,APXMIDP ,1167.55,39.98
2019-09-28,33,N2EXMIDP,0,0
2019-09-28,34,APXMIDP ,1115.35,38.3
2019-09-28,34,N2EXMIDP,0,0
2019-09-28,35,APXMIDP ,956.5,47.15
2019-09-28,35,N2EXMIDP,0,0
2019-09-28,36,APXMIDP ,1000.7,49.29
2019-09-28,36,N2EXMIDP,0,0
2019-09-28,37,APXMIDP ,1074.05,48.92
2019-09-28,37,N2EXMIDP,0,0
2019-09-28,38,APXMIDP ,1004.2,50.23
2019-09-28,38,N2EXMIDP,0,0
2019-09-28,39,APXMIDP ,1207,54.64
2019-09-28,39,N2EXMIDP,0,0
2019-09-28,40,APXMIDP ,1251.75,53.81
2019-09-28,40,N2EXMIDP,0,0
2019-09-28,41,APXMIDP ,1285.9,49.48
2019-09-28,41,N2EXMIDP,0,0
2019-09-28,42,APXMIDP ,1332.85,44.64
2019-09-28,42,N2EXMIDP,0,0
2019-09-28,43,APXMIDP ,1212.9,35.62
2019-09-28,43,N2EXMIDP,0,0
2019-09-28,44,APXMIDP ,1592.9,33.94
2019-09-28,44,N2EXMIDP,0,0
2019-09-28,45,APXMIDP ,1198.6,35.11
2019-09-28,45,N2EXMIDP,0,0
2019-09-28,46,APXMIDP ,1723.1,31.31
2019-09-28,46,N2EXMIDP,0,0
2019-09-28,47,APXMIDP ,1139.6,30.81
2019-09-28,47,N2EXMIDP,0,0
2019-09-28,48,APXMIDP ,872.05,41.84
2019-09-28,48,N2EXMIDP,0,0
2019-09-29,1,APXMIDP ,738.7,44.51
2019-09-29,1,N2EXMIDP,0,0
2019-09-29,2,APXMIDP ,603.15,37.77
2019-09-29,2,N2EXMIDP,0,0
2019-09-29,3,APXMIDP ,659.1,39.54
2019-09-29,3,N2EXMIDP,0,0
2019-09-29,4,APXMIDP ,589.4,39.32
2019-09-29,4,N2EXMIDP,0,0
2019-09-29,5,APXMIDP ,659.25,32.87
2019-09-29,5,N2EXMIDP,0,0
2019-09-29,6,APXMIDP ,585.05,25.78
2019-09-29,6,N2EXMIDP,0,0
2019-09-29,7,APXMIDP ,620.8,13.77
2019-09-29,7,N2EXMIDP,0,0
2019-09-29,8,APXMIDP ,716.2,12.62
2019-09-29,8,N2EXMIDP,0,0
2019-09-29,9,APXMIDP ,634.35,13.49
2019-09-29,9,N2EXMIDP,0,0
2019-09-29,10,APXMIDP ,699.45,12.6
2019-09-29,10,N2EXMIDP,0,0
2019-09-29,11,APXMIDP ,571.8,10.03
2019-09-29,11,N2EXMIDP,0,0
2019-09-29,12,APXMIDP ,536.9,11.1
2019-09-29,12,N2EXMIDP,0,0
2019-09-29,13,APXMIDP ,493.95,12.52
2019-09-29,13,N2EXMIDP,0,0
2019-09-29,14,APXMIDP ,407.7,13
2019-09-29,14,N2EXMIDP,0,0
2019-09-29,15,APXMIDP ,757.35,21.51
2019-09-29,15,N2EXMIDP,0,0
2019-09-29,16,APXMIDP ,911.35,28.87
2019-09-29,16,N2EXMIDP,0,0
2019-09-29,17,APXMIDP ,964.6,27.21
2019-09-29,17,N2EXMIDP,0,0
2019-09-29,18,APXMIDP ,1028.05,31.02
2019-09-29,18,N2EXMIDP,0,0
2019-09-29,19,APXMIDP ,681.5,37.52
2019-09-29,19,N2EXMIDP,0,0
2019-09-29,20,APXMIDP ,897,36.51
2019-09-29,20,N2EXMIDP,0,0
2019-09-29,21,APXMIDP ,1407.05,35.18
2019-09-29,21,N2EXMIDP,0,0
2019-09-29,22,APXMIDP ,1198.65,38.36
2019-09-29,22,N2EXMIDP,0,0
2019-09-29,23,APXMIDP ,1011.95,41.28
2019-09-29,23,N2EXMIDP,0,0
2019-09-29,24,APXMIDP ,965.25,40.36
2019-09-29,24,N2EXMIDP,0,0
2019-09-29,25,APXMIDP ,898.45,39.54
2019-09-29,25,N2EXMIDP,0,0
2019-09-29,26,APXMIDP ,881.95,38.41
2019-09-29,26,N2EXMIDP,0,0
2019-09-29,27,APXMIDP ,1014.4,37.65
2019-09-29,27,N2EXMIDP,0,0
2019-09-29,28,APXMIDP ,865.55,37.3
2019-09-29,28,N2EXMIDP,0,0
2019-09-29,29,APXMIDP ,1059.65,37.63
2019-09-29,29,N2EXMIDP,0,0
2019-09-29,30,APXMIDP ,1040.9,37.01
2019-09-29,30,N2EXMIDP,0,0
2019-09-29,31,APXMIDP ,634.15,42.15
2019-09-29,31,N2EXMIDP,0,0
2019-09-29,32,APXMIDP ,888.55,43.1
2019-09-29,32,N2EXMIDP,0,0
2019-09-29,33,APXMIDP ,810.15,49.01
2019-09-29,33,N2EXMIDP,0,0
2019-09-29,34,APXMIDP ,1004.9,49.13
2019-09-29,34,N2EXMIDP,0,0
2019-09-29,35,APXMIDP ,1158.8,47.89
2019-09-29,35,N2EXMIDP,0,0
2019-09-29,36,APXMIDP ,1003.8,48
2019-09-29,36,N2EXMIDP,0,0
2019-09-29,37,APXMIDP ,1059.25,48.35
2019-09-29,37,N2EXMIDP,0,0
2019-09-29,38,APXMIDP ,840.8,48.91
2019-09-29,38,N2EXMIDP,0,0
2019-09-29,39,APXMIDP ,860.95,55.35
2019-09-29,39,N2EXMIDP,0,0
2019-09-29,40,APXMIDP ,871.35,55.23
2019-09-29,40,N2EXMIDP,0,0
2019-09-29,41,APXMIDP ,795.45,52.88
2019-09-29,41,N2EXMIDP,0,0
2019-09-29,42,APXMIDP ,735.7,43
2019-09-29,42,N2EXMIDP,0,0
2019-09-29,43,APXMIDP ,694.3,33.7
2019-09-29,43,N2EXMIDP,0,0
2019-09-29,44,APXMIDP ,801.1,43.11
2019-09-29,44,N2EXMIDP,0,0
2019-09-29,45,APXMIDP ,734.1,41.95
2019-09-29,45,N2EXMIDP,0,0
2019-09-29,46,APXMIDP ,1067.5,36.28
2019-09-29,46,N2EXMIDP,0,0
2019-09-29,47,APXMIDP ,739.5,48.45
2019-09-29,47,N2EXMIDP,0,0
2019-09-29,48,APXMIDP ,682.3,48.67
2019-09-29,48,N2EXMIDP,0,0
2019-09-30,1,APXMIDP ,446.55,28.99
2019-09-30,1,N2EXMIDP,0,0
2019-09-30,2,APXMIDP ,335.45,14.09
2019-09-30,2,N2EXMIDP,0,0
2019-09-30,3,APXMIDP ,400.25,14.75
2019-09-30,3,N2EXMIDP,0,0
2019-09-30,4,APXMIDP ,490.7,14.88
2019-09-30,4,N2EXMIDP,0,0
2019-09-30,5,APXMIDP ,541.75,15.57
2019-09-30,5,N2EXMIDP,0,0
2019-09-30,6,APXMIDP ,597.15,15.5
2019-09-30,6,N2EXMIDP,0,0
2019-09-30,7,APXMIDP ,484.5,11.8
2019-09-30,7,N2EXMIDP,0,0
2019-09-30,8,APXMIDP ,429.95,12.56
2019-09-30,8,N2EXMIDP,0,0
2019-09-30,9,APXMIDP ,649.45,12.74
2019-09-30,9,N2EXMIDP,0,0
2019-09-30,10,APXMIDP ,436.45,13.21
2019-09-30,10,N2EXMIDP,0,0
2019-09-30,11,APXMIDP ,564.65,25.41
2019-09-30,11,N2EXMIDP,0,0
2019-09-30,12,APXMIDP ,544.4,24.45
2019-09-30,12,N2EXMIDP,0,0
2019-09-30,13,APXMIDP ,660.35,42.74
2019-09-30,13,N2EXMIDP,0,0
2019-09-30,14,APXMIDP ,979.95,31.17
2019-09-30,14,N2EXMIDP,0,0
2019-09-30,15,APXMIDP ,982,37.36
2019-09-30,15,N2EXMIDP,0,0
2019-09-30,16,APXMIDP ,897.05,41.09
2019-09-30,16,N2EXMIDP,0,0
2019-09-30,17,APXMIDP ,1043.6,35.13
2019-09-30,17,N2EXMIDP,0,0
2019-09-30,18,APXMIDP ,912,33.66
2019-09-30,18,N2EXMIDP,0,0
2019-09-30,19,APXMIDP ,1008.55,32.78
2019-09-30,19,N2EXMIDP,0,0
2019-09-30,20,APXMIDP ,1072,29.84
2019-09-30,20,N2EXMIDP,0,0
2019-09-30,21,APXMIDP ,1206.15,34.47
2019-09-30,21,N2EXMIDP,0,0
2019-09-30,22,APXMIDP ,1494.6,31.41
2019-09-30,22,N2EXMIDP,0,0
2019-09-30,23,APXMIDP ,1417.05,30.2
2019-09-30,23,N2EXMIDP,0,0
2019-09-30,24,APXMIDP ,1491.45,29.29
2019-09-30,24,N2EXMIDP,0,0
2019-09-30,25,APXMIDP ,1469.05,28.37
2019-09-30,25,N2EXMIDP,0,0
2019-09-30,26,APXMIDP ,1749.2,29.35
2019-09-30,26,N2EXMIDP,0,0
2019-09-30,27,APXMIDP ,1891.5,35.04
2019-09-30,27,N2EXMIDP,0,0
2019-09-30,28,APXMIDP ,1993.55,34.92
2019-09-30,28,N2EXMIDP,0,0
2019-09-30,29,APXMIDP ,2239.8,33.6
2019-09-30,29,N2EXMIDP,0,0
2019-09-30,30,APXMIDP ,2141.85,34.01
2019-09-30,30,N2EXMIDP,0,0
2019-09-30,31,APXMIDP ,1410,35.4
2019-09-30,31,N2EXMIDP,0,0
2019-09-30,32,APXMIDP ,1385.5,39.45
2019-09-30,32,N2EXMIDP,0,0
2019-09-30,33,APXMIDP ,1285.4,43.15
2019-09-30,33,N2EXMIDP,0,0
2019-09-30,34,APXMIDP ,1277.35,44.51
2019-09-30,34,N2EXMIDP,0,0
2019-09-30,35,APXMIDP ,1517.05,41.76
2019-09-30,35,N2EXMIDP,0,0
2019-09-30,36,APXMIDP ,1579.2,42.64
2019-09-30,36,N2EXMIDP,0,0
2019-09-30,37,APXMIDP ,1847.65,41.39
2019-09-30,37,N2EXMIDP,0,0
2019-09-30,38,APXMIDP ,2056.55,39.44
2019-09-30,38,N2EXMIDP,0,0
2019-09-30,39,APXMIDP ,1637.4,40.01
2019-09-30,39,N2EXMIDP,0,0
2019-09-30,40,APXMIDP ,1600.25,39.73
2019-09-30,40,N2EXMIDP,0,0
2019-09-30,41,APXMIDP ,1619.8,38.55
2019-09-30,41,N2EXMIDP,0,0
2019-09-30,42,APXMIDP ,1866.3,35.42
2019-09-30,42,N2EXMIDP,0,0
2019-09-30,43,APXMIDP ,2713.6,35.79
2019-09-30,43,N2EXMIDP,0,0
2019-09-30,44,APXMIDP ,2243.65,36.64
2019-09-30,44,N2EXMIDP,0,0
2019-09-30,45,APXMIDP ,2366.95,36.46
2019-09-30,45,N2EXMIDP,0,0
2019-09-30,46,APXMIDP ,2755.85,37.71
2019-09-30,46,N2EXMIDP,0,0
2019-09-30,47,APXMIDP ,671.8,33.4
2019-09-30,47,N2EXMIDP,0,0
2019-09-30,48,APXMIDP ,359.5,45.68
2019-09-30,48,N2EXMIDP,0,0
2019-10-01,1,APXMIDP ,350.35,42.05
2019-10-01,1,N2EXMIDP,0,0
2019-10-01,2,APXMIDP ,249.35,35.04
2019-10-01,2,N2EXMIDP,0,0
2019-10-01,3,APXMIDP ,439.1,26.01
2019-10-01,3,N2EXMIDP,0,0
2019-10-01,4,APXMIDP ,527.05,25.14
2019-10-01,4,N2EXMIDP,0,0
2019-10-01,5,APXMIDP ,609.9,26.87
2019-10-01,5,N2EXMIDP,0,0
2019-10-01,6,APXMIDP ,585.1,30.44
2019-10-01,6,N2EXMIDP,0,0
2019-10-01,7,APXMIDP ,807.25,31.1
2019-10-01,7,N2EXMIDP,0,0
2019-10-01,8,APXMIDP ,741.9,29.37
2019-10-01,8,N2EXMIDP,0,0
2019-10-01,9,APXMIDP ,813.35,31.79
2019-10-01,9,N2EXMIDP,0,0
2019-10-01,10,APXMIDP ,836.35,30.55
2019-10-01,10,N2EXMIDP,0,0
2019-10-01,11,APXMIDP ,613.1,42.11
2019-10-01,11,N2EXMIDP,0,0
2019-10-01,12,APXMIDP ,1007.15,36.28
2019-10-01,12,N2EXMIDP,0,0
2019-10-01,13,APXMIDP ,922,44.14
2019-10-01,13,N2EXMIDP,0,0
2019-10-01,14,APXMIDP ,1112.75,35.4
2019-10-01,14,N2EXMIDP,0,0
2019-10-01,15,APXMIDP ,918.05,40.29
2019-10-01,15,N2EXMIDP,0,0
2019-10-01,16,APXMIDP ,860.3,43.99
2019-10-01,16,N2EXMIDP,0,0
2019-10-01,17,APXMIDP ,734.2,38.46
2019-10-01,17,N2EXMIDP,0,0
2019-10-01,18,APXMIDP ,714.15,39.52
2019-10-01,18,N2EXMIDP,0,0
2019-10-01,19,APXMIDP ,885.95,37.43
2019-10-01,19,N2EXMIDP,0,0
2019-10-01,20,APXMIDP ,906.3,33.21
2019-10-01,20,N2EXMIDP,0,0
2019-10-01,21,APXMIDP ,1032.1,33.92
2019-10-01,21,N2EXMIDP,0,0
2019-10-01,22,APXMIDP ,1281.3,35.49
2019-10-01,22,N2EXMIDP,0,0
2019-10-01,23,APXMIDP ,1472.4,35.33
2019-10-01,23,N2EXMIDP,0,0
2019-10-01,24,APXMIDP ,1487.25,32.99
2019-10-01,24,N2EXMIDP,0,0
2019-10-01,25,APXMIDP ,1284.45,32.21
2019-10-01,25,N2EXMIDP,0,0
2019-10-01,26,APXMIDP ,1133.55,32.5
2019-10-01,26,N2EXMIDP,0,0
2019-10-01,27,APXMIDP ,1494.05,32.29
2019-10-01,27,N2EXMIDP,0,0
2019-10-01,28,APXMIDP ,1391.15,32.28
2019-10-01,28,N2EXMIDP,0,0
2019-10-01,29,APXMIDP ,1536.15,32.76
2019-10-01,29,N2EXMIDP,0,0
2019-10-01,30,APXMIDP ,1637.25,32.76
2019-10-01,30,N2EXMIDP,0,0
2019-10-01,31,APXMIDP ,935.05,32.35
2019-10-01,31,N2EXMIDP,0,0
2019-10-01,32,APXMIDP ,873.55,32.42
2019-10-01,32,N2EXMIDP,0,0
2019-10-01,33,APXMIDP ,778.65,33.24
2019-10-01,33,N2EXMIDP,0,0
2019-10-01,34,APXMIDP ,1304.05,38.05
2019-10-01,34,N2EXMIDP,0,0
2019-10-01,35,APXMIDP ,1143,40.98
2019-10-01,35,N2EXMIDP,0,0
2019-10-01,36,APXMIDP ,1102.3,44.21
2019-10-01,36,N2EXMIDP,0,0
2019-10-01,37,APXMIDP ,957.75,43.49
2019-10-01,37,N2EXMIDP,0,0
2019-10-01,38,APXMIDP ,1232.75,42.99
2019-10-01,38,N2EXMIDP,0,0
2019-10-01,39,APXMIDP ,1158.4,37.94
2019-10-01,39,N2EXMIDP,0,0
2019-10-01,40,APXMIDP ,1069.1,38.25
2019-10-01,40,N2EXMIDP,0,0
2019-10-01,41,APXMIDP ,1248.8,37.4
2019-10-01,41,N2EXMIDP,0,0
2019-10-01,42,APXMIDP ,1291.15,34.79
2019-10-01,42,N2EXMIDP,0,0
2019-10-01,43,APXMIDP ,1239.2,35.76
2019-10-01,43,N2EXMIDP,0,0
2019-10-01,44,APXMIDP ,1125.5,36.72
2019-10-01,44,N2EXMIDP,0,0
2019-10-01,45,APXMIDP ,1492.75,34.97
2019-10-01,45,N2EXMIDP,0,0
2019-10-01,46,APXMIDP ,1731.35,36.51
2019-10-01,46,N2EXMIDP,0,0
2019-10-01,47,APXMIDP ,618.8,33.39
2019-10-01,47,N2EXMIDP,0,0
2019-10-01,48,APXMIDP ,613.9,37.15
2019-10-01,48,N2EXMIDP,0,0
2019-10-02,1,APXMIDP ,524.35,30.71
2019-10-02,1,N2EXMIDP,0,0
2019-10-02,2,APXMIDP ,466.8,22.97
2019-10-02,2,N2EXMIDP,0,0
2019-10-02,3,APXMIDP ,787.35,27.24
2019-10-02,3,N2EXMIDP,0,0
2019-10-02,4,APXMIDP ,1068.85,34.47
2019-10-02,4,N2EXMIDP,0,0
2019-10-02,5,APXMIDP ,1038.8,36.08
2019-10-02,5,N2EXMIDP,0,0
2019-10-02,6,APXMIDP ,978.15,34.12
2019-10-02,6,N2EXMIDP,0,0
2019-10-02,7,APXMIDP ,682.25,35.24
2019-10-02,7,N2EXMIDP,0,0
2019-10-02,8,APXMIDP ,604.95,29.27
2019-10-02,8,N2EXMIDP,0,0
2019-10-02,9,APXMIDP ,711.25,32.96
2019-10-02,9,N2EXMIDP,0,0
2019-10-02,10,APXMIDP ,736.9,31.03
2019-10-02,10,N2EXMIDP,0,0
2019-10-02,11,APXMIDP ,737.85,43.63
2019-10-02,11,N2EXMIDP,0,0
2019-10-02,12,APXMIDP ,957.6,34.73
2019-10-02,12,N2EXMIDP,0,0
2019-10-02,13,APXMIDP ,938.1,47.94
2019-10-02,13,N2EXMIDP,0,0
2019-10-02,14,APXMIDP ,859.35,29.19
2019-10-02,14,N2EXMIDP,0,0
2019-10-02,15,APXMIDP ,882.4,34.65
2019-10-02,15,N2EXMIDP,0,0
2019-10-02,16,APXMIDP ,696,38.97
2019-10-02,16,N2EXMIDP,0,0
2019-10-02,17,APXMIDP ,912.7,37.73
2019-10-02,17,N2EXMIDP,0,0
2019-10-02,18,APXMIDP ,841.95,31.86
2019-10-02,18,N2EXMIDP,0,0
2019-10-02,19,APXMIDP ,980.6,37.94
2019-10-02,19,N2EXMIDP,0,0
2019-10-02,20,APXMIDP ,1060.65,36.55
2019-10-02,20,N2EXMIDP,0,0
2019-10-02,21,APXMIDP ,1105.45,37.71
2019-10-02,21,N2EXMIDP,0,0
2019-10-02,22,APXMIDP ,1095.75,34.45
2019-10-02,22,N2EXMIDP,0,0
2019-10-02,23,APXMIDP ,1366,25.91
2019-10-02,23,N2EXMIDP,0,0
2019-10-02,24,APXMIDP ,1571.15,26.47
2019-10-02,24,N2EXMIDP,0,0
2019-10-02,25,APXMIDP ,1467.5,29.54
2019-10-02,25,N2EXMIDP,0,0
2019-10-02,26,APXMIDP ,1654.4,27.13
2019-10-02,26,N2EXMIDP,0,0
2019-10-02,27,APXMIDP ,1975.6,29.78
2019-10-02,27,N2EXMIDP,0,0
2019-10-02,28,APXMIDP ,1717.55,33.07
2019-10-02,28,N2EXMIDP,0,0
2019-10-02,29,APXMIDP ,1649.65,31.59
2019-10-02,29,N2EXMIDP,0,0
2019-10-02,30,APXMIDP ,2051.4,30.06
2019-10-02,30,N2EXMIDP,0,0
2019-10-02,31,APXMIDP ,1759.15,28.39
2019-10-02,31,N2EXMIDP,0,0
2019-10-02,32,APXMIDP ,1634.25,29.75
2019-10-02,32,N2EXMIDP,0,0
2019-10-02,33,APXMIDP ,1823.7,29.26
2019-10-02,33,N2EXMIDP,0,0
2019-10-02,34,APXMIDP ,1590.7,32.25
2019-10-02,34,N2EXMIDP,0,0
2019-10-02,35,APXMIDP ,1291.55,38.64
2019-10-02,35,N2EXMIDP,0,0
2019-10-02,36,APXMIDP ,1272.45,40.1
2019-10-02,36,N2EXMIDP,0,0
2019-10-02,37,APXMIDP ,1388.15,37.47
2019-10-02,37,N2EXMIDP,0,0
2019-10-02,38,APXMIDP ,1448,40.48
2019-10-02,38,N2EXMIDP,0,0
2019-10-02,39,APXMIDP ,1142.9,45.15
2019-10-02,39,N2EXMIDP,0,0
2019-10-02,40,APXMIDP ,1268.4,50.19
2019-10-02,40,N2EXMIDP,0,0
2019-10-02,41,APXMIDP ,1131.65,46.14
2019-10-02,41,N2EXMIDP,0,0
2019-10-02,42,APXMIDP ,1064.4,40.57
2019-10-02,42,N2EXMIDP,0,0
2019-10-02,43,APXMIDP ,1082.5,37.08
2019-10-02,43,N2EXMIDP,0,0
2019-10-02,44,APXMIDP ,1240.4,36.77
2019-10-02,44,N2EXMIDP,0,0
2019-10-02,45,APXMIDP ,615.95,34.35
2019-10-02,45,N2EXMIDP,0,0
2019-10-02,46,APXMIDP ,945.45,32.58
2019-10-02,46,N2EXMIDP,0,0
2019-10-02,47,APXMIDP ,362.95,24.89
2019-10-02,47,N2EXMIDP,0,0
2019-10-02,48,APXMIDP ,232.2,22.94
2019-10-02,48,N2EXMIDP,0,0
2019-10-03,1,APXMIDP ,362.1,21.58
2019-10-03,1,N2EXMIDP,0,0
2019-10-03,2,APXMIDP ,449.5,25.38
2019-10-03,2,N2EXMIDP,0,0
2019-10-03,3,APXMIDP ,485.2,30.43
2019-10-03,3,N2EXMIDP,0,0
2019-10-03,4,APXMIDP ,552.8,32.86
2019-10-03,4,N2EXMIDP,0,0
2019-10-03,5,APXMIDP ,601,33.69
2019-10-03,5,N2EXMIDP,0,0
2019-10-03,6,APXMIDP ,598.2,28.93
2019-10-03,6,N2EXMIDP,0,0
2019-10-03,7,APXMIDP ,505.9,29.23
2019-10-03,7,N2EXMIDP,0,0
2019-10-03,8,APXMIDP ,442.05,24.63
2019-10-03,8,N2EXMIDP,0,0
2019-10-03,9,APXMIDP ,376.5,22.79
2019-10-03,9,N2EXMIDP,0,0
2019-10-03,10,APXMIDP ,438.55,21.77
2019-10-03,10,N2EXMIDP,0,0
2019-10-03,11,APXMIDP ,437.35,26.52
2019-10-03,11,N2EXMIDP,0,0
2019-10-03,12,APXMIDP ,753.45,23.83
2019-10-03,12,N2EXMIDP,0,0
2019-10-03,13,APXMIDP ,815.55,35.29
2019-10-03,13,N2EXMIDP,0,0
2019-10-03,14,APXMIDP ,1634.35,33.55
2019-10-03,14,N2EXMIDP,0,0
2019-10-03,15,APXMIDP ,764.85,29.21
2019-10-03,15,N2EXMIDP,0,0
2019-10-03,16,APXMIDP ,686.15,39.28
2019-10-03,16,N2EXMIDP,0,0
2019-10-03,17,APXMIDP ,831,46.49
2019-10-03,17,N2EXMIDP,0,0
2019-10-03,18,APXMIDP ,684.1,41.56
2019-10-03,18,N2EXMIDP,0,0
2019-10-03,19,APXMIDP ,1339.25,48.28
2019-10-03,19,N2EXMIDP,0,0
2019-10-03,20,APXMIDP ,973,45.82
2019-10-03,20,N2EXMIDP,0,0
2019-10-03,21,APXMIDP ,1478.45,53.13
2019-10-03,21,N2EXMIDP,0,0
2019-10-03,22,APXMIDP ,1079.15,46.81
2019-10-03,22,N2EXMIDP,0,0
2019-10-03,23,APXMIDP ,943.35,47.6
2019-10-03,23,N2EXMIDP,0,0
2019-10-03,24,APXMIDP ,1053.15,47.83
2019-10-03,24,N2EXMIDP,0,0
2019-10-03,25,APXMIDP ,1258.9,47.76
2019-10-03,25,N2EXMIDP,0,0
2019-10-03,26,APXMIDP ,1228.95,47.86
2019-10-03,26,N2EXMIDP,0,0
2019-10-03,27,APXMIDP ,1700.4,40.71
2019-10-03,27,N2EXMIDP,0,0
2019-10-03,28,APXMIDP ,1616.85,36.22
2019-10-03,28,N2EXMIDP,0,0
2019-10-03,29,APXMIDP ,1715.8,36.36
2019-10-03,29,N2EXMIDP,0,0
2019-10-03,30,APXMIDP ,1805.65,36.19
2019-10-03,30,N2EXMIDP,0,0
2019-10-03,31,APXMIDP ,989.45,41.94
2019-10-03,31,N2EXMIDP,0,0
2019-10-03,32,APXMIDP ,952.95,43.58
2019-10-03,32,N2EXMIDP,0,0
2019-10-03,33,APXMIDP ,897.15,43.67
2019-10-03,33,N2EXMIDP,0,0
2019-10-03,34,APXMIDP ,1057.55,45.34
2019-10-03,34,N2EXMIDP,0,0
2019-10-03,35,APXMIDP ,1441.25,45.72
2019-10-03,35,N2EXMIDP,0,0
2019-10-03,36,APXMIDP ,1587.15,44.79
2019-10-03,36,N2EXMIDP,0,0
2019-10-03,37,APXMIDP ,1729.05,41.01
2019-10-03,37,N2EXMIDP,0,0
2019-10-03,38,APXMIDP ,1640.9,44.36
2019-10-03,38,N2EXMIDP,0,0
2019-10-03,39,APXMIDP ,2154.15,48.43
2019-10-03,39,N2EXMIDP,0,0
2019-10-03,40,APXMIDP ,2046.15,48.28
2019-10-03,40,N2EXMIDP,0,0
2019-10-03,41,APXMIDP ,1969.5,45.88
2019-10-03,41,N2EXMIDP,0,0
2019-10-03,42,APXMIDP ,1966.9,42.75
2019-10-03,42,N2EXMIDP,0,0
2019-10-03,43,APXMIDP ,1697.5,36.55
2019-10-03,43,N2EXMIDP,0,0
2019-10-03,44,APXMIDP ,1842.75,36.42
2019-10-03,44,N2EXMIDP,0,0
2019-10-03,45,APXMIDP ,1888.6,36.96
2019-10-03,45,N2EXMIDP,0,0
2019-10-03,46,APXMIDP ,2185.75,38.93
2019-10-03,46,N2EXMIDP,0,0
2019-10-03,47,APXMIDP ,684.95,43.48
2019-10-03,47,N2EXMIDP,0,0
2019-10-03,48,APXMIDP ,622.7,39.58
2019-10-03,48,N2EXMIDP,0,0
2019-10-04,1,APXMIDP ,741.75,30.09
2019-10-04,1,N2EXMIDP,0,0
2019-10-04,2,APXMIDP ,738.65,29.37
2019-10-04,2,N2EXMIDP,0,0
2019-10-04,3,APXMIDP ,680.8,23.77
2019-10-04,3,N2EXMIDP,0,0
2019-10-04,4,APXMIDP ,719.35,21.38
2019-10-04,4,N2EXMIDP,0,0
2019-10-04,5,APXMIDP ,718.1,19.42
2019-10-04,5,N2EXMIDP,0,0
2019-10-04,6,APXMIDP ,680.5,19.76
2019-10-04,6,N2EXMIDP,0,0
2019-10-04,7,APXMIDP ,517.3,13.51
2019-10-04,7,N2EXMIDP,0,0
2019-10-04,8,APXMIDP ,634.15,12.96
2019-10-04,8,N2EXMIDP,0,0
2019-10-04,9,APXMIDP ,435.9,19.64
2019-10-04,9,N2EXMIDP,0,0
2019-10-04,10,APXMIDP ,633.85,24.54
2019-10-04,10,N2EXMIDP,0,0
2019-10-04,11,APXMIDP ,629.6,36.08
2019-10-04,11,N2EXMIDP,0,0
2019-10-04,12,APXMIDP ,780.05,41.7
2019-10-04,12,N2EXMIDP,0,0
2019-10-04,13,APXMIDP ,1063.4,49.26
2019-10-04,13,N2EXMIDP,0,0
2019-10-04,14,APXMIDP ,1124.65,40.59
2019-10-04,14,N2EXMIDP,0,0
2019-10-04,15,APXMIDP ,1620.1,55.28
2019-10-04,15,N2EXMIDP,0,0
2019-10-04,16,APXMIDP ,2078.7,55.1
2019-10-04,16,N2EXMIDP,0,0
2019-10-04,17,APXMIDP ,1821.15,51.28
2019-10-04,17,N2EXMIDP,0,0
2019-10-04,18,APXMIDP ,1857.8,50.81
2019-10-04,18,N2EXMIDP,0,0
2019-10-04,19,APXMIDP ,2039.4,45.74
2019-10-04,19,N2EXMIDP,0,0
2019-10-04,20,APXMIDP ,2229.05,45.96
2019-10-04,20,N2EXMIDP,0,0
2019-10-04,21,APXMIDP ,2051.5,47.04
2019-10-04,21,N2EXMIDP,0,0
2019-10-04,22,APXMIDP ,2041.45,46.67
2019-10-04,22,N2EXMIDP,0,0
2019-10-04,23,APXMIDP ,1891.45,47.05
2019-10-04,23,N2EXMIDP,0,0
2019-10-04,24,APXMIDP ,1921.8,46.78
2019-10-04,24,N2EXMIDP,0,0
2019-10-04,25,APXMIDP ,2341.65,47.13
2019-10-04,25,N2EXMIDP,0,0
2019-10-04,26,APXMIDP ,2083.3,47.31
2019-10-04,26,N2EXMIDP,0,0
2019-10-04,27,APXMIDP ,2002,45.69
2019-10-04,27,N2EXMIDP,0,0
2019-10-04,28,APXMIDP ,2114.25,46.11
2019-10-04,28,N2EXMIDP,0,0
2019-10-04,29,APXMIDP ,2131.05,47.21
2019-10-04,29,N2EXMIDP,0,0
2019-10-04,30,APXMIDP ,2206,48.09
2019-10-04,30,N2EXMIDP,0,0
2019-10-04,31,APXMIDP ,1910.15,53.44
2019-10-04,31,N2EXMIDP,0,0
2019-10-04,32,APXMIDP ,2286.45,55.11
2019-10-04,32,N2EXMIDP,0,0
2019-10-04,33,APXMIDP ,1914.9,55.49
2019-10-04,33,N2EXMIDP,0,0
2019-10-04,34,APXMIDP ,2105.8,58.38
2019-10-04,34,N2EXMIDP,0,0
2019-10-04,35,APXMIDP ,2270.55,58.87
2019-10-04,35,N2EXMIDP,0,0
2019-10-04,36,APXMIDP ,2091.85,61.25
2019-10-04,36,N2EXMIDP,0,0
2019-10-04,37,APXMIDP ,1993.9,62.67
2019-10-04,37,N2EXMIDP,0,0
2019-10-04,38,APXMIDP ,1885.55,63.83
2019-10-04,38,N2EXMIDP,0,0
2019-10-04,39,APXMIDP ,1219.8,71.1
2019-10-04,39,N2EXMIDP,0,0
2019-10-04,40,APXMIDP ,1220.6,71.33
2019-10-04,40,N2EXMIDP,0,0
2019-10-04,41,APXMIDP ,1416.4,65.15
2019-10-04,41,N2EXMIDP,0,0
2019-10-04,42,APXMIDP ,1512.2,59.54
2019-10-04,42,N2EXMIDP,0,0
2019-10-04,43,APXMIDP ,1085.75,51.61
2019-10-04,43,N2EXMIDP,0,0
2019-10-04,44,APXMIDP ,1001.7,51.05
2019-10-04,44,N2EXMIDP,0,0
2019-10-04,45,APXMIDP ,1066.6,48.93
2019-10-04,45,N2EXMIDP,0,0
2019-10-04,46,APXMIDP ,1198.95,45.57
2019-10-04,46,N2EXMIDP,0,0
2019-10-04,47,APXMIDP ,682.95,52.06
2019-10-04,47,N2EXMIDP,0,0
2019-10-04,48,APXMIDP ,694.3,52.83
2019-10-04,48,N2EXMIDP,0,0
2019-10-05,1,APXMIDP ,662.35,47.92
2019-10-05,1,N2EXMIDP,0,0
2019-10-05,2,APXMIDP ,592.7,44.55
2019-10-05,2,N2EXMIDP,0,0
2019-10-05,3,APXMIDP ,373.9,42.1
2019-10-05,3,N2EXMIDP,0,0
2019-10-05,4,APXMIDP ,348.8,40.26
2019-10-05,4,N2EXMIDP,0,0
2019-10-05,5,APXMIDP ,393.5,36.94
2019-10-05,5,N2EXMIDP,0,0
2019-10-05,6,APXMIDP ,521.05,35.39
2019-10-05,6,N2EXMIDP,0,0
2019-10-05,7,APXMIDP ,255.5,35.17
2019-10-05,7,N2EXMIDP,0,0
2019-10-05,8,APXMIDP ,267.25,37.92
2019-10-05,8,N2EXMIDP,0,0
2019-10-05,9,APXMIDP ,362.05,37.65
2019-10-05,9,N2EXMIDP,0,0
2019-10-05,10,APXMIDP ,470,38.44
2019-10-05,10,N2EXMIDP,0,0
2019-10-05,11,APXMIDP ,552.35,37.15
2019-10-05,11,N2EXMIDP,0,0
2019-10-05,12,APXMIDP ,542.4,34.55
2019-10-05,12,N2EXMIDP,0,0
2019-10-05,13,APXMIDP ,581.15,36.69
2019-10-05,13,N2EXMIDP,0,0
2019-10-05,14,APXMIDP ,823.25,37.84
2019-10-05,14,N2EXMIDP,0,0
2019-10-05,15,APXMIDP ,585.05,35.19
2019-10-05,15,N2EXMIDP,0,0
2019-10-05,16,APXMIDP ,645.3,41.14
2019-10-05,16,N2EXMIDP,0,0
2019-10-05,17,APXMIDP ,531.15,47.13
2019-10-05,17,N2EXMIDP,0,0
2019-10-05,18,APXMIDP ,638.4,48.97
2019-10-05,18,N2EXMIDP,0,0
2019-10-05,19,APXMIDP ,741.4,52.7
2019-10-05,19,N2EXMIDP,0,0
2019-10-05,20,APXMIDP ,721.8,51.93
2019-10-05,20,N2EXMIDP,0,0
2019-10-05,21,APXMIDP ,812.65,50.79
2019-10-05,21,N2EXMIDP,0,0
2019-10-05,22,APXMIDP ,891.85,49.27
2019-10-05,22,N2EXMIDP,0,0
2019-10-05,23,APXMIDP ,841.6,42.56
2019-10-05,23,N2EXMIDP,0,0
2019-10-05,24,APXMIDP ,957.8,41.83
2019-10-05,24,N2EXMIDP,0,0
2019-10-05,25,APXMIDP ,779.1,40.17
2019-10-05,25,N2EXMIDP,0,0
2019-10-05,26,APXMIDP ,961.95,37.15
2019-10-05,26,N2EXMIDP,0,0
2019-10-05,27,APXMIDP ,1123.65,34.94
2019-10-05,27,N2EXMIDP,0,0
2019-10-05,28,APXMIDP ,1096.2,34.4
2019-10-05,28,N2EXMIDP,0,0
2019-10-05,29,APXMIDP ,1082.6,34.71
2019-10-05,29,N2EXMIDP,0,0
2019-10-05,30,APXMIDP ,1127.7,33.83
2019-10-05,30,N2EXMIDP,0,0
2019-10-05,31,APXMIDP ,891.95,38.79
2019-10-05,31,N2EXMIDP,0,0
2019-10-05,32,APXMIDP ,1111.05,37.18
2019-10-05,32,N2EXMIDP,0,0
2019-10-05,33,APXMIDP ,1116.7,42.17
2019-10-05,33,N2EXMIDP,0,0
2019-10-05,34,APXMIDP ,1034.7,43.79
2019-10-05,34,N2EXMIDP,0,0
2019-10-05,35,APXMIDP ,902.35,49.02
2019-10-05,35,N2EXMIDP,0,0
2019-10-05,36,APXMIDP ,1022.4,52.57
2019-10-05,36,N2EXMIDP,0,0
2019-10-05,37,APXMIDP ,943.3,51.44
2019-10-05,37,N2EXMIDP,0,0
2019-10-05,38,APXMIDP ,887.05,52.74
2019-10-05,38,N2EXMIDP,0,0
2019-10-05,39,APXMIDP ,834.4,58.22
2019-10-05,39,N2EXMIDP,0,0
2019-10-05,40,APXMIDP ,833.9,51.05
2019-10-05,40,N2EXMIDP,0,0
2019-10-05,41,APXMIDP ,927.9,43.92
2019-10-05,41,N2EXMIDP,0,0
2019-10-05,42,APXMIDP ,803.2,40.88
2019-10-05,42,N2EXMIDP,0,0
2019-10-05,43,APXMIDP ,950.25,33.24
2019-10-05,43,N2EXMIDP,0,0
2019-10-05,44,APXMIDP ,924.7,32.89
2019-10-05,44,N2EXMIDP,0,0
2019-10-05,45,APXMIDP ,897.4,31.72
2019-10-05,45,N2EXMIDP,0,0
2019-10-05,46,APXMIDP ,1304,29.88
2019-10-05,46,N2EXMIDP,0,0
2019-10-05,47,APXMIDP ,537.4,30.18
2019-10-05,47,N2EXMIDP,0,0
2019-10-05,48,APXMIDP ,501.8,20.01
2019-10-05,48,N2EXMIDP,0,0
2019-10-06,1,APXMIDP ,427.9,16.32
2019-10-06,1,N2EXMIDP,0,0
2019-10-06,2,APXMIDP ,450.5,16.33
2019-10-06,2,N2EXMIDP,0,0
2019-10-06,3,APXMIDP ,559.85,12.36
2019-10-06,3,N2EXMIDP,0,0
2019-10-06,4,APXMIDP ,636.55,11.38
2019-10-06,4,N2EXMIDP,0,0
2019-10-06,5,APXMIDP ,594.1,11.34
2019-10-06,5,N2EXMIDP,0,0
2019-10-06,6,APXMIDP ,538.05,12.13
2019-10-06,6,N2EXMIDP,0,0
2019-10-06,7,APXMIDP ,546.55,13.37
2019-10-06,7,N2EXMIDP,0,0
2019-10-06,8,APXMIDP ,645.8,13.46
2019-10-06,8,N2EXMIDP,0,0
2019-10-06,9,APXMIDP ,639.8,14.1
2019-10-06,9,N2EXMIDP,0,0
2019-10-06,10,APXMIDP ,631.7,14.08
2019-10-06,10,N2EXMIDP,0,0
2019-10-06,11,APXMIDP ,707.45,15.62
2019-10-06,11,N2EXMIDP,0,0
2019-10-06,12,APXMIDP ,626.15,15.19
2019-10-06,12,N2EXMIDP,0,0
2019-10-06,13,APXMIDP ,594.5,15.24
2019-10-06,13,N2EXMIDP,0,0
2019-10-06,14,APXMIDP ,724.15,17.2
2019-10-06,14,N2EXMIDP,0,0
2019-10-06,15,APXMIDP ,1362.45,27.78
2019-10-06,15,N2EXMIDP,0,0
2019-10-06,16,APXMIDP ,1405.95,30.56
2019-10-06,16,N2EXMIDP,0,0
2019-10-06,17,APXMIDP ,1246.85,22.33
2019-10-06,17,N2EXMIDP,0,0
2019-10-06,18,APXMIDP ,1284.6,22.19
2019-10-06,18,N2EXMIDP,0,0
2019-10-06,19,APXMIDP ,1186.5,21.79
2019-10-06,19,N2EXMIDP,0,0
2019-10-06,20,APXMIDP ,1220.75,24.23
2019-10-06,20,N2EXMIDP,0,0
2019-10-06,21,APXMIDP ,1312.95,25.66
2019-10-06,21,N2EXMIDP,0,0
2019-10-06,22,APXMIDP ,1244.55,23.91
2019-10-06,22,N2EXMIDP,0,0
2019-10-06,23,APXMIDP ,1229.35,24.63
2019-10-06,23,N2EXMIDP,0,0
2019-10-06,24,APXMIDP ,1324.75,24.33
2019-10-06,24,N2EXMIDP,0,0
2019-10-06,25,APXMIDP ,1330.1,24.15
2019-10-06,25,N2EXMIDP,0,0
2019-10-06,26,APXMIDP ,1405.6,22.89
2019-10-06,26,N2EXMIDP,0,0
2019-10-06,27,APXMIDP ,1725.65,23.72
2019-10-06,27,N2EXMIDP,0,0
2019-10-06,28,APXMIDP ,1809,23.97
2019-10-06,28,N2EXMIDP,0,0
2019-10-06,29,APXMIDP ,1707.95,24
2019-10-06,29,N2EXMIDP,0,0
2019-10-06,30,APXMIDP ,1933.9,25.68
2019-10-06,30,N2EXMIDP,0,0
2019-10-06,31,APXMIDP ,1359.25,31.91
2019-10-06,31,N2EXMIDP,0,0
2019-10-06,32,APXMIDP ,1449.2,29.44
2019-10-06,32,N2EXMIDP,0,0
2019-10-06,33,APXMIDP ,1728.25,29.47
2019-10-06,33,N2EXMIDP,0,0
2019-10-06,34,APXMIDP ,1635.35,30.01
2019-10-06,34,N2EXMIDP,0,0
2019-10-06,35,APXMIDP ,1805.6,37.03
2019-10-06,35,N2EXMIDP,0,0
2019-10-06,36,APXMIDP ,1794.95,42.79
2019-10-06,36,N2EXMIDP,0,0
2019-10-06,37,APXMIDP ,1890.05,48.47
2019-10-06,37,N2EXMIDP,0,0
2019-10-06,38,APXMIDP ,1771.75,49.7
2019-10-06,38,N2EXMIDP,0,0
2019-10-06,39,APXMIDP ,1703.1,51.62
2019-10-06,39,N2EXMIDP,0,0
2019-10-06,40,APXMIDP ,1554.65,49.08
2019-10-06,40,N2EXMIDP,0,0
2019-10-06,41,APXMIDP ,1632,47.44
2019-10-06,41,N2EXMIDP,0,0
2019-10-06,42,APXMIDP ,1456.35,42.01
2019-10-06,42,N2EXMIDP,0,0
2019-10-06,43,APXMIDP ,1269.25,34.94
2019-10-06,43,N2EXMIDP,0,0
2019-10-06,44,APXMIDP ,1340.15,32.91
2019-10-06,44,N2EXMIDP,0,0
2019-10-06,45,APXMIDP ,1322.95,32.03
2019-10-06,45,N2EXMIDP,0,0
2019-10-06,46,APXMIDP ,1117.3,32.06
2019-10-06,46,N2EXMIDP,0,0
2019-10-06,47,APXMIDP ,627.9,22.25
2019-10-06,47,N2EXMIDP,0,0
2019-10-06,48,APXMIDP ,522.15,26.15
2019-10-06,48,N2EXMIDP,0,0
2019-10-07,1,APXMIDP ,626.4,48.39
2019-10-07,1,N2EXMIDP,0,0
2019-10-07,2,APXMIDP ,592.65,45.35
2019-10-07,2,N2EXMIDP,0,0
2019-10-07,3,APXMIDP ,634,39.26
2019-10-07,3,N2EXMIDP,0,0
2019-10-07,4,APXMIDP ,607.85,39.38
2019-10-07,4,N2EXMIDP,0,0
2019-10-07,5,APXMIDP ,709.65,40.17
2019-10-07,5,N2EXMIDP,0,0
2019-10-07,6,APXMIDP ,691.05,37.49
2019-10-07,6,N2EXMIDP,0,0
2019-10-07,7,APXMIDP ,682.8,31.06
2019-10-07,7,N2EXMIDP,0,0
2019-10-07,8,APXMIDP ,717.4,28.97
2019-10-07,8,N2EXMIDP,0,0
2019-10-07,9,APXMIDP ,796.25,32.14
2019-10-07,9,N2EXMIDP,0,0
2019-10-07,10,APXMIDP ,703.5,29.24
2019-10-07,10,N2EXMIDP,0,0
2019-10-07,11,APXMIDP ,1345.9,43.58
2019-10-07,11,N2EXMIDP,0,0
2019-10-07,12,APXMIDP ,1105.55,39.15
2019-10-07,12,N2EXMIDP,0,0
2019-10-07,13,APXMIDP ,1395.05,44.58
2019-10-07,13,N2EXMIDP,0,0
2019-10-07,14,APXMIDP ,1650.2,33.71
2019-10-07,14,N2EXMIDP,0,0
2019-10-07,15,APXMIDP ,698.5,26.87
2019-10-07,15,N2EXMIDP,0,0
2019-10-07,16,APXMIDP ,934.5,31.54
2019-10-07,16,N2EXMIDP,0,0
2019-10-07,17,APXMIDP ,955.55,36.75
2019-10-07,17,N2EXMIDP,0,0
2019-10-07,18,APXMIDP ,863.55,38.12
2019-10-07,18,N2EXMIDP,0,0
2019-10-07,19,APXMIDP ,1112.25,42.68
2019-10-07,19,N2EXMIDP,0,0
2019-10-07,20,APXMIDP ,1090.7,38.68
2019-10-07,20,N2EXMIDP,0,0
2019-10-07,21,APXMIDP ,1053.95,41.64
2019-10-07,21,N2EXMIDP,0,0
2019-10-07,22,APXMIDP ,1373.3,41.48
2019-10-07,22,N2EXMIDP,0,0
2019-10-07,23,APXMIDP ,1156.5,40.1
2019-10-07,23,N2EXMIDP,0,0
2019-10-07,24,APXMIDP ,1374.5,39.05
2019-10-07,24,N2EXMIDP,0,0
2019-10-07,25,APXMIDP ,1281.65,36.47
2019-10-07,25,N2EXMIDP,0,0
2019-10-07,26,APXMIDP ,1529.15,35.88
2019-10-07,26,N2EXMIDP,0,0
2019-10-07,27,APXMIDP ,1377.8,41.04
2019-10-07,27,N2EXMIDP,0,0
2019-10-07,28,APXMIDP ,1261.2,39.48
2019-10-07,28,N2EXMIDP,0,0
2019-10-07,29,APXMIDP ,1356.85,40.92
2019-10-07,29,N2EXMIDP,0,0
2019-10-07,30,APXMIDP ,1358.45,41.4
2019-10-07,30,N2EXMIDP,0,0
2019-10-07,31,APXMIDP ,1647.75,42.89
2019-10-07,31,N2EXMIDP,0,0
2019-10-07,32,APXMIDP ,1481.65,43.74
2019-10-07,32,N2EXMIDP,0,0
2019-10-07,33,APXMIDP ,1398.55,41.76
2019-10-07,33,N2EXMIDP,0,0
2019-10-07,34,APXMIDP ,1682.15,41.88
2019-10-07,34,N2EXMIDP,0,0
2019-10-07,35,APXMIDP ,1431.25,38.65
2019-10-07,35,N2EXMIDP,0,0
2019-10-07,36,APXMIDP ,2066.8,48.1
2019-10-07,36,N2EXMIDP,0,0
2019-10-07,37,APXMIDP ,1424.8,47.01
2019-10-07,37,N2EXMIDP,0,0
2019-10-07,38,APXMIDP ,1958,53.56
2019-10-07,38,N2EXMIDP,0,0
2019-10-07,39,APXMIDP ,2976.8,42.95
2019-10-07,39,N2EXMIDP,0,0
2019-10-07,40,APXMIDP ,2334.9,41.88
2019-10-07,40,N2EXMIDP,0,0
2019-10-07,41,APXMIDP ,2405.7,42.42
2019-10-07,41,N2EXMIDP,0,0
2019-10-07,42,APXMIDP ,2232.65,40.71
2019-10-07,42,N2EXMIDP,0,0
2019-10-07,43,APXMIDP ,2569.45,38.77
2019-10-07,43,N2EXMIDP,0,0
2019-10-07,44,APXMIDP ,2301,37.29
2019-10-07,44,N2EXMIDP,0,0
2019-10-07,45,APXMIDP ,1846.15,36.16
2019-10-07,45,N2EXMIDP,0,0
2019-10-07,46,APXMIDP ,2312.6,33.63
2019-10-07,46,N2EXMIDP,0,0
2019-10-07,47,APXMIDP ,1128.95,23.33
2019-10-07,47,N2EXMIDP,0,0
2019-10-07,48,APXMIDP ,924.5,27.4
2019-10-07,48,N2EXMIDP,0,0
2019-10-08,1,APXMIDP ,359,24.6
2019-10-08,1,N2EXMIDP,0,0
2019-10-08,2,APXMIDP ,337.95,27.54
2019-10-08,2,N2EXMIDP,0,0
2019-10-08,3,APXMIDP ,452.1,26.02
2019-10-08,3,N2EXMIDP,0,0
2019-10-08,4,APXMIDP ,371.6,31.49
2019-10-08,4,N2EXMIDP,0,0
2019-10-08,5,APXMIDP ,530.4,34.77
2019-10-08,5,N2EXMIDP,0,0
2019-10-08,6,APXMIDP ,493.25,28.95
2019-10-08,6,N2EXMIDP,0,0
2019-10-08,7,APXMIDP ,592.25,32.87
2019-10-08,7,N2EXMIDP,0,0
2019-10-08,8,APXMIDP ,638.6,28.87
2019-10-08,8,N2EXMIDP,0,0
2019-10-08,9,APXMIDP ,648,30.41
2019-10-08,9,N2EXMIDP,0,0
2019-10-08,10,APXMIDP ,582.15,27.27
2019-10-08,10,N2EXMIDP,0,0
2019-10-08,11,APXMIDP ,584.5,32.21
2019-10-08,11,N2EXMIDP,0,0
2019-10-08,12,APXMIDP ,697,26.78
2019-10-08,12,N2EXMIDP,0,0
2019-10-08,13,APXMIDP ,653.85,41.28
2019-10-08,13,N2EXMIDP,0,0
2019-10-08,14,APXMIDP ,908.35,39.28
2019-10-08,14,N2EXMIDP,0,0
2019-10-08,15,APXMIDP ,871.2,39.55
2019-10-08,15,N2EXMIDP,0,0
2019-10-08,16,APXMIDP ,790,45.71
2019-10-08,16,N2EXMIDP,0,0
2019-10-08,17,APXMIDP ,1362,43.82
2019-10-08,17,N2EXMIDP,0,0
2019-10-08,18,APXMIDP ,1393.65,39.49
2019-10-08,18,N2EXMIDP,0,0
2019-10-08,19,APXMIDP ,1284.45,44.62
2019-10-08,19,N2EXMIDP,0,0
2019-10-08,20,APXMIDP ,1469.65,42.78
2019-10-08,20,N2EXMIDP,0,0
2019-10-08,21,APXMIDP ,1277.85,35.22
2019-10-08,21,N2EXMIDP,0,0
2019-10-08,22,APXMIDP ,1184.25,31.68
2019-10-08,22,N2EXMIDP,0,0
2019-10-08,23,APXMIDP ,1443.15,32.77
2019-10-08,23,N2EXMIDP,0,0
2019-10-08,24,APXMIDP ,1531.6,33.77
2019-10-08,24,N2EXMIDP,0,0
2019-10-08,25,APXMIDP ,1647.9,36.47
2019-10-08,25,N2EXMIDP,0,0
2019-10-08,26,APXMIDP ,1810,37.26
2019-10-08,26,N2EXMIDP,0,0
2019-10-08,27,APXMIDP ,2085.2,34.64
2019-10-08,27,N2EXMIDP,0,0
2019-10-08,28,APXMIDP ,1927.9,32.32
2019-10-08,28,N2EXMIDP,0,0
2019-10-08,29,APXMIDP ,1856.85,31.77
2019-10-08,29,N2EXMIDP,0,0
2019-10-08,30,APXMIDP ,1855.6,31.3
2019-10-08,30,N2EXMIDP,0,0
2019-10-08,31,APXMIDP ,1817.45,29.25
2019-10-08,31,N2EXMIDP,0,0
2019-10-08,32,APXMIDP ,2061.5,31.92
2019-10-08,32,N2EXMIDP,0,0
2019-10-08,33,APXMIDP ,1856.75,29.75
2019-10-08,33,N2EXMIDP,0,0
2019-10-08,34,APXMIDP ,1911.5,38.2
2019-10-08,34,N2EXMIDP,0,0
2019-10-08,35,APXMIDP ,1719.2,34.09
2019-10-08,35,N2EXMIDP,0,0
2019-10-08,36,APXMIDP ,1928.55,38.06
2019-10-08,36,N2EXMIDP,0,0
2019-10-08,37,APXMIDP ,1726,40.11
2019-10-08,37,N2EXMIDP,0,0
2019-10-08,38,APXMIDP ,1659.7,47.3
2019-10-08,38,N2EXMIDP,0,0
2019-10-08,39,APXMIDP ,1427.55,42.41
2019-10-08,39,N2EXMIDP,0,0
2019-10-08,40,APXMIDP ,1300.3,39.84
2019-10-08,40,N2EXMIDP,25,50
2019-10-08,41,APXMIDP ,1213.7,39.02
2019-10-08,41,N2EXMIDP,0,0
2019-10-08,42,APXMIDP ,1018.4,37.95
2019-10-08,42,N2EXMIDP,0,0
2019-10-08,43,APXMIDP ,1100.85,32.53
2019-10-08,43,N2EXMIDP,0,0
2019-10-08,44,APXMIDP ,1052.6,31.05
2019-10-08,44,N2EXMIDP,0,0
2019-10-08,45,APXMIDP ,949.95,30.12
2019-10-08,45,N2EXMIDP,0,0
2019-10-08,46,APXMIDP ,1215.65,24.52
2019-10-08,46,N2EXMIDP,0,0
2019-10-08,47,APXMIDP ,505.85,12.84
2019-10-08,47,N2EXMIDP,0,0
2019-10-08,48,APXMIDP ,355.55,5.71
2019-10-08,48,N2EXMIDP,0,0
2019-10-09,1,APXMIDP ,624.85,7.31
2019-10-09,1,N2EXMIDP,0,0
2019-10-09,2,APXMIDP ,532.55,4.37
2019-10-09,2,N2EXMIDP,0,0
2019-10-09,3,APXMIDP ,597.95,4.43
2019-10-09,3,N2EXMIDP,0,0
2019-10-09,4,APXMIDP ,591.2,5.42
2019-10-09,4,N2EXMIDP,0,0
2019-10-09,5,APXMIDP ,646.55,4.47
2019-10-09,5,N2EXMIDP,0,0
2019-10-09,6,APXMIDP ,765.75,4.59
2019-10-09,6,N2EXMIDP,0,0
2019-10-09,7,APXMIDP ,829.15,15.16
2019-10-09,7,N2EXMIDP,0,0
2019-10-09,8,APXMIDP ,800.6,15.1
2019-10-09,8,N2EXMIDP,0,0
2019-10-09,9,APXMIDP ,990.4,17.84
2019-10-09,9,N2EXMIDP,0,0
2019-10-09,10,APXMIDP ,833.05,16.64
2019-10-09,10,N2EXMIDP,0,0
2019-10-09,11,APXMIDP ,667.9,17.94
2019-10-09,11,N2EXMIDP,0,0
2019-10-09,12,APXMIDP ,938.85,25.23
2019-10-09,12,N2EXMIDP,0,0
2019-10-09,13,APXMIDP ,761.15,30.73
2019-10-09,13,N2EXMIDP,0,0
2019-10-09,14,APXMIDP ,1073.5,37.76
2019-10-09,14,N2EXMIDP,0,0
2019-10-09,15,APXMIDP ,801.55,36.39
2019-10-09,15,N2EXMIDP,0,0
2019-10-09,16,APXMIDP ,861.3,48.2
2019-10-09,16,N2EXMIDP,0,0
2019-10-09,17,APXMIDP ,817.35,49.7
2019-10-09,17,N2EXMIDP,0,0
2019-10-09,18,APXMIDP ,904.8,47.57
2019-10-09,18,N2EXMIDP,0,0
2019-10-09,19,APXMIDP ,900.9,45.36
2019-10-09,19,N2EXMIDP,0,0
2019-10-09,20,APXMIDP ,932.45,42.45
2019-10-09,20,N2EXMIDP,0,0
2019-10-09,21,APXMIDP ,1408.4,42.52
2019-10-09,21,N2EXMIDP,0,0
2019-10-09,22,APXMIDP ,1117.9,37.61
2019-10-09,22,N2EXMIDP,0,0
2019-10-09,23,APXMIDP ,1636.7,30.09
2019-10-09,23,N2EXMIDP,0,0
2019-10-09,24,APXMIDP ,1651.5,26.38
2019-10-09,24,N2EXMIDP,0,0
2019-10-09,25,APXMIDP ,1577.1,27.58
2019-10-09,25,N2EXMIDP,0,0
2019-10-09,26,APXMIDP ,2113,30.58
2019-10-09,26,N2EXMIDP,0,0
2019-10-09,27,APXMIDP ,1876.3,27.16
2019-10-09,27,N2EXMIDP,0,0
2019-10-09,28,APXMIDP ,1904.1,26.32
2019-10-09,28,N2EXMIDP,0,0
2019-10-09,29,APXMIDP ,1961.05,27.34
2019-10-09,29,N2EXMIDP,0,0
2019-10-09,30,APXMIDP ,1993.5,26.75
2019-10-09,30,N2EXMIDP,0,0
2019-10-09,31,APXMIDP ,2106.4,28.8
2019-10-09,31,N2EXMIDP,0,0
2019-10-09,32,APXMIDP ,1698.5,32.92
2019-10-09,32,N2EXMIDP,0,0
2019-10-09,33,APXMIDP ,1623.35,30.06
2019-10-09,33,N2EXMIDP,0,0
2019-10-09,34,APXMIDP ,1818.85,36.21
2019-10-09,34,N2EXMIDP,0,0
2019-10-09,35,APXMIDP ,2282,40.67
2019-10-09,35,N2EXMIDP,0,0
2019-10-09,36,APXMIDP ,1928.8,43.87
2019-10-09,36,N2EXMIDP,0,0
2019-10-09,37,APXMIDP ,1931.8,41.49
2019-10-09,37,N2EXMIDP,0,0
2019-10-09,38,APXMIDP ,2016.2,46.87
2019-10-09,38,N2EXMIDP,0,0
2019-10-09,39,APXMIDP ,1306,46.13
2019-10-09,39,N2EXMIDP,0,0
2019-10-09,40,APXMIDP ,1585.35,43.41
2019-10-09,40,N2EXMIDP,0,0
2019-10-09,41,APXMIDP ,1674.85,38.9
2019-10-09,41,N2EXMIDP,0,0
2019-10-09,42,APXMIDP ,1344.9,32.92
2019-10-09,42,N2EXMIDP,0,0
2019-10-09,43,APXMIDP ,1349.35,33.75
2019-10-09,43,N2EXMIDP,0,0
2019-10-09,44,APXMIDP ,1179,25.6
2019-10-09,44,N2EXMIDP,0,0
2019-10-09,45,APXMIDP ,1469.25,27.25
2019-10-09,45,N2EXMIDP,0,0
2019-10-09,46,APXMIDP ,1325.45,20.55
2019-10-09,46,N2EXMIDP,0,0
2019-10-09,47,APXMIDP ,976.05,22.75
2019-10-09,47,N2EXMIDP,0,0
2019-10-09,48,APXMIDP ,857.7,16.98
2019-10-09,48,N2EXMIDP,0,0
2019-10-10,1,APXMIDP ,735.35,21.57
2019-10-10,1,N2EXMIDP,0,0
2019-10-10,2,APXMIDP ,780,22.1
2019-10-10,2,N2EXMIDP,0,0
2019-10-10,3,APXMIDP ,671.5,25.49
2019-10-10,3,N2EXMIDP,0,0
2019-10-10,4,APXMIDP ,693.05,26.42
2019-10-10,4,N2EXMIDP,0,0
2019-10-10,5,APXMIDP ,564.55,25.59
2019-10-10,5,N2EXMIDP,0,0
2019-10-10,6,APXMIDP ,483,23.68
2019-10-10,6,N2EXMIDP,0,0
2019-10-10,7,APXMIDP ,541.15,26.84
2019-10-10,7,N2EXMIDP,0,0
2019-10-10,8,APXMIDP ,553.65,25.71
2019-10-10,8,N2EXMIDP,0,0
2019-10-10,9,APXMIDP ,584.7,25.71
2019-10-10,9,N2EXMIDP,0,0
2019-10-10,10,APXMIDP ,629.95,25.53
2019-10-10,10,N2EXMIDP,0,0
2019-10-10,11,APXMIDP ,1031.75,32.29
2019-10-10,11,N2EXMIDP,0,0
2019-10-10,12,APXMIDP ,1088.15,32.47
2019-10-10,12,N2EXMIDP,0,0
2019-10-10,13,APXMIDP ,1101.45,31.14
2019-10-10,13,N2EXMIDP,0,0
2019-10-10,14,APXMIDP ,1519.15,32.6
2019-10-10,14,N2EXMIDP,0,0
2019-10-10,15,APXMIDP ,1150.5,32.79
2019-10-10,15,N2EXMIDP,0,0
2019-10-10,16,APXMIDP ,1091.5,42.83
2019-10-10,16,N2EXMIDP,0,0
2019-10-10,17,APXMIDP ,1110.45,41.29
2019-10-10,17,N2EXMIDP,0,0
2019-10-10,18,APXMIDP ,921.5,34.15
2019-10-10,18,N2EXMIDP,0,0
2019-10-10,19,APXMIDP ,1166.75,36.91
2019-10-10,19,N2EXMIDP,0,0
2019-10-10,20,APXMIDP ,1233,33.17
2019-10-10,20,N2EXMIDP,0,0
2019-10-10,21,APXMIDP ,1684.9,31.07
2019-10-10,21,N2EXMIDP,0,0
2019-10-10,22,APXMIDP ,1286.1,28.19
2019-10-10,22,N2EXMIDP,0,0
2019-10-10,23,APXMIDP ,1445.65,21.95
2019-10-10,23,N2EXMIDP,0,0
2019-10-10,24,APXMIDP ,1255.9,22.93
2019-10-10,24,N2EXMIDP,0,0
2019-10-10,25,APXMIDP ,1506.25,21.29
2019-10-10,25,N2EXMIDP,0,0
2019-10-10,26,APXMIDP ,1437.15,24.81
2019-10-10,26,N2EXMIDP,0,0
2019-10-10,27,APXMIDP ,1548.85,29.08
2019-10-10,27,N2EXMIDP,0,0
2019-10-10,28,APXMIDP ,1540.45,30.99
2019-10-10,28,N2EXMIDP,0,0
2019-10-10,29,APXMIDP ,1611.75,30.23
2019-10-10,29,N2EXMIDP,0,0
2019-10-10,30,APXMIDP ,1735.7,31.17
2019-10-10,30,N2EXMIDP,0,0
2019-10-10,31,APXMIDP ,1577.65,35.21
2019-10-10,31,N2EXMIDP,0,0
2019-10-10,32,APXMIDP ,1523.1,41.46
2019-10-10,32,N2EXMIDP,0,0
2019-10-10,33,APXMIDP ,1198.25,38.84
2019-10-10,33,N2EXMIDP,0,0
2019-10-10,34,APXMIDP ,1194.5,41.84
2019-10-10,34,N2EXMIDP,0,0
2019-10-10,35,APXMIDP ,1253.8,35.33
2019-10-10,35,N2EXMIDP,0,0
2019-10-10,36,APXMIDP ,1684.9,40
2019-10-10,36,N2EXMIDP,0,0
2019-10-10,37,APXMIDP ,1276.7,41.17
2019-10-10,37,N2EXMIDP,0,0
2019-10-10,38,APXMIDP ,1204.05,43.32
2019-10-10,38,N2EXMIDP,0,0
2019-10-10,39,APXMIDP ,1402.45,40.11
2019-10-10,39,N2EXMIDP,0,0
2019-10-10,40,APXMIDP ,1258.15,38.33
2019-10-10,40,N2EXMIDP,0,0
2019-10-10,41,APXMIDP ,976.5,37.53
2019-10-10,41,N2EXMIDP,0,0
2019-10-10,42,APXMIDP ,1204.4,33.75
2019-10-10,42,N2EXMIDP,0,0
2019-10-10,43,APXMIDP ,1647.75,34.84
2019-10-10,43,N2EXMIDP,0,0
2019-10-10,44,APXMIDP ,1212.85,26.28
2019-10-10,44,N2EXMIDP,0,0
2019-10-10,45,APXMIDP ,1551.45,29.31
2019-10-10,45,N2EXMIDP,0,0
2019-10-10,46,APXMIDP ,1420.95,21.9
2019-10-10,46,N2EXMIDP,0,0
2019-10-10,47,APXMIDP ,708.5,31.59
2019-10-10,47,N2EXMIDP,0,0
2019-10-10,48,APXMIDP ,577.3,28.04
2019-10-10,48,N2EXMIDP,0,0
2019-10-11,1,APXMIDP ,626.5,26.88
2019-10-11,1,N2EXMIDP,0,0
2019-10-11,2,APXMIDP ,584.5,18.61
2019-10-11,2,N2EXMIDP,0,0
2019-10-11,3,APXMIDP ,467.35,5.52
2019-10-11,3,N2EXMIDP,0,0
2019-10-11,4,APXMIDP ,335.2,7.33
2019-10-11,4,N2EXMIDP,0,0
2019-10-11,5,APXMIDP ,482.85,4.74
2019-10-11,5,N2EXMIDP,0,0
2019-10-11,6,APXMIDP ,551.15,3.61
2019-10-11,6,N2EXMIDP,0,0
2019-10-11,7,APXMIDP ,391.45,9.48
2019-10-11,7,N2EXMIDP,0,0
2019-10-11,8,APXMIDP ,438.2,9.29
2019-10-11,8,N2EXMIDP,0,0
2019-10-11,9,APXMIDP ,456.75,13.72
2019-10-11,9,N2EXMIDP,0,0
2019-10-11,10,APXMIDP ,509.5,14.56
2019-10-11,10,N2EXMIDP,0,0
2019-10-11,11,APXMIDP ,619.25,13.93
2019-10-11,11,N2EXMIDP,0,0
2019-10-11,12,APXMIDP ,499.5,21.72
2019-10-11,12,N2EXMIDP,0,0
2019-10-11,13,APXMIDP ,867.4,28.37
2019-10-11,13,N2EXMIDP,0,0
2019-10-11,14,APXMIDP ,750.95,36.23
2019-10-11,14,N2EXMIDP,0,0
2019-10-11,15,APXMIDP ,1316.45,32.96
2019-10-11,15,N2EXMIDP,0,0
2019-10-11,16,APXMIDP ,1240.3,30.46
2019-10-11,16,N2EXMIDP,0,0
2019-10-11,17,APXMIDP ,1080.2,31.69
2019-10-11,17,N2EXMIDP,0,0
2019-10-11,18,APXMIDP ,1254.05,31.96
2019-10-11,18,N2EXMIDP,0,0
2019-10-11,19,APXMIDP ,1390.55,37.79
2019-10-11,19,N2EXMIDP,0,0
2019-10-11,20,APXMIDP ,1418.5,38.5
2019-10-11,20,N2EXMIDP,0,0
2019-10-11,21,APXMIDP ,1469.8,38.4
2019-10-11,21,N2EXMIDP,0,0
2019-10-11,22,APXMIDP ,1526.1,32.93
2019-10-11,22,N2EXMIDP,0,0
2019-10-11,23,APXMIDP ,1137.85,29.07
2019-10-11,23,N2EXMIDP,0,0
2019-10-11,24,APXMIDP ,1273.1,28.99
2019-10-11,24,N2EXMIDP,0,0
2019-10-11,25,APXMIDP ,1317.05,26.85
2019-10-11,25,N2EXMIDP,0,0
2019-10-11,26,APXMIDP ,1424.85,25.04
2019-10-11,26,N2EXMIDP,0,0
2019-10-11,27,APXMIDP ,1436.45,21.43
2019-10-11,27,N2EXMIDP,0,0
2019-10-11,28,APXMIDP ,1506.8,19.71
2019-10-11,28,N2EXMIDP,0,0
2019-10-11,29,APXMIDP ,1644.35,20.42
2019-10-11,29,N2EXMIDP,0,0
2019-10-11,30,APXMIDP ,1413.8,21.2
2019-10-11,30,N2EXMIDP,0,0
2019-10-11,31,APXMIDP ,837.8,20.28
2019-10-11,31,N2EXMIDP,0,0
2019-10-11,32,APXMIDP ,1156,20.41
2019-10-11,32,N2EXMIDP,0,0
2019-10-11,33,APXMIDP ,1215.7,12.69
2019-10-11,33,N2EXMIDP,0,0
2019-10-11,34,APXMIDP ,1163.75,14.13
2019-10-11,34,N2EXMIDP,0,0
2019-10-11,35,APXMIDP ,1548.1,22.82
2019-10-11,35,N2EXMIDP,0,0
2019-10-11,36,APXMIDP ,1259.4,36.23
2019-10-11,36,N2EXMIDP,0,0
2019-10-11,37,APXMIDP ,1562.05,40.64
2019-10-11,37,N2EXMIDP,0,0
2019-10-11,38,APXMIDP ,1368.25,43.88
2019-10-11,38,N2EXMIDP,0,0
2019-10-11,39,APXMIDP ,1014.35,51.88
2019-10-11,39,N2EXMIDP,0,0
2019-10-11,40,APXMIDP ,924.45,47.43
2019-10-11,40,N2EXMIDP,0,0
2019-10-11,41,APXMIDP ,1158.45,46.11
2019-10-11,41,N2EXMIDP,0,0
2019-10-11,42,APXMIDP ,825.85,40.77
2019-10-11,42,N2EXMIDP,0,0
2019-10-11,43,APXMIDP ,700.35,41.34
2019-10-11,43,N2EXMIDP,0,0
2019-10-11,44,APXMIDP ,878.85,42.4
2019-10-11,44,N2EXMIDP,0,0
2019-10-11,45,APXMIDP ,679.45,36.97
2019-10-11,45,N2EXMIDP,0,0
2019-10-11,46,APXMIDP ,1117.4,33.85
2019-10-11,46,N2EXMIDP,0,0
2019-10-11,47,APXMIDP ,866.6,30.19
2019-10-11,47,N2EXMIDP,0,0
2019-10-11,48,APXMIDP ,1048,27.96
2019-10-11,48,N2EXMIDP,0,0
2019-10-12,1,APXMIDP ,1147.25,19.01
2019-10-12,1,N2EXMIDP,0,0
2019-10-12,2,APXMIDP ,1120.25,21.17
2019-10-12,2,N2EXMIDP,0,0
2019-10-12,3,APXMIDP ,1046.45,27.66
2019-10-12,3,N2EXMIDP,0,0
2019-10-12,4,APXMIDP ,988.4,34.1
2019-10-12,4,N2EXMIDP,0,0
2019-10-12,5,APXMIDP ,960.6,36.25
2019-10-12,5,N2EXMIDP,0,0
2019-10-12,6,APXMIDP ,990.7,37.29
2019-10-12,6,N2EXMIDP,0,0
2019-10-12,7,APXMIDP ,1018.85,42.99
2019-10-12,7,N2EXMIDP,0,0
2019-10-12,8,APXMIDP ,934.3,42.65
2019-10-12,8,N2EXMIDP,0,0
2019-10-12,9,APXMIDP ,963.8,43.24
2019-10-12,9,N2EXMIDP,0,0
2019-10-12,10,APXMIDP ,1116.5,42.56
2019-10-12,10,N2EXMIDP,0,0
2019-10-12,11,APXMIDP ,788.7,33.25
2019-10-12,11,N2EXMIDP,0,0
2019-10-12,12,APXMIDP ,810.1,32.31
2019-10-12,12,N2EXMIDP,0,0
2019-10-12,13,APXMIDP ,1175.65,34.48
2019-10-12,13,N2EXMIDP,0,0
2019-10-12,14,APXMIDP ,961.65,27.83
2019-10-12,14,N2EXMIDP,0,0
2019-10-12,15,APXMIDP ,1123,22.43
2019-10-12,15,N2EXMIDP,0,0
2019-10-12,16,APXMIDP ,918.35,24.29
2019-10-12,16,N2EXMIDP,0,0
2019-10-12,17,APXMIDP ,1092.5,24.43
2019-10-12,17,N2EXMIDP,0,0
2019-10-12,18,APXMIDP ,1087.65,29.71
2019-10-12,18,N2EXMIDP,0,0
2019-10-12,19,APXMIDP ,1262.35,34.4
2019-10-12,19,N2EXMIDP,0,0
2019-10-12,20,APXMIDP ,1590.7,39.27
2019-10-12,20,N2EXMIDP,0,0
2019-10-12,21,APXMIDP ,1512.7,39.51
2019-10-12,21,N2EXMIDP,0,0
2019-10-12,22,APXMIDP ,1682.9,38.05
2019-10-12,22,N2EXMIDP,0,0
2019-10-12,23,APXMIDP ,1228.85,36.5
2019-10-12,23,N2EXMIDP,0,0
2019-10-12,24,APXMIDP ,1446.6,35.17
2019-10-12,24,N2EXMIDP,0,0
2019-10-12,25,APXMIDP ,1538.85,32.52
2019-10-12,25,N2EXMIDP,0,0
2019-10-12,26,APXMIDP ,1327.9,31.32
2019-10-12,26,N2EXMIDP,0,0
2019-10-12,27,APXMIDP ,1459.4,26.99
2019-10-12,27,N2EXMIDP,0,0
2019-10-12,28,APXMIDP ,1524.5,25.87
2019-10-12,28,N2EXMIDP,0,0
2019-10-12,29,APXMIDP ,1617.5,26.28
2019-10-12,29,N2EXMIDP,0,0
2019-10-12,30,APXMIDP ,1710.05,28.07
2019-10-12,30,N2EXMIDP,0,0
2019-10-12,31,APXMIDP ,1452.5,36.39
2019-10-12,31,N2EXMIDP,0,0
2019-10-12,32,APXMIDP ,1454.95,35.34
2019-10-12,32,N2EXMIDP,0,0
2019-10-12,33,APXMIDP ,1883.05,33.45
2019-10-12,33,N2EXMIDP,0,0
2019-10-12,34,APXMIDP ,1586.6,38.27
2019-10-12,34,N2EXMIDP,0,0
2019-10-12,35,APXMIDP ,1198.65,41.69
2019-10-12,35,N2EXMIDP,0,0
2019-10-12,36,APXMIDP ,1142.5,45.14
2019-10-12,36,N2EXMIDP,0,0
2019-10-12,37,APXMIDP ,1092.5,47.63
2019-10-12,37,N2EXMIDP,0,0
2019-10-12,38,APXMIDP ,1139.45,54.16
2019-10-12,38,N2EXMIDP,0,0
2019-10-12,39,APXMIDP ,944.15,58.53
2019-10-12,39,N2EXMIDP,0,0
2019-10-12,40,APXMIDP ,922,44.47
2019-10-12,40,N2EXMIDP,0,0
2019-10-12,41,APXMIDP ,667.5,41.07
2019-10-12,41,N2EXMIDP,0,0
2019-10-12,42,APXMIDP ,890.25,32.82
2019-10-12,42,N2EXMIDP,0,0
2019-10-12,43,APXMIDP ,938.55,30.72
2019-10-12,43,N2EXMIDP,0,0
2019-10-12,44,APXMIDP ,1120.15,31.07
2019-10-12,44,N2EXMIDP,0,0
2019-10-12,45,APXMIDP ,1005.85,34.22
2019-10-12,45,N2EXMIDP,0,0
2019-10-12,46,APXMIDP ,1207.95,26.51
2019-10-12,46,N2EXMIDP,0,0
2019-10-12,47,APXMIDP ,542.85,44.73
2019-10-12,47,N2EXMIDP,0,0
2019-10-12,48,APXMIDP ,520.85,46.55
2019-10-12,48,N2EXMIDP,0,0
2019-10-13,1,APXMIDP ,646.1,43.67
2019-10-13,1,N2EXMIDP,0,0
2019-10-13,2,APXMIDP ,522.95,41.53
2019-10-13,2,N2EXMIDP,0,0
2019-10-13,3,APXMIDP ,692.35,37.11
2019-10-13,3,N2EXMIDP,0,0
2019-10-13,4,APXMIDP ,611.95,37.43
2019-10-13,4,N2EXMIDP,0,0
2019-10-13,5,APXMIDP ,742.05,34.82
2019-10-13,5,N2EXMIDP,0,0
2019-10-13,6,APXMIDP ,647.1,35.37
2019-10-13,6,N2EXMIDP,0,0
2019-10-13,7,APXMIDP ,902.75,36.62
2019-10-13,7,N2EXMIDP,0,0
2019-10-13,8,APXMIDP ,891.65,34.42
2019-10-13,8,N2EXMIDP,0,0
2019-10-13,9,APXMIDP ,1011.4,35.46
2019-10-13,9,N2EXMIDP,0,0
2019-10-13,10,APXMIDP ,1068.1,36.37
2019-10-13,10,N2EXMIDP,0,0
2019-10-13,11,APXMIDP ,958.7,36.51
2019-10-13,11,N2EXMIDP,0,0
2019-10-13,12,APXMIDP ,939.05,36.32
2019-10-13,12,N2EXMIDP,0,0
2019-10-13,13,APXMIDP ,1012,36.48
2019-10-13,13,N2EXMIDP,0,0
2019-10-13,14,APXMIDP ,1171.6,34.9
2019-10-13,14,N2EXMIDP,0,0
2019-10-13,15,APXMIDP ,921.75,31.16
2019-10-13,15,N2EXMIDP,0,0
2019-10-13,16,APXMIDP ,1460.6,35.74
2019-10-13,16,N2EXMIDP,0,0
2019-10-13,17,APXMIDP ,1472.45,33.04
2019-10-13,17,N2EXMIDP,0,0
2019-10-13,18,APXMIDP ,1487.45,33.82
2019-10-13,18,N2EXMIDP,0,0
2019-10-13,19,APXMIDP ,1058.8,32.84
2019-10-13,19,N2EXMIDP,0,0
2019-10-13,20,APXMIDP ,1322.9,32.58
2019-10-13,20,N2EXMIDP,0,0
2019-10-13,21,APXMIDP ,1339.1,34.81
2019-10-13,21,N2EXMIDP,0,0
2019-10-13,22,APXMIDP ,1543.4,38.1
2019-10-13,22,N2EXMIDP,0,0
2019-10-13,23,APXMIDP ,1215.15,40.31
2019-10-13,23,N2EXMIDP,0,0
2019-10-13,24,APXMIDP ,1138.2,38.93
2019-10-13,24,N2EXMIDP,0,0
2019-10-13,25,APXMIDP ,1243.65,40.51
2019-10-13,25,N2EXMIDP,0,0
2019-10-13,26,APXMIDP ,1261.45,38.47
2019-10-13,26,N2EXMIDP,0,0
2019-10-13,27,APXMIDP ,1541.7,34.73
2019-10-13,27,N2EXMIDP,0,0
2019-10-13,28,APXMIDP ,1480.35,33.62
2019-10-13,28,N2EXMIDP,0,0
2019-10-13,29,APXMIDP ,1567.15,32.31
2019-10-13,29,N2EXMIDP,0,0
2019-10-13,30,APXMIDP ,1649.15,32.06
2019-10-13,30,N2EXMIDP,0,0
2019-10-13,31,APXMIDP ,2141.7,35.37
2019-10-13,31,N2EXMIDP,0,0
2019-10-13,32,APXMIDP ,1845.65,32.55
2019-10-13,32,N2EXMIDP,0,0
2019-10-13,33,APXMIDP ,1878.95,31.29
2019-10-13,33,N2EXMIDP,0,0
2019-10-13,34,APXMIDP ,1922.85,31.17
2019-10-13,34,N2EXMIDP,0,0
2019-10-13,35,APXMIDP ,1879.65,34.48
2019-10-13,35,N2EXMIDP,0,0
2019-10-13,36,APXMIDP ,1940.7,33.79
2019-10-13,36,N2EXMIDP,0,0
2019-10-13,37,APXMIDP ,2204.25,36.11
2019-10-13,37,N2EXMIDP,0,0
2019-10-13,38,APXMIDP ,2235.8,38.57
2019-10-13,38,N2EXMIDP,0,0
2019-10-13,39,APXMIDP ,2377.05,36.29
2019-10-13,39,N2EXMIDP,0,0
2019-10-13,40,APXMIDP ,2121.4,35.01
2019-10-13,40,N2EXMIDP,0,0
2019-10-13,41,APXMIDP ,2030.75,34.21
2019-10-13,41,N2EXMIDP,0,0
2019-10-13,42,APXMIDP ,2044,36.52
2019-10-13,42,N2EXMIDP,0,0
2019-10-13,43,APXMIDP ,1675.45,34.82
2019-10-13,43,N2EXMIDP,0,0
2019-10-13,44,APXMIDP ,1614.65,34.57
2019-10-13,44,N2EXMIDP,0,0
2019-10-13,45,APXMIDP ,1869.15,38.08
2019-10-13,45,N2EXMIDP,0,0
2019-10-13,46,APXMIDP ,1770.1,34.24
2019-10-13,46,N2EXMIDP,0,0
2019-10-13,47,APXMIDP ,784.05,21.46
2019-10-13,47,N2EXMIDP,0,0
2019-10-13,48,APXMIDP ,862.1,27.94
2019-10-13,48,N2EXMIDP,0,0
2019-10-14,1,APXMIDP ,807.05,27.27
2019-10-14,1,N2EXMIDP,0,0
2019-10-14,2,APXMIDP ,953.85,26.92
2019-10-14,2,N2EXMIDP,0,0
2019-10-14,3,APXMIDP ,995.9,30.12
2019-10-14,3,N2EXMIDP,0,0
2019-10-14,4,APXMIDP ,620.5,35.92
2019-10-14,4,N2EXMIDP,0,0
2019-10-14,5,APXMIDP ,474.25,37.21
2019-10-14,5,N2EXMIDP,0,0
2019-10-14,6,APXMIDP ,569.25,38.88
2019-10-14,6,N2EXMIDP,0,0
2019-10-14,7,APXMIDP ,566,38.32
2019-10-14,7,N2EXMIDP,0,0
2019-10-14,8,APXMIDP ,493.3,34.54
2019-10-14,8,N2EXMIDP,0,0
2019-10-14,9,APXMIDP ,522.7,36.29
2019-10-14,9,N2EXMIDP,0,0
2019-10-14,10,APXMIDP ,475.15,36.72
2019-10-14,10,N2EXMIDP,0,0
2019-10-14,11,APXMIDP ,714.7,41.97
2019-10-14,11,N2EXMIDP,0,0
2019-10-14,12,APXMIDP ,711.45,39.81
2019-10-14,12,N2EXMIDP,0,0
2019-10-14,13,APXMIDP ,652.35,37.49
2019-10-14,13,N2EXMIDP,0,0
2019-10-14,14,APXMIDP ,686.85,39.43
2019-10-14,14,N2EXMIDP,0,0
2019-10-14,15,APXMIDP ,514.35,41.83
2019-10-14,15,N2EXMIDP,0,0
2019-10-14,16,APXMIDP ,510.95,52.45
2019-10-14,16,N2EXMIDP,0,0
2019-10-14,17,APXMIDP ,902.95,56.77
2019-10-14,17,N2EXMIDP,0,0
2019-10-14,18,APXMIDP ,961.25,45.88
2019-10-14,18,N2EXMIDP,0,0
2019-10-14,19,APXMIDP ,1351.8,49.28
2019-10-14,19,N2EXMIDP,0,0
2019-10-14,20,APXMIDP ,1276.95,47.94
2019-10-14,20,N2EXMIDP,0,0
2019-10-14,21,APXMIDP ,1474.6,47.53
2019-10-14,21,N2EXMIDP,0,0
2019-10-14,22,APXMIDP ,1517.3,47.25
2019-10-14,22,N2EXMIDP,0,0
2019-10-14,23,APXMIDP ,1301.2,43.4
2019-10-14,23,N2EXMIDP,0,0
2019-10-14,24,APXMIDP ,1243,38.45
2019-10-14,24,N2EXMIDP,0,0
2019-10-14,25,APXMIDP ,1208.05,38.11
2019-10-14,25,N2EXMIDP,0,0
2019-10-14,26,APXMIDP ,1563.05,40.7
2019-10-14,26,N2EXMIDP,0,0
2019-10-14,27,APXMIDP ,1813.75,44.52
2019-10-14,27,N2EXMIDP,0,0
2019-10-14,28,APXMIDP ,1895.95,43.87
2019-10-14,28,N2EXMIDP,0,0
2019-10-14,29,APXMIDP ,1871.5,44.69
2019-10-14,29,N2EXMIDP,0,0
2019-10-14,30,APXMIDP ,1894.75,43.1
2019-10-14,30,N2EXMIDP,0,0
2019-10-14,31,APXMIDP ,1313.5,50.43
2019-10-14,31,N2EXMIDP,0,0
2019-10-14,32,APXMIDP ,1267.6,53.13
2019-10-14,32,N2EXMIDP,0,0
2019-10-14,33,APXMIDP ,1433.85,54.51
2019-10-14,33,N2EXMIDP,0,0
2019-10-14,34,APXMIDP ,1730.7,58.44
2019-10-14,34,N2EXMIDP,0,0
2019-10-14,35,APXMIDP ,1645.4,56.39
2019-10-14,35,N2EXMIDP,0,0
2019-10-14,36,APXMIDP ,1688.35,58.47
2019-10-14,36,N2EXMIDP,0,0
2019-10-14,37,APXMIDP ,1568,59.23
2019-10-14,37,N2EXMIDP,0,0
2019-10-14,38,APXMIDP ,1839,59.04
2019-10-14,38,N2EXMIDP,0,0
2019-10-14,39,APXMIDP ,1386.7,52.35
2019-10-14,39,N2EXMIDP,0,0
2019-10-14,40,APXMIDP ,981.4,43.84
2019-10-14,40,N2EXMIDP,0,0
2019-10-14,41,APXMIDP ,1242.85,41.53
2019-10-14,41,N2EXMIDP,0,0
2019-10-14,42,APXMIDP ,1231.35,39.8
2019-10-14,42,N2EXMIDP,0,0
2019-10-14,43,APXMIDP ,1322.7,41.36
2019-10-14,43,N2EXMIDP,0,0
2019-10-14,44,APXMIDP ,1291.55,39.97
2019-10-14,44,N2EXMIDP,0,0
2019-10-14,45,APXMIDP ,1526.6,39.4
2019-10-14,45,N2EXMIDP,0,0
2019-10-14,46,APXMIDP ,1610.5,33.9
2019-10-14,46,N2EXMIDP,0,0
2019-10-14,47,APXMIDP ,538.35,18.92
2019-10-14,47,N2EXMIDP,0,0
2019-10-14,48,APXMIDP ,726.8,19.51
2019-10-14,48,N2EXMIDP,0,0
2019-10-15,1,APXMIDP ,465.75,19.89
2019-10-15,1,N2EXMIDP,0,0
2019-10-15,2,APXMIDP ,856.45,24.73
2019-10-15,2,N2EXMIDP,0,0
2019-10-15,3,APXMIDP ,623.45,25.75
2019-10-15,3,N2EXMIDP,0,0
2019-10-15,4,APXMIDP ,607.85,26.21
2019-10-15,4,N2EXMIDP,0,0
2019-10-15,5,APXMIDP ,962,24.36
2019-10-15,5,N2EXMIDP,0,0
2019-10-15,6,APXMIDP ,643.9,25.17
2019-10-15,6,N2EXMIDP,0,0
2019-10-15,7,APXMIDP ,579.05,22.35
2019-10-15,7,N2EXMIDP,0,0
2019-10-15,8,APXMIDP ,527.5,21.74
2019-10-15,8,N2EXMIDP,0,0
2019-10-15,9,APXMIDP ,564,22.8
2019-10-15,9,N2EXMIDP,0,0
2019-10-15,10,APXMIDP ,643.6,17.92
2019-10-15,10,N2EXMIDP,0,0
2019-10-15,11,APXMIDP ,511.5,24.46
2019-10-15,11,N2EXMIDP,0,0
2019-10-15,12,APXMIDP ,776.65,30.26
2019-10-15,12,N2EXMIDP,0,0
2019-10-15,13,APXMIDP ,887.95,37.63
2019-10-15,13,N2EXMIDP,0,0
2019-10-15,14,APXMIDP ,1187.45,29.33
2019-10-15,14,N2EXMIDP,0,0
2019-10-15,15,APXMIDP ,1208.5,38.59
2019-10-15,15,N2EXMIDP,0,0
2019-10-15,16,APXMIDP ,975.35,47.91
2019-10-15,16,N2EXMIDP,0,0
2019-10-15,17,APXMIDP ,853.75,49.35
2019-10-15,17,N2EXMIDP,0,0
2019-10-15,18,APXMIDP ,1090.75,50.13
2019-10-15,18,N2EXMIDP,0,0
2019-10-15,19,APXMIDP ,1002.4,46.63
2019-10-15,19,N2EXMIDP,0,0
2019-10-15,20,APXMIDP ,1097.8,43.45
2019-10-15,20,N2EXMIDP,0,0
2019-10-15,21,APXMIDP ,1036.15,52.43
2019-10-15,21,N2EXMIDP,0,0
2019-10-15,22,APXMIDP ,1278.65,55.42
2019-10-15,22,N2EXMIDP,0,0
2019-10-15,23,APXMIDP ,1414.75,57
2019-10-15,23,N2EXMIDP,0,0
2019-10-15,24,APXMIDP ,1338.3,54.47
2019-10-15,24,N2EXMIDP,0,0
2019-10-15,25,APXMIDP ,1536.1,53.94
2019-10-15,25,N2EXMIDP,0,0
2019-10-15,26,APXMIDP ,1457.4,51.77
2019-10-15,26,N2EXMIDP,0,0
2019-10-15,27,APXMIDP ,1862.75,45
2019-10-15,27,N2EXMIDP,0,0
2019-10-15,28,APXMIDP ,1858.85,44.45
2019-10-15,28,N2EXMIDP,0,0
2019-10-15,29,APXMIDP ,2058.95,46.17
2019-10-15,29,N2EXMIDP,0,0
2019-10-15,30,APXMIDP ,2100.35,45.5
2019-10-15,30,N2EXMIDP,0,0
2019-10-15,31,APXMIDP ,1657.95,57.24
2019-10-15,31,N2EXMIDP,0,0
2019-10-15,32,APXMIDP ,1650.85,57.01
2019-10-15,32,N2EXMIDP,0,0
2019-10-15,33,APXMIDP ,1683.65,55.09
2019-10-15,33,N2EXMIDP,0,0
2019-10-15,34,APXMIDP ,1666.2,60.25
2019-10-15,34,N2EXMIDP,0,0
2019-10-15,35,APXMIDP ,1906.95,65.5
2019-10-15,35,N2EXMIDP,0,0
2019-10-15,36,APXMIDP ,1718.9,70.34
2019-10-15,36,N2EXMIDP,0,0
2019-10-15,37,APXMIDP ,1548.2,69.72
2019-10-15,37,N2EXMIDP,0,0
2019-10-15,38,APXMIDP ,1570.8,72.9
2019-10-15,38,N2EXMIDP,0,0
2019-10-15,39,APXMIDP ,1783.7,57.18
2019-10-15,39,N2EXMIDP,0,0
2019-10-15,40,APXMIDP ,1737,51.35
2019-10-15,40,N2EXMIDP,0,0
2019-10-15,41,APXMIDP ,1560.1,52.4
2019-10-15,41,N2EXMIDP,0,0
2019-10-15,42,APXMIDP ,1469.8,45.31
2019-10-15,42,N2EXMIDP,0,0
2019-10-15,43,APXMIDP ,969.3,33.33
2019-10-15,43,N2EXMIDP,0,0
2019-10-15,44,APXMIDP ,866.5,37.24
2019-10-15,44,N2EXMIDP,0,0
2019-10-15,45,APXMIDP ,937.5,41.2
2019-10-15,45,N2EXMIDP,0,0
2019-10-15,46,APXMIDP ,1131,37.7
2019-10-15,46,N2EXMIDP,0,0
2019-10-15,47,APXMIDP ,838.7,38.68
2019-10-15,47,N2EXMIDP,0,0
2019-10-15,48,APXMIDP ,472.5,47.11
2019-10-15,48,N2EXMIDP,0,0
2019-10-16,1,APXMIDP ,450.55,39.81
2019-10-16,1,N2EXMIDP,0,0
2019-10-16,2,APXMIDP ,446.55,40.65
2019-10-16,2,N2EXMIDP,0,0
2019-10-16,3,APXMIDP ,616.5,38.71
2019-10-16,3,N2EXMIDP,0,0
2019-10-16,4,APXMIDP ,737.8,39.48
2019-10-16,4,N2EXMIDP,0,0
2019-10-16,5,APXMIDP ,666.25,40.77
2019-10-16,5,N2EXMIDP,0,0
2019-10-16,6,APXMIDP ,655.2,40.03
2019-10-16,6,N2EXMIDP,0,0
2019-10-16,7,APXMIDP ,696.65,37.05
2019-10-16,7,N2EXMIDP,0,0
2019-10-16,8,APXMIDP ,747.1,29.57
2019-10-16,8,N2EXMIDP,0,0
2019-10-16,9,APXMIDP ,796.05,32.47
2019-10-16,9,N2EXMIDP,0,0
2019-10-16,10,APXMIDP ,798.4,32.77
2019-10-16,10,N2EXMIDP,0,0
2019-10-16,11,APXMIDP ,791.6,38.13
2019-10-16,11,N2EXMIDP,0,0
2019-10-16,12,APXMIDP ,923.7,36.45
2019-10-16,12,N2EXMIDP,0,0
2019-10-16,13,APXMIDP ,1201.75,37.65
2019-10-16,13,N2EXMIDP,0,0
2019-10-16,14,APXMIDP ,1269.2,31.51
2019-10-16,14,N2EXMIDP,0,0
2019-10-16,15,APXMIDP ,1111.9,44.46
2019-10-16,15,N2EXMIDP,0,0
2019-10-16,16,APXMIDP ,879.45,54.21
2019-10-16,16,N2EXMIDP,0,0
2019-10-16,17,APXMIDP ,965.8,50.69
2019-10-16,17,N2EXMIDP,0,0
2019-10-16,18,APXMIDP ,1565.15,50.97
2019-10-16,18,N2EXMIDP,0,0
2019-10-16,19,APXMIDP ,1418.4,51.53
2019-10-16,19,N2EXMIDP,0,0
2019-10-16,20,APXMIDP ,1507.3,51.52
2019-10-16,20,N2EXMIDP,0,0
2019-10-16,21,APXMIDP ,1465.45,51.09
2019-10-16,21,N2EXMIDP,0,0
2019-10-16,22,APXMIDP ,1430.55,50.36
2019-10-16,22,N2EXMIDP,0,0
2019-10-16,23,APXMIDP ,1466.1,45.76
2019-10-16,23,N2EXMIDP,0,0
2019-10-16,24,APXMIDP ,1603.95,46.36
2019-10-16,24,N2EXMIDP,0,0
2019-10-16,25,APXMIDP ,1741.85,45.39
2019-10-16,25,N2EXMIDP,0,0
2019-10-16,26,APXMIDP ,1799.25,44.93
2019-10-16,26,N2EXMIDP,0,0
2019-10-16,27,APXMIDP ,1725.5,42.82
2019-10-16,27,N2EXMIDP,0,0
2019-10-16,28,APXMIDP ,1809.95,43.29
2019-10-16,28,N2EXMIDP,0,0
2019-10-16,29,APXMIDP ,1861.65,45.29
2019-10-16,29,N2EXMIDP,0,0
2019-10-16,30,APXMIDP ,1888.05,44.48
2019-10-16,30,N2EXMIDP,0,0
2019-10-16,31,APXMIDP ,2174.4,51.57
2019-10-16,31,N2EXMIDP,0,0
2019-10-16,32,APXMIDP ,1975.75,53.63
2019-10-16,32,N2EXMIDP,0,0
2019-10-16,33,APXMIDP ,1799.05,55.63
2019-10-16,33,N2EXMIDP,0,0
2019-10-16,34,APXMIDP ,1744.5,57.17
2019-10-16,34,N2EXMIDP,0,0
2019-10-16,35,APXMIDP ,2512.05,56.06
2019-10-16,35,N2EXMIDP,0,0
2019-10-16,36,APXMIDP ,2157.2,63.34
2019-10-16,36,N2EXMIDP,0,0
2019-10-16,37,APXMIDP ,1755.1,65.67
2019-10-16,37,N2EXMIDP,0,0
2019-10-16,38,APXMIDP ,1872.6,67.65
2019-10-16,38,N2EXMIDP,0,0
2019-10-16,39,APXMIDP ,1485.95,60.86
2019-10-16,39,N2EXMIDP,0,0
2019-10-16,40,APXMIDP ,1317.2,54.63
2019-10-16,40,N2EXMIDP,0,0
2019-10-16,41,APXMIDP ,1413.85,49.2
2019-10-16,41,N2EXMIDP,0,0
2019-10-16,42,APXMIDP ,1305.15,44.38
2019-10-16,42,N2EXMIDP,0,0
2019-10-16,43,APXMIDP ,1519.75,43.73
2019-10-16,43,N2EXMIDP,0,0
2019-10-16,44,APXMIDP ,1341.5,43.22
2019-10-16,44,N2EXMIDP,0,0
2019-10-16,45,APXMIDP ,1488.65,40.87
2019-10-16,45,N2EXMIDP,0,0
2019-10-16,46,APXMIDP ,1684.85,40.42
2019-10-16,46,N2EXMIDP,0,0
2019-10-16,47,APXMIDP ,774,33.03
2019-10-16,47,N2EXMIDP,0,0
2019-10-16,48,APXMIDP ,478.5,41.54
2019-10-16,48,N2EXMIDP,0,0
2019-10-17,1,APXMIDP ,339.05,47.79
2019-10-17,1,N2EXMIDP,0,0
2019-10-17,2,APXMIDP ,390.4,46.03
2019-10-17,2,N2EXMIDP,0,0
2019-10-17,3,APXMIDP ,303,43.55
2019-10-17,3,N2EXMIDP,0,0
2019-10-17,4,APXMIDP ,417,46
2019-10-17,4,N2EXMIDP,0,0
2019-10-17,5,APXMIDP ,322,44.95
2019-10-17,5,N2EXMIDP,0,0
2019-10-17,6,APXMIDP ,330,44.18
2019-10-17,6,N2EXMIDP,0,0
2019-10-17,7,APXMIDP ,417.4,44.26
2019-10-17,7,N2EXMIDP,0,0
2019-10-17,8,APXMIDP ,493.4,43.28
2019-10-17,8,N2EXMIDP,0,0
2019-10-17,9,APXMIDP ,492.4,41.62
2019-10-17,9,N2EXMIDP,0,0
2019-10-17,10,APXMIDP ,588.4,33.37
2019-10-17,10,N2EXMIDP,0,0
2019-10-17,11,APXMIDP ,643.9,44.76
2019-10-17,11,N2EXMIDP,0,0
2019-10-17,12,APXMIDP ,619.3,37.66
2019-10-17,12,N2EXMIDP,0,0
2019-10-17,13,APXMIDP ,1193,50.36
2019-10-17,13,N2EXMIDP,0,0
2019-10-17,14,APXMIDP ,935.2,44.47
2019-10-17,14,N2EXMIDP,0,0
2019-10-17,15,APXMIDP ,582.3,48.51
2019-10-17,15,N2EXMIDP,0,0
2019-10-17,16,APXMIDP ,1086.55,56.15
2019-10-17,16,N2EXMIDP,0,0
2019-10-17,17,APXMIDP ,1374.6,49.86
2019-10-17,17,N2EXMIDP,0,0
2019-10-17,18,APXMIDP ,1159.6,48.12
2019-10-17,18,N2EXMIDP,0,0
2019-10-17,19,APXMIDP ,784.2,48.44
2019-10-17,19,N2EXMIDP,0,0
2019-10-17,20,APXMIDP ,902.5,37.44
2019-10-17,20,N2EXMIDP,0,0
2019-10-17,21,APXMIDP ,948.75,42.12
2019-10-17,21,N2EXMIDP,0,0
2019-10-17,22,APXMIDP ,1033.55,37.68
2019-10-17,22,N2EXMIDP,0,0
2019-10-17,23,APXMIDP ,1081.55,38.87
2019-10-17,23,N2EXMIDP,0,0
2019-10-17,24,APXMIDP ,1175.95,40.69
2019-10-17,24,N2EXMIDP,0,0
2019-10-17,25,APXMIDP ,1128.3,40.2
2019-10-17,25,N2EXMIDP,0,0
2019-10-17,26,APXMIDP ,1123.4,40.13
2019-10-17,26,N2EXMIDP,0,0
2019-10-17,27,APXMIDP ,1200.55,39.53
2019-10-17,27,N2EXMIDP,0,0
2019-10-17,28,APXMIDP ,1548.65,41.64
2019-10-17,28,N2EXMIDP,0,0
2019-10-17,29,APXMIDP ,1577.25,41.7
2019-10-17,29,N2EXMIDP,0,0
2019-10-17,30,APXMIDP ,1570.65,40.6
2019-10-17,30,N2EXMIDP,0,0
2019-10-17,31,APXMIDP ,1568.2,44.3
2019-10-17,31,N2EXMIDP,0,0
2019-10-17,32,APXMIDP ,1708.75,44.98
2019-10-17,32,N2EXMIDP,0,0
2019-10-17,33,APXMIDP ,1552,41.64
2019-10-17,33,N2EXMIDP,0,0
2019-10-17,34,APXMIDP ,1548.05,44.73
2019-10-17,34,N2EXMIDP,0,0
2019-10-17,35,APXMIDP ,1565.85,54.06
2019-10-17,35,N2EXMIDP,0,0
2019-10-17,36,APXMIDP ,1249.85,56.98
2019-10-17,36,N2EXMIDP,0,0
2019-10-17,37,APXMIDP ,1235.95,57.42
2019-10-17,37,N2EXMIDP,0,0
2019-10-17,38,APXMIDP ,1591.8,59.68
2019-10-17,38,N2EXMIDP,0,0
2019-10-17,39,APXMIDP ,1542.6,40.16
2019-10-17,39,N2EXMIDP,0,0
2019-10-17,40,APXMIDP ,1278.15,40.23
2019-10-17,40,N2EXMIDP,0,0
2019-10-17,41,APXMIDP ,1271.9,42.09
2019-10-17,41,N2EXMIDP,0,0
2019-10-17,42,APXMIDP ,1472.6,41.06
2019-10-17,42,N2EXMIDP,0,0
2019-10-17,43,APXMIDP ,1664.4,38.91
2019-10-17,43,N2EXMIDP,0,0
2019-10-17,44,APXMIDP ,1243.75,37.72
2019-10-17,44,N2EXMIDP,0,0
2019-10-17,45,APXMIDP ,1462.4,38.37
2019-10-17,45,N2EXMIDP,0,0
2019-10-17,46,APXMIDP ,1774.25,36.04
2019-10-17,46,N2EXMIDP,0,0
2019-10-17,47,APXMIDP ,1003,24.41
2019-10-17,47,N2EXMIDP,0,0
2019-10-17,48,APXMIDP ,854.4,33.68
2019-10-17,48,N2EXMIDP,0,0
2019-10-18,1,APXMIDP ,772.6,37.37
2019-10-18,1,N2EXMIDP,0,0
2019-10-18,2,APXMIDP ,603.2,37.72
2019-10-18,2,N2EXMIDP,0,0
2019-10-18,3,APXMIDP ,630.85,38.76
2019-10-18,3,N2EXMIDP,0,0
2019-10-18,4,APXMIDP ,615.8,38.79
2019-10-18,4,N2EXMIDP,0,0
2019-10-18,5,APXMIDP ,508.4,36.09
2019-10-18,5,N2EXMIDP,0,0
2019-10-18,6,APXMIDP ,740.3,35.71
2019-10-18,6,N2EXMIDP,0,0
2019-10-18,7,APXMIDP ,390,35.84
2019-10-18,7,N2EXMIDP,0,0
2019-10-18,8,APXMIDP ,508,39.18
2019-10-18,8,N2EXMIDP,0,0
2019-10-18,9,APXMIDP ,472.9,37.74
2019-10-18,9,N2EXMIDP,0,0
2019-10-18,10,APXMIDP ,839.5,40.21
2019-10-18,10,N2EXMIDP,0,0
2019-10-18,11,APXMIDP ,638.9,38.85
2019-10-18,11,N2EXMIDP,0,0
2019-10-18,12,APXMIDP ,799,32.86
2019-10-18,12,N2EXMIDP,0,0
2019-10-18,13,APXMIDP ,602.9,47.22
2019-10-18,13,N2EXMIDP,0,0
2019-10-18,14,APXMIDP ,1058.15,43.71
2019-10-18,14,N2EXMIDP,0,0
2019-10-18,15,APXMIDP ,640.7,44.99
2019-10-18,15,N2EXMIDP,0,0
2019-10-18,16,APXMIDP ,926.3,48.89
2019-10-18,16,N2EXMIDP,0,0
2019-10-18,17,APXMIDP ,715.6,46.37
2019-10-18,17,N2EXMIDP,0,0
2019-10-18,18,APXMIDP ,705,40.48
2019-10-18,18,N2EXMIDP,0,0
2019-10-18,19,APXMIDP ,833.95,38.48
2019-10-18,19,N2EXMIDP,0,0
2019-10-18,20,APXMIDP ,905.85,39.96
2019-10-18,20,N2EXMIDP,0,0
2019-10-18,21,APXMIDP ,1103.2,41.12
2019-10-18,21,N2EXMIDP,0,0
2019-10-18,22,APXMIDP ,953.7,38.04
2019-10-18,22,N2EXMIDP,0,0
2019-10-18,23,APXMIDP ,1354.85,29.94
2019-10-18,23,N2EXMIDP,0,0
2019-10-18,24,APXMIDP ,1305.8,28.38
2019-10-18,24,N2EXMIDP,0,0
2019-10-18,25,APXMIDP ,1359.65,29.82
2019-10-18,25,N2EXMIDP,0,0
2019-10-18,26,APXMIDP ,1532.35,29.65
2019-10-18,26,N2EXMIDP,0,0
2019-10-18,27,APXMIDP ,1831.95,29.64
2019-10-18,27,N2EXMIDP,0,0
2019-10-18,28,APXMIDP ,1741.7,30.19
2019-10-18,28,N2EXMIDP,0,0
2019-10-18,29,APXMIDP ,1884.55,29.8
2019-10-18,29,N2EXMIDP,0,0
2019-10-18,30,APXMIDP ,1826.95,29.99
2019-10-18,30,N2EXMIDP,0,0
2019-10-18,31,APXMIDP ,1693.1,31.14
2019-10-18,31,N2EXMIDP,0,0
2019-10-18,32,APXMIDP ,1890.6,35.78
2019-10-18,32,N2EXMIDP,0,0
2019-10-18,33,APXMIDP ,1727.85,34.25
2019-10-18,33,N2EXMIDP,0,0
2019-10-18,34,APXMIDP ,1805.4,36.61
2019-10-18,34,N2EXMIDP,0,0
2019-10-18,35,APXMIDP ,1517.25,42.93
2019-10-18,35,N2EXMIDP,0,0
2019-10-18,36,APXMIDP ,1267.25,47.09
2019-10-18,36,N2EXMIDP,0,0
2019-10-18,37,APXMIDP ,1061,50.56
2019-10-18,37,N2EXMIDP,0,0
2019-10-18,38,APXMIDP ,1307.85,53.78
2019-10-18,38,N2EXMIDP,0,0
2019-10-18,39,APXMIDP ,1214.85,40.51
2019-10-18,39,N2EXMIDP,0,0
2019-10-18,40,APXMIDP ,1068.95,34.94
2019-10-18,40,N2EXMIDP,0,0
2019-10-18,41,APXMIDP ,1180.45,34.64
2019-10-18,41,N2EXMIDP,0,0
2019-10-18,42,APXMIDP ,1091.25,34.16
2019-10-18,42,N2EXMIDP,0,0
2019-10-18,43,APXMIDP ,1427.2,40.23
2019-10-18,43,N2EXMIDP,0,0
2019-10-18,44,APXMIDP ,1346.75,38.13
2019-10-18,44,N2EXMIDP,0,0
2019-10-18,45,APXMIDP ,1203.85,37.1
2019-10-18,45,N2EXMIDP,0,0
2019-10-18,46,APXMIDP ,1207.55,35.1
2019-10-18,46,N2EXMIDP,0,0
2019-10-18,47,APXMIDP ,493.25,29.06
2019-10-18,47,N2EXMIDP,0,0
2019-10-18,48,APXMIDP ,509.15,29.36
2019-10-18,48,N2EXMIDP,0,0
2019-10-19,1,APXMIDP ,414.85,24.01
2019-10-19,1,N2EXMIDP,0,0
2019-10-19,2,APXMIDP ,471.7,19.7
2019-10-19,2,N2EXMIDP,0,0
2019-10-19,3,APXMIDP ,667.8,23.93
2019-10-19,3,N2EXMIDP,0,0
2019-10-19,4,APXMIDP ,519.15,23.94
2019-10-19,4,N2EXMIDP,0,0
2019-10-19,5,APXMIDP ,399.25,24.18
2019-10-19,5,N2EXMIDP,0,0
2019-10-19,6,APXMIDP ,417.75,21.56
2019-10-19,6,N2EXMIDP,0,0
2019-10-19,7,APXMIDP ,551.15,17.54
2019-10-19,7,N2EXMIDP,0,0
2019-10-19,8,APXMIDP ,515.95,17.7
2019-10-19,8,N2EXMIDP,0,0
2019-10-19,9,APXMIDP ,543.1,16.67
2019-10-19,9,N2EXMIDP,0,0
2019-10-19,10,APXMIDP ,465.55,15.89
2019-10-19,10,N2EXMIDP,0,0
2019-10-19,11,APXMIDP ,378.5,18.74
2019-10-19,11,N2EXMIDP,0,0
2019-10-19,12,APXMIDP ,494.55,15.99
2019-10-19,12,N2EXMIDP,0,0
2019-10-19,13,APXMIDP ,473.15,18.06
2019-10-19,13,N2EXMIDP,0,0
2019-10-19,14,APXMIDP ,674.95,18.03
2019-10-19,14,N2EXMIDP,0,0
2019-10-19,15,APXMIDP ,1162.6,18.37
2019-10-19,15,N2EXMIDP,0,0
2019-10-19,16,APXMIDP ,971.95,24.15
2019-10-19,16,N2EXMIDP,0,0
2019-10-19,17,APXMIDP ,856.75,34.95
2019-10-19,17,N2EXMIDP,0,0
2019-10-19,18,APXMIDP ,1046.1,35.89
2019-10-19,18,N2EXMIDP,0,0
2019-10-19,19,APXMIDP ,1218.9,34.74
2019-10-19,19,N2EXMIDP,0,0
2019-10-19,20,APXMIDP ,1381.85,29.81
2019-10-19,20,N2EXMIDP,0,0
2019-10-19,21,APXMIDP ,1290.3,29.26
2019-10-19,21,N2EXMIDP,0,0
2019-10-19,22,APXMIDP ,1227.5,28.58
2019-10-19,22,N2EXMIDP,0,0
2019-10-19,23,APXMIDP ,1510.65,26.56
2019-10-19,23,N2EXMIDP,0,0
2019-10-19,24,APXMIDP ,1568.55,28.84
2019-10-19,24,N2EXMIDP,0,0
2019-10-19,25,APXMIDP ,1498.05,26.96
2019-10-19,25,N2EXMIDP,0,0
2019-10-19,26,APXMIDP ,1808.75,23.65
2019-10-19,26,N2EXMIDP,0,0
2019-10-19,27,APXMIDP ,1723.6,22.09
2019-10-19,27,N2EXMIDP,0,0
2019-10-19,28,APXMIDP ,1664.25,22.67
2019-10-19,28,N2EXMIDP,0,0
2019-10-19,29,APXMIDP ,1639.25,23.3
2019-10-19,29,N2EXMIDP,0,0
2019-10-19,30,APXMIDP ,1874.15,22.3
2019-10-19,30,N2EXMIDP,0,0
2019-10-19,31,APXMIDP ,1738.85,24.61
2019-10-19,31,N2EXMIDP,0,0
2019-10-19,32,APXMIDP ,1513.8,27.85
2019-10-19,32,N2EXMIDP,0,0
2019-10-19,33,APXMIDP ,1440.5,30.4
2019-10-19,33,N2EXMIDP,0,0
2019-10-19,34,APXMIDP ,1510.05,34.86
2019-10-19,34,N2EXMIDP,0,0
2019-10-19,35,APXMIDP ,1614.6,40.32
2019-10-19,35,N2EXMIDP,0,0
2019-10-19,36,APXMIDP ,1607.2,44.64
2019-10-19,36,N2EXMIDP,0,0
2019-10-19,37,APXMIDP ,1257.7,51.98
2019-10-19,37,N2EXMIDP,0,0
2019-10-19,38,APXMIDP ,1399.7,56.75
2019-10-19,38,N2EXMIDP,0,0
2019-10-19,39,APXMIDP ,1708.75,62.9
2019-10-19,39,N2EXMIDP,0,0
2019-10-19,40,APXMIDP ,1288.7,50.7
2019-10-19,40,N2EXMIDP,0,0
2019-10-19,41,APXMIDP ,1189.25,44.92
2019-10-19,41,N2EXMIDP,0,0
2019-10-19,42,APXMIDP ,1083.75,35.94
2019-10-19,42,N2EXMIDP,0,0
2019-10-19,43,APXMIDP ,1450.9,32.44
2019-10-19,43,N2EXMIDP,0,0
2019-10-19,44,APXMIDP ,1308.95,31.04
2019-10-19,44,N2EXMIDP,0,0
2019-10-19,45,APXMIDP ,1253,32.01
2019-10-19,45,N2EXMIDP,0,0
2019-10-19,46,APXMIDP ,1504.1,28.4
2019-10-19,46,N2EXMIDP,0,0
2019-10-19,47,APXMIDP ,673.75,41.09
2019-10-19,47,N2EXMIDP,0,0
2019-10-19,48,APXMIDP ,673.1,42.5
2019-10-19,48,N2EXMIDP,0,0
2019-10-20,1,APXMIDP ,476.95,32.45
2019-10-20,1,N2EXMIDP,0,0
2019-10-20,2,APXMIDP ,397,24.28
2019-10-20,2,N2EXMIDP,0,0
2019-10-20,3,APXMIDP ,639.65,14.66
2019-10-20,3,N2EXMIDP,0,0
2019-10-20,4,APXMIDP ,469.1,15.66
2019-10-20,4,N2EXMIDP,0,0
2019-10-20,5,APXMIDP ,392.7,15.3
2019-10-20,5,N2EXMIDP,0,0
2019-10-20,6,APXMIDP ,428.05,16.4
2019-10-20,6,N2EXMIDP,0,0
2019-10-20,7,APXMIDP ,518.5,22.52
2019-10-20,7,N2EXMIDP,0,0
2019-10-20,8,APXMIDP ,638.45,28.9
2019-10-20,8,N2EXMIDP,0,0
2019-10-20,9,APXMIDP ,541.7,27.66
2019-10-20,9,N2EXMIDP,0,0
2019-10-20,10,APXMIDP ,650.95,26.1
2019-10-20,10,N2EXMIDP,0,0
2019-10-20,11,APXMIDP ,428.85,24.14
2019-10-20,11,N2EXMIDP,0,0
2019-10-20,12,APXMIDP ,460.35,27.92
2019-10-20,12,N2EXMIDP,0,0
2019-10-20,13,APXMIDP ,487.6,29.47
2019-10-20,13,N2EXMIDP,0,0
2019-10-20,14,APXMIDP ,559.35,31.01
2019-10-20,14,N2EXMIDP,0,0
2019-10-20,15,APXMIDP ,871.15,27.63
2019-10-20,15,N2EXMIDP,0,0
2019-10-20,16,APXMIDP ,538.25,31.52
2019-10-20,16,N2EXMIDP,0,0
2019-10-20,17,APXMIDP ,489.8,26.27
2019-10-20,17,N2EXMIDP,0,0
2019-10-20,18,APXMIDP ,552.35,32.23
2019-10-20,18,N2EXMIDP,0,0
2019-10-20,19,APXMIDP ,475.35,33.46
2019-10-20,19,N2EXMIDP,0,0
2019-10-20,20,APXMIDP ,728.25,32.75
2019-10-20,20,N2EXMIDP,0,0
2019-10-20,21,APXMIDP ,599.65,32.84
2019-10-20,21,N2EXMIDP,0,0
2019-10-20,22,APXMIDP ,696,31.4
2019-10-20,22,N2EXMIDP,0,0
2019-10-20,23,APXMIDP ,708.7,34.59
2019-10-20,23,N2EXMIDP,0,0
2019-10-20,24,APXMIDP ,959.6,36.53
2019-10-20,24,N2EXMIDP,0,0
2019-10-20,25,APXMIDP ,945.85,37.18
2019-10-20,25,N2EXMIDP,0,0
2019-10-20,26,APXMIDP ,855.15,35.04
2019-10-20,26,N2EXMIDP,0,0
2019-10-20,27,APXMIDP ,926.2,37.16
2019-10-20,27,N2EXMIDP,0,0
2019-10-20,28,APXMIDP ,835.15,36.1
2019-10-20,28,N2EXMIDP,0,0
2019-10-20,29,APXMIDP ,882.35,37.52
2019-10-20,29,N2EXMIDP,0,0
2019-10-20,30,APXMIDP ,1003,37.21
2019-10-20,30,N2EXMIDP,0,0
2019-10-20,31,APXMIDP ,1164.6,40.67
2019-10-20,31,N2EXMIDP,0,0
2019-10-20,32,APXMIDP ,1090.1,40.03
2019-10-20,32,N2EXMIDP,0,0
2019-10-20,33,APXMIDP ,1158,41.25
2019-10-20,33,N2EXMIDP,0,0
2019-10-20,34,APXMIDP ,1037.7,42.04
2019-10-20,34,N2EXMIDP,0,0
2019-10-20,35,APXMIDP ,1055.1,46.74
2019-10-20,35,N2EXMIDP,0,0
2019-10-20,36,APXMIDP ,962.35,48.2
2019-10-20,36,N2EXMIDP,0,0
2019-10-20,37,APXMIDP ,792,50.98
2019-10-20,37,N2EXMIDP,0,0
2019-10-20,38,APXMIDP ,889.15,50.43
2019-10-20,38,N2EXMIDP,0,0
2019-10-20,39,APXMIDP ,1241.3,35.66
2019-10-20,39,N2EXMIDP,0,0
2019-10-20,40,APXMIDP ,1086.4,31.72
2019-10-20,40,N2EXMIDP,0,0
2019-10-20,41,APXMIDP ,1133,30.18
2019-10-20,41,N2EXMIDP,0,0
2019-10-20,42,APXMIDP ,1725.15,28.04
2019-10-20,42,N2EXMIDP,0,0
2019-10-20,43,APXMIDP ,1375.2,26.16
2019-10-20,43,N2EXMIDP,0,0
2019-10-20,44,APXMIDP ,1506.9,26.55
2019-10-20,44,N2EXMIDP,0,0
2019-10-20,45,APXMIDP ,1276.1,24.58
2019-10-20,45,N2EXMIDP,0,0
2019-10-20,46,APXMIDP ,1437.55,25.59
2019-10-20,46,N2EXMIDP,0,0
2019-10-20,47,APXMIDP ,813.15,30.75
2019-10-20,47,N2EXMIDP,0,0
2019-10-20,48,APXMIDP ,631.8,29.61
2019-10-20,48,N2EXMIDP,0,0
2019-10-21,1,APXMIDP ,535.9,35.05
2019-10-21,1,N2EXMIDP,0,0
2019-10-21,2,APXMIDP ,562.3,33.56
2019-10-21,2,N2EXMIDP,0,0
2019-10-21,3,APXMIDP ,777.75,30.23
2019-10-21,3,N2EXMIDP,0,0
2019-10-21,4,APXMIDP ,836.9,34.12
2019-10-21,4,N2EXMIDP,0,0
2019-10-21,5,APXMIDP ,759.2,33.11
2019-10-21,5,N2EXMIDP,0,0
2019-10-21,6,APXMIDP ,715.4,30.56
2019-10-21,6,N2EXMIDP,0,0
2019-10-21,7,APXMIDP ,593.7,26.58
2019-10-21,7,N2EXMIDP,0,0
2019-10-21,8,APXMIDP ,591.75,23.97
2019-10-21,8,N2EXMIDP,0,0
2019-10-21,9,APXMIDP ,626.8,25.05
2019-10-21,9,N2EXMIDP,0,0
2019-10-21,10,APXMIDP ,699.35,21.53
2019-10-21,10,N2EXMIDP,0,0
2019-10-21,11,APXMIDP ,869.25,36.62
2019-10-21,11,N2EXMIDP,0,0
2019-10-21,12,APXMIDP ,566.85,36.34
2019-10-21,12,N2EXMIDP,0,0
2019-10-21,13,APXMIDP ,1009.1,45.49
2019-10-21,13,N2EXMIDP,0,0
2019-10-21,14,APXMIDP ,1271.4,29.71
2019-10-21,14,N2EXMIDP,0,0
2019-10-21,15,APXMIDP ,1529.25,41.01
2019-10-21,15,N2EXMIDP,0,0
2019-10-21,16,APXMIDP ,1610.25,50.16
2019-10-21,16,N2EXMIDP,0,0
2019-10-21,17,APXMIDP ,1560.75,45.82
2019-10-21,17,N2EXMIDP,0,0
2019-10-21,18,APXMIDP ,1647.3,44.24
2019-10-21,18,N2EXMIDP,0,0
2019-10-21,19,APXMIDP ,1375.55,42.64
2019-10-21,19,N2EXMIDP,0,0
2019-10-21,20,APXMIDP ,1328.85,42.86
2019-10-21,20,N2EXMIDP,0,0
2019-10-21,21,APXMIDP ,1145.7,43.46
2019-10-21,21,N2EXMIDP,0,0
2019-10-21,22,APXMIDP ,1319.05,41.6
2019-10-21,22,N2EXMIDP,0,0
2019-10-21,23,APXMIDP ,1443.35,36.22
2019-10-21,23,N2EXMIDP,0,0
2019-10-21,24,APXMIDP ,1596.45,35.43
2019-10-21,24,N2EXMIDP,0,0
2019-10-21,25,APXMIDP ,1555.7,38.31
2019-10-21,25,N2EXMIDP,0,0
2019-10-21,26,APXMIDP ,1588.05,37.09
2019-10-21,26,N2EXMIDP,0,0
2019-10-21,27,APXMIDP ,1653.1,40.31
2019-10-21,27,N2EXMIDP,0,0
2019-10-21,28,APXMIDP ,1750.4,39.31
2019-10-21,28,N2EXMIDP,0,0
2019-10-21,29,APXMIDP ,1671.2,38.93
2019-10-21,29,N2EXMIDP,0,0
2019-10-21,30,APXMIDP ,1644.5,38.68
2019-10-21,30,N2EXMIDP,0,0
2019-10-21,31,APXMIDP ,1688.4,50.07
2019-10-21,31,N2EXMIDP,0,0
2019-10-21,32,APXMIDP ,1782.05,51.19
2019-10-21,32,N2EXMIDP,0,0
2019-10-21,33,APXMIDP ,1646.15,50.46
2019-10-21,33,N2EXMIDP,0,0
2019-10-21,34,APXMIDP ,1801,53.01
2019-10-21,34,N2EXMIDP,0,0
2019-10-21,35,APXMIDP ,2693,57.66
2019-10-21,35,N2EXMIDP,0,0
2019-10-21,36,APXMIDP ,2730.6,59.05
2019-10-21,36,N2EXMIDP,0,0
2019-10-21,37,APXMIDP ,2409.75,58.28
2019-10-21,37,N2EXMIDP,0,0
2019-10-21,38,APXMIDP ,2459.8,59.25
2019-10-21,38,N2EXMIDP,0,0
2019-10-21,39,APXMIDP ,1657.85,45.37
2019-10-21,39,N2EXMIDP,0,0
2019-10-21,40,APXMIDP ,1560.65,41.23
2019-10-21,40,N2EXMIDP,0,0
2019-10-21,41,APXMIDP ,1263.85,39.87
2019-10-21,41,N2EXMIDP,0,0
2019-10-21,42,APXMIDP ,1637.75,35.08
2019-10-21,42,N2EXMIDP,0,0
2019-10-21,43,APXMIDP ,2063.25,34.23
2019-10-21,43,N2EXMIDP,0,0
2019-10-21,44,APXMIDP ,1838.9,33.26
2019-10-21,44,N2EXMIDP,0,0
2019-10-21,45,APXMIDP ,1995.95,35.2
2019-10-21,45,N2EXMIDP,0,0
2019-10-21,46,APXMIDP ,2072.85,34.67
2019-10-21,46,N2EXMIDP,0,0
2019-10-21,47,APXMIDP ,819.15,21.39
2019-10-21,47,N2EXMIDP,0,0
2019-10-21,48,APXMIDP ,467.35,18.05
2019-10-21,48,N2EXMIDP,0,0
2019-10-22,1,APXMIDP ,558.15,16.23
2019-10-22,1,N2EXMIDP,0,0
2019-10-22,2,APXMIDP ,528.95,16.92
2019-10-22,2,N2EXMIDP,0,0
2019-10-22,3,APXMIDP ,788.8,23.1
2019-10-22,3,N2EXMIDP,0,0
2019-10-22,4,APXMIDP ,841.3,22.6
2019-10-22,4,N2EXMIDP,0,0
2019-10-22,5,APXMIDP ,749.95,24.2
2019-10-22,5,N2EXMIDP,0,0
2019-10-22,6,APXMIDP ,596.85,20.43
2019-10-22,6,N2EXMIDP,0,0
2019-10-22,7,APXMIDP ,672.35,22.54
2019-10-22,7,N2EXMIDP,0,0
2019-10-22,8,APXMIDP ,576.5,22.88
2019-10-22,8,N2EXMIDP,0,0
2019-10-22,9,APXMIDP ,616.85,24.78
2019-10-22,9,N2EXMIDP,0,0
2019-10-22,10,APXMIDP ,531.1,18.98
2019-10-22,10,N2EXMIDP,0,0
2019-10-22,11,APXMIDP ,658.25,29.16
2019-10-22,11,N2EXMIDP,0,0
2019-10-22,12,APXMIDP ,596.9,24.85
2019-10-22,12,N2EXMIDP,0,0
2019-10-22,13,APXMIDP ,832.5,31.53
2019-10-22,13,N2EXMIDP,0,0
2019-10-22,14,APXMIDP ,870.5,29.19
2019-10-22,14,N2EXMIDP,0,0
2019-10-22,15,APXMIDP ,739,39.55
2019-10-22,15,N2EXMIDP,0,0
2019-10-22,16,APXMIDP ,636.25,47.82
2019-10-22,16,N2EXMIDP,0,0
2019-10-22,17,APXMIDP ,800.4,45.94
2019-10-22,17,N2EXMIDP,0,0
2019-10-22,18,APXMIDP ,899.1,43.85
2019-10-22,18,N2EXMIDP,0,0
2019-10-22,19,APXMIDP ,825.7,43.45
2019-10-22,19,N2EXMIDP,0,0
2019-10-22,20,APXMIDP ,829.6,41.11
2019-10-22,20,N2EXMIDP,0,0
2019-10-22,21,APXMIDP ,971.4,43.71
2019-10-22,21,N2EXMIDP,0,0
2019-10-22,22,APXMIDP ,859.3,41.96
2019-10-22,22,N2EXMIDP,0,0
2019-10-22,23,APXMIDP ,836.95,33.77
2019-10-22,23,N2EXMIDP,0,0
2019-10-22,24,APXMIDP ,841.1,32.02
2019-10-22,24,N2EXMIDP,0,0
2019-10-22,25,APXMIDP ,801.5,32.04
2019-10-22,25,N2EXMIDP,0,0
2019-10-22,26,APXMIDP ,1172.4,29.74
2019-10-22,26,N2EXMIDP,0,0
2019-10-22,27,APXMIDP ,1579.9,30.75
2019-10-22,27,N2EXMIDP,0,0
2019-10-22,28,APXMIDP ,1552.25,31.25
2019-10-22,28,N2EXMIDP,0,0
2019-10-22,29,APXMIDP ,1607.45,31.78
2019-10-22,29,N2EXMIDP,0,0
2019-10-22,30,APXMIDP ,1660.45,31.56
2019-10-22,30,N2EXMIDP,0,0
2019-10-22,31,APXMIDP ,1241.7,35.69
2019-10-22,31,N2EXMIDP,0,0
2019-10-22,32,APXMIDP ,1109.35,35.07
2019-10-22,32,N2EXMIDP,0,0
2019-10-22,33,APXMIDP ,1105.55,35.85
2019-10-22,33,N2EXMIDP,0,0
2019-10-22,34,APXMIDP ,1034.85,41.79
2019-10-22,34,N2EXMIDP,0,0
2019-10-22,35,APXMIDP ,1328.9,46.09
2019-10-22,35,N2EXMIDP,0,0
2019-10-22,36,APXMIDP ,1322.2,49.38
2019-10-22,36,N2EXMIDP,0,0
2019-10-22,37,APXMIDP ,1228.35,47.37
2019-10-22,37,N2EXMIDP,0,0
2019-10-22,38,APXMIDP ,1238.95,49.39
2019-10-22,38,N2EXMIDP,0,0
2019-10-22,39,APXMIDP ,1045.3,41.15
2019-10-22,39,N2EXMIDP,0,0
2019-10-22,40,APXMIDP ,1026.6,36.92
2019-10-22,40,N2EXMIDP,0,0
2019-10-22,41,APXMIDP ,1237.2,36.41
2019-10-22,41,N2EXMIDP,0,0
2019-10-22,42,APXMIDP ,1225.85,35.98
2019-10-22,42,N2EXMIDP,0,0
2019-10-22,43,APXMIDP ,1444.75,33.9
2019-10-22,43,N2EXMIDP,0,0
2019-10-22,44,APXMIDP ,1070.3,34.22
2019-10-22,44,N2EXMIDP,0,0
2019-10-22,45,APXMIDP ,1133,30.41
2019-10-22,45,N2EXMIDP,0,0
2019-10-22,46,APXMIDP ,1436,30.98
2019-10-22,46,N2EXMIDP,0,0
2019-10-22,47,APXMIDP ,741.25,38.18
2019-10-22,47,N2EXMIDP,0,0
2019-10-22,48,APXMIDP ,700.9,24.1
2019-10-22,48,N2EXMIDP,0,0
2019-10-23,1,APXMIDP ,532.6,25.69
2019-10-23,1,N2EXMIDP,0,0
2019-10-23,2,APXMIDP ,780.5,28.46
2019-10-23,2,N2EXMIDP,0,0
2019-10-23,3,APXMIDP ,385.95,22.67
2019-10-23,3,N2EXMIDP,0,0
2019-10-23,4,APXMIDP ,566.8,24.09
2019-10-23,4,N2EXMIDP,0,0
2019-10-23,5,APXMIDP ,479.9,23.22
2019-10-23,5,N2EXMIDP,0,0
2019-10-23,6,APXMIDP ,527.95,20.93
2019-10-23,6,N2EXMIDP,0,0
2019-10-23,7,APXMIDP ,682.1,29.91
2019-10-23,7,N2EXMIDP,0,0
2019-10-23,8,APXMIDP ,846.3,31.76
2019-10-23,8,N2EXMIDP,0,0
2019-10-23,9,APXMIDP ,818.9,34.79
2019-10-23,9,N2EXMIDP,0,0
2019-10-23,10,APXMIDP ,1263.2,32.82
2019-10-23,10,N2EXMIDP,0,0
2019-10-23,11,APXMIDP ,729.8,39.87
2019-10-23,11,N2EXMIDP,0,0
2019-10-23,12,APXMIDP ,980.75,30.14
2019-10-23,12,N2EXMIDP,0,0
2019-10-23,13,APXMIDP ,909.65,44.5
2019-10-23,13,N2EXMIDP,0,0
2019-10-23,14,APXMIDP ,1331.85,37.71
2019-10-23,14,N2EXMIDP,0,0
2019-10-23,15,APXMIDP ,717.5,41.98
2019-10-23,15,N2EXMIDP,0,0
2019-10-23,16,APXMIDP ,933.85,48.15
2019-10-23,16,N2EXMIDP,0,0
2019-10-23,17,APXMIDP ,954.9,41.4
2019-10-23,17,N2EXMIDP,0,0
2019-10-23,18,APXMIDP ,878.05,40.6
2019-10-23,18,N2EXMIDP,0,0
2019-10-23,19,APXMIDP ,1214.5,43.8
2019-10-23,19,N2EXMIDP,0,0
2019-10-23,20,APXMIDP ,1260.7,42.51
2019-10-23,20,N2EXMIDP,0,0
2019-10-23,21,APXMIDP ,1289.6,43.8
2019-10-23,21,N2EXMIDP,0,0
2019-10-23,22,APXMIDP ,1286.4,42.25
2019-10-23,22,N2EXMIDP,0,0
2019-10-23,23,APXMIDP ,912.4,36.53
2019-10-23,23,N2EXMIDP,0,0
2019-10-23,24,APXMIDP ,1026.15,35.68
2019-10-23,24,N2EXMIDP,0,0
2019-10-23,25,APXMIDP ,1143.85,37.28
2019-10-23,25,N2EXMIDP,0,0
2019-10-23,26,APXMIDP ,1220.9,36.32
2019-10-23,26,N2EXMIDP,0,0
2019-10-23,27,APXMIDP ,1005.65,35.93
2019-10-23,27,N2EXMIDP,0,0
2019-10-23,28,APXMIDP ,1210.65,36.34
2019-10-23,28,N2EXMIDP,0,0
2019-10-23,29,APXMIDP ,1286,34.44
2019-10-23,29,N2EXMIDP,0,0
2019-10-23,30,APXMIDP ,1125.45,33.31
2019-10-23,30,N2EXMIDP,0,0
2019-10-23,31,APXMIDP ,1440.6,36.04
2019-10-23,31,N2EXMIDP,0,0
2019-10-23,32,APXMIDP ,1538,38.63
2019-10-23,32,N2EXMIDP,0,0
2019-10-23,33,APXMIDP ,1738.45,38.13
2019-10-23,33,N2EXMIDP,0,0
2019-10-23,34,APXMIDP ,1528,42.45
2019-10-23,34,N2EXMIDP,0,0
2019-10-23,35,APXMIDP ,1544.5,47.16
2019-10-23,35,N2EXMIDP,0,0
2019-10-23,36,APXMIDP ,1486.6,48.44
2019-10-23,36,N2EXMIDP,0,0
2019-10-23,37,APXMIDP ,1880.35,45.35
2019-10-23,37,N2EXMIDP,0,0
2019-10-23,38,APXMIDP ,1768.3,46.57
2019-10-23,38,N2EXMIDP,0,0
2019-10-23,39,APXMIDP ,1455.65,40.36
2019-10-23,39,N2EXMIDP,0,0
2019-10-23,40,APXMIDP ,1243.85,38.07
2019-10-23,40,N2EXMIDP,0,0
2019-10-23,41,APXMIDP ,1212.85,35.97
2019-10-23,41,N2EXMIDP,0,0
2019-10-23,42,APXMIDP ,1306.65,37.04
2019-10-23,42,N2EXMIDP,0,0
2019-10-23,43,APXMIDP ,1437.25,37.25
2019-10-23,43,N2EXMIDP,0,0
2019-10-23,44,APXMIDP ,1372.25,37.08
2019-10-23,44,N2EXMIDP,0,0
2019-10-23,45,APXMIDP ,1166.45,37.33
2019-10-23,45,N2EXMIDP,0,0
2019-10-23,46,APXMIDP ,1450.4,32.45
2019-10-23,46,N2EXMIDP,0,0
2019-10-23,47,APXMIDP ,632.05,15.34
2019-10-23,47,N2EXMIDP,0,0
2019-10-23,48,APXMIDP ,558.3,17.45
2019-10-23,48,N2EXMIDP,0,0
2019-10-24,1,APXMIDP ,518,31.63
2019-10-24,1,N2EXMIDP,0,0
2019-10-24,2,APXMIDP ,541.45,29.42
2019-10-24,2,N2EXMIDP,0,0
2019-10-24,3,APXMIDP ,504.3,24.93
2019-10-24,3,N2EXMIDP,0,0
2019-10-24,4,APXMIDP ,527.8,28.86
2019-10-24,4,N2EXMIDP,0,0
2019-10-24,5,APXMIDP ,692.1,29.32
2019-10-24,5,N2EXMIDP,0,0
2019-10-24,6,APXMIDP ,743.25,28.21
2019-10-24,6,N2EXMIDP,0,0
2019-10-24,7,APXMIDP ,457.9,29.98
2019-10-24,7,N2EXMIDP,0,0
2019-10-24,8,APXMIDP ,890.3,34.07
2019-10-24,8,N2EXMIDP,0,0
2019-10-24,9,APXMIDP ,736.75,31.94
2019-10-24,9,N2EXMIDP,0,0
2019-10-24,10,APXMIDP ,634.95,29.05
2019-10-24,10,N2EXMIDP,0,0
2019-10-24,11,APXMIDP ,1054.1,35.68
2019-10-24,11,N2EXMIDP,0,0
2019-10-24,12,APXMIDP ,959.7,32.55
2019-10-24,12,N2EXMIDP,0,0
2019-10-24,13,APXMIDP ,865.35,43.12
2019-10-24,13,N2EXMIDP,0,0
2019-10-24,14,APXMIDP ,1545.3,42.6
2019-10-24,14,N2EXMIDP,0,0
2019-10-24,15,APXMIDP ,608.15,46.31
2019-10-24,15,N2EXMIDP,0,0
2019-10-24,16,APXMIDP ,796.3,54.24
2019-10-24,16,N2EXMIDP,0,0
2019-10-24,17,APXMIDP ,801.5,48.7
2019-10-24,17,N2EXMIDP,0,0
2019-10-24,18,APXMIDP ,975.15,46.25
2019-10-24,18,N2EXMIDP,0,0
2019-10-24,19,APXMIDP ,594.05,43.28
2019-10-24,19,N2EXMIDP,0,0
2019-10-24,20,APXMIDP ,645.65,43.03
2019-10-24,20,N2EXMIDP,0,0
2019-10-24,21,APXMIDP ,574.75,41.91
2019-10-24,21,N2EXMIDP,0,0
2019-10-24,22,APXMIDP ,585.8,40.73
2019-10-24,22,N2EXMIDP,0,0
2019-10-24,23,APXMIDP ,428.85,34.77
2019-10-24,23,N2EXMIDP,0,0
2019-10-24,24,APXMIDP ,313.3,33.82
2019-10-24,24,N2EXMIDP,0,0
2019-10-24,25,APXMIDP ,413.5,34.03
2019-10-24,25,N2EXMIDP,0,0
2019-10-24,26,APXMIDP ,447.45,29.55
2019-10-24,26,N2EXMIDP,0,0
2019-10-24,27,APXMIDP ,737.55,34.21
2019-10-24,27,N2EXMIDP,0,0
2019-10-24,28,APXMIDP ,615.25,32.89
2019-10-24,28,N2EXMIDP,0,0
2019-10-24,29,APXMIDP ,798.5,35.26
2019-10-24,29,N2EXMIDP,0,0
2019-10-24,30,APXMIDP ,805.05,35.91
2019-10-24,30,N2EXMIDP,0,0
2019-10-24,31,APXMIDP ,1341.65,42.96
2019-10-24,31,N2EXMIDP,0,0
2019-10-24,32,APXMIDP ,1314.55,42.69
2019-10-24,32,N2EXMIDP,0,0
2019-10-24,33,APXMIDP ,1214.45,39.86
2019-10-24,33,N2EXMIDP,0,0
2019-10-24,34,APXMIDP ,1333.2,46.47
2019-10-24,34,N2EXMIDP,0,0
2019-10-24,35,APXMIDP ,1598.7,45.68
2019-10-24,35,N2EXMIDP,0,0
2019-10-24,36,APXMIDP ,2225.85,49.63
2019-10-24,36,N2EXMIDP,0,0
2019-10-24,37,APXMIDP ,1527.9,51.14
2019-10-24,37,N2EXMIDP,0,0
2019-10-24,38,APXMIDP ,1595.05,54.61
2019-10-24,38,N2EXMIDP,0,0
2019-10-24,39,APXMIDP ,2079.15,54.53
2019-10-24,39,N2EXMIDP,0,0
2019-10-24,40,APXMIDP ,1894,52.3
2019-10-24,40,N2EXMIDP,0,0
2019-10-24,41,APXMIDP ,2057.45,50.84
2019-10-24,41,N2EXMIDP,0,0
2019-10-24,42,APXMIDP ,1852.85,51.04
2019-10-24,42,N2EXMIDP,0,0
2019-10-24,43,APXMIDP ,2187.4,48.37
2019-10-24,43,N2EXMIDP,0,0
2019-10-24,44,APXMIDP ,2238.95,47.17
2019-10-24,44,N2EXMIDP,0,0
2019-10-24,45,APXMIDP ,2275.1,44.23
2019-10-24,45,N2EXMIDP,0,0
2019-10-24,46,APXMIDP ,2023.45,43.19
2019-10-24,46,N2EXMIDP,0,0
2019-10-24,47,APXMIDP ,880.1,41.04
2019-10-24,47,N2EXMIDP,0,0
2019-10-24,48,APXMIDP ,564.95,43.65
2019-10-24,48,N2EXMIDP,0,0
2019-10-25,1,APXMIDP ,360.85,36.48
2019-10-25,1,N2EXMIDP,0,0
2019-10-25,2,APXMIDP ,382.75,30.86
2019-10-25,2,N2EXMIDP,0,0
2019-10-25,3,APXMIDP ,534.85,34.04
2019-10-25,3,N2EXMIDP,0,0
2019-10-25,4,APXMIDP ,575.75,35.98
2019-10-25,4,N2EXMIDP,0,0
2019-10-25,5,APXMIDP ,495.2,37.24
2019-10-25,5,N2EXMIDP,0,0
2019-10-25,6,APXMIDP ,493.1,36.25
2019-10-25,6,N2EXMIDP,0,0
2019-10-25,7,APXMIDP ,650.85,34.76
2019-10-25,7,N2EXMIDP,0,0
2019-10-25,8,APXMIDP ,813,35.83
2019-10-25,8,N2EXMIDP,0,0
2019-10-25,9,APXMIDP ,823.6,36.1
2019-10-25,9,N2EXMIDP,0,0
2019-10-25,10,APXMIDP ,820.5,35.1
2019-10-25,10,N2EXMIDP,0,0
2019-10-25,11,APXMIDP ,770,38.25
2019-10-25,11,N2EXMIDP,0,0
2019-10-25,12,APXMIDP ,841.85,32.79
2019-10-25,12,N2EXMIDP,0,0
2019-10-25,13,APXMIDP ,853.8,37.61
2019-10-25,13,N2EXMIDP,0,0
2019-10-25,14,APXMIDP ,1373.5,33.77
2019-10-25,14,N2EXMIDP,0,0
2019-10-25,15,APXMIDP ,1090.35,37.85
2019-10-25,15,N2EXMIDP,0,0
2019-10-25,16,APXMIDP ,1106.35,50.42
2019-10-25,16,N2EXMIDP,0,0
2019-10-25,17,APXMIDP ,1051.95,50.19
2019-10-25,17,N2EXMIDP,0,0
2019-10-25,18,APXMIDP ,937.3,49.61
2019-10-25,18,N2EXMIDP,0,0
2019-10-25,19,APXMIDP ,1146.65,51.21
2019-10-25,19,N2EXMIDP,0,0
2019-10-25,20,APXMIDP ,1311.15,50.27
2019-10-25,20,N2EXMIDP,0,0
2019-10-25,21,APXMIDP ,1469.75,49.86
2019-10-25,21,N2EXMIDP,0,0
2019-10-25,22,APXMIDP ,1465.85,48.6
2019-10-25,22,N2EXMIDP,0,0
2019-10-25,23,APXMIDP ,1156.6,44.98
2019-10-25,23,N2EXMIDP,0,0
2019-10-25,24,APXMIDP ,1035.8,42.46
2019-10-25,24,N2EXMIDP,0,0
2019-10-25,25,APXMIDP ,964.6,40.25
2019-10-25,25,N2EXMIDP,0,0
2019-10-25,26,APXMIDP ,1154.55,39.46
2019-10-25,26,N2EXMIDP,0,0
2019-10-25,27,APXMIDP ,1040.65,34.97
2019-10-25,27,N2EXMIDP,0,0
2019-10-25,28,APXMIDP ,1314.05,35.91
2019-10-25,28,N2EXMIDP,0,0
2019-10-25,29,APXMIDP ,1210,35.73
2019-10-25,29,N2EXMIDP,0,0
2019-10-25,30,APXMIDP ,1523.05,34.7
2019-10-25,30,N2EXMIDP,0,0
2019-10-25,31,APXMIDP ,2189.05,36.49
2019-10-25,31,N2EXMIDP,0,0
2019-10-25,32,APXMIDP ,2283.2,36.35
2019-10-25,32,N2EXMIDP,0,0
2019-10-25,33,APXMIDP ,2297.4,36.57
2019-10-25,33,N2EXMIDP,0,0
2019-10-25,34,APXMIDP ,2118,38.28
2019-10-25,34,N2EXMIDP,0,0
2019-10-25,35,APXMIDP ,2200.35,39.13
2019-10-25,35,N2EXMIDP,0,0
2019-10-25,36,APXMIDP ,1494.45,40.74
2019-10-25,36,N2EXMIDP,0,0
2019-10-25,37,APXMIDP ,1422.55,42.61
2019-10-25,37,N2EXMIDP,0,0
2019-10-25,38,APXMIDP ,1347.65,44.81
2019-10-25,38,N2EXMIDP,0,0
2019-10-25,39,APXMIDP ,1176.45,42.42
2019-10-25,39,N2EXMIDP,0,0
2019-10-25,40,APXMIDP ,1032.65,39.67
2019-10-25,40,N2EXMIDP,0,0
2019-10-25,41,APXMIDP ,1350.6,40.13
2019-10-25,41,N2EXMIDP,0,0
2019-10-25,42,APXMIDP ,736.15,41.46
2019-10-25,42,N2EXMIDP,0,0
2019-10-25,43,APXMIDP ,1165.45,37.94
2019-10-25,43,N2EXMIDP,0,0
2019-10-25,44,APXMIDP ,674.3,39.12
2019-10-25,44,N2EXMIDP,0,0
2019-10-25,45,APXMIDP ,863.2,39.02
2019-10-25,45,N2EXMIDP,0,0
2019-10-25,46,APXMIDP ,965.2,36.09
2019-10-25,46,N2EXMIDP,0,0
2019-10-25,47,APXMIDP ,824.7,43.49
2019-10-25,47,N2EXMIDP,0,0
2019-10-25,48,APXMIDP ,425.75,44.77
2019-10-25,48,N2EXMIDP,0,0
2019-10-26,1,APXMIDP ,624.9,42.59
2019-10-26,1,N2EXMIDP,0,0
2019-10-26,2,APXMIDP ,792.35,41.52
2019-10-26,2,N2EXMIDP,0,0
2019-10-26,3,APXMIDP ,593.35,45.34
2019-10-26,3,N2EXMIDP,0,0
2019-10-26,4,APXMIDP ,501.95,46.47
2019-10-26,4,N2EXMIDP,0,0
2019-10-26,5,APXMIDP ,719.9,50.92
2019-10-26,5,N2EXMIDP,0,0
2019-10-26,6,APXMIDP ,780.35,53.71
2019-10-26,6,N2EXMIDP,0,0
2019-10-26,7,APXMIDP ,830.4,55.36
2019-10-26,7,N2EXMIDP,0,0
2019-10-26,8,APXMIDP ,885.3,58.41
2019-10-26,8,N2EXMIDP,0,0
2019-10-26,9,APXMIDP ,831.55,58.38
2019-10-26,9,N2EXMIDP,0,0
2019-10-26,10,APXMIDP ,842.2,57.82
2019-10-26,10,N2EXMIDP,0,0
2019-10-26,11,APXMIDP ,888.85,53.22
2019-10-26,11,N2EXMIDP,0,0
2019-10-26,12,APXMIDP ,1073.05,51.78
2019-10-26,12,N2EXMIDP,0,0
2019-10-26,13,APXMIDP ,1153.8,52.15
2019-10-26,13,N2EXMIDP,0,0
2019-10-26,14,APXMIDP ,1484.9,42.77
2019-10-26,14,N2EXMIDP,0,0
2019-10-26,15,APXMIDP ,907.8,38.06
2019-10-26,15,N2EXMIDP,0,0
2019-10-26,16,APXMIDP ,824.05,36.49
2019-10-26,16,N2EXMIDP,0,0
2019-10-26,17,APXMIDP ,768.75,39.36
2019-10-26,17,N2EXMIDP,0,0
2019-10-26,18,APXMIDP ,673.75,42.57
2019-10-26,18,N2EXMIDP,0,0
2019-10-26,19,APXMIDP ,1062.8,44.2
2019-10-26,19,N2EXMIDP,0,0
2019-10-26,20,APXMIDP ,1108.7,43.48
2019-10-26,20,N2EXMIDP,0,0
2019-10-26,21,APXMIDP ,1102.2,43.23
2019-10-26,21,N2EXMIDP,0,0
2019-10-26,22,APXMIDP ,1082.25,44.49
2019-10-26,22,N2EXMIDP,0,0
2019-10-26,23,APXMIDP ,991.6,44.02
2019-10-26,23,N2EXMIDP,0,0
2019-10-26,24,APXMIDP ,1089.05,43.57
2019-10-26,24,N2EXMIDP,0,0
2019-10-26,25,APXMIDP ,877.75,43.37
2019-10-26,25,N2EXMIDP,0,0
2019-10-26,26,APXMIDP ,1094,43.8
2019-10-26,26,N2EXMIDP,0,0
2019-10-26,27,APXMIDP ,1274,41.35
2019-10-26,27,N2EXMIDP,0,0
2019-10-26,28,APXMIDP ,1460.9,38.04
2019-10-26,28,N2EXMIDP,0,0
2019-10-26,29,APXMIDP ,1218.45,37.25
2019-10-26,29,N2EXMIDP,0,0
2019-10-26,30,APXMIDP ,1011.3,34.8
2019-10-26,30,N2EXMIDP,0,0
2019-10-26,31,APXMIDP ,1338.85,31.44
2019-10-26,31,N2EXMIDP,0,0
2019-10-26,32,APXMIDP ,943.35,28.8
2019-10-26,32,N2EXMIDP,0,0
2019-10-26,33,APXMIDP ,1127.25,28.62
2019-10-26,33,N2EXMIDP,0,0
2019-10-26,34,APXMIDP ,1123.4,29.13
2019-10-26,34,N2EXMIDP,0,0
2019-10-26,35,APXMIDP ,1348.85,31.85
2019-10-26,35,N2EXMIDP,0,0
2019-10-26,36,APXMIDP ,1402.5,34.64
2019-10-26,36,N2EXMIDP,0,0
2019-10-26,37,APXMIDP ,1253.65,38.67
2019-10-26,37,N2EXMIDP,0,0
2019-10-26,38,APXMIDP ,1309,38.66
2019-10-26,38,N2EXMIDP,0,0
2019-10-26,39,APXMIDP ,1925.65,35.75
2019-10-26,39,N2EXMIDP,0,0
2019-10-26,40,APXMIDP ,1442.95,34.57
2019-10-26,40,N2EXMIDP,0,0
2019-10-26,41,APXMIDP ,1653.2,36.66
2019-10-26,41,N2EXMIDP,0,0
2019-10-26,42,APXMIDP ,1674.8,37.56
2019-10-26,42,N2EXMIDP,0,0
2019-10-26,43,APXMIDP ,1481.2,32.6
2019-10-26,43,N2EXMIDP,0,0
2019-10-26,44,APXMIDP ,1364.3,29.11
2019-10-26,44,N2EXMIDP,0,0
2019-10-26,45,APXMIDP ,1282.85,28.84
2019-10-26,45,N2EXMIDP,0,0
2019-10-26,46,APXMIDP ,1588.15,26.98
2019-10-26,46,N2EXMIDP,0,0
2019-10-26,47,APXMIDP ,1122.1,17.83
2019-10-26,47,N2EXMIDP,0,0
2019-10-26,48,APXMIDP ,487.2,6.76
2019-10-26,48,N2EXMIDP,0,0
2019-10-27,1,APXMIDP ,598.05,5.65
2019-10-27,1,N2EXMIDP,0,0
2019-10-27,2,APXMIDP ,630.5,-0.74
2019-10-27,2,N2EXMIDP,0,0
2019-10-27,3,APXMIDP ,671.5,-20.31
2019-10-27,3,N2EXMIDP,0,0
2019-10-27,4,APXMIDP ,739.7,-26.74
2019-10-27,4,N2EXMIDP,0,0
2019-10-27,5,APXMIDP ,640.25,-27.47
2019-10-27,5,N2EXMIDP,0,0
2019-10-27,6,APXMIDP ,699,-34.96
2019-10-27,6,N2EXMIDP,0,0
2019-10-27,7,APXMIDP ,537.6,-17.45
2019-10-27,7,N2EXMIDP,0,0
2019-10-27,8,APXMIDP ,636.85,-31.85
2019-10-27,8,N2EXMIDP,0,0
2019-10-27,9,APXMIDP ,466.25,-33.38
2019-10-27,9,N2EXMIDP,0,0
2019-10-27,10,APXMIDP ,558.1,-28.71
2019-10-27,10,N2EXMIDP,0,0
2019-10-27,11,APXMIDP ,599.45,-8.28
2019-10-27,11,N2EXMIDP,0,0
2019-10-27,12,APXMIDP ,645.15,-13.3
2019-10-27,12,N2EXMIDP,0,0
2019-10-27,13,APXMIDP ,1106.2,14.77
2019-10-27,13,N2EXMIDP,0,0
2019-10-27,14,APXMIDP ,1086,16.79
2019-10-27,14,N2EXMIDP,0,0
2019-10-27,15,APXMIDP ,1233.8,17.6
2019-10-27,15,N2EXMIDP,0,0
2019-10-27,16,APXMIDP ,1173.55,18.28
2019-10-27,16,N2EXMIDP,0,0
2019-10-27,17,APXMIDP ,680.3,5.18
2019-10-27,17,N2EXMIDP,0,0
2019-10-27,18,APXMIDP ,965.45,14.15
2019-10-27,18,N2EXMIDP,0,0
2019-10-27,19,APXMIDP ,1025.65,8.88
2019-10-27,19,N2EXMIDP,0,0
2019-10-27,20,APXMIDP ,958.2,21.81
2019-10-27,20,N2EXMIDP,0,0
2019-10-27,21,APXMIDP ,1153.5,29.19
2019-10-27,21,N2EXMIDP,0,0
2019-10-27,22,APXMIDP ,1193.6,30.96
2019-10-27,22,N2EXMIDP,0,0
2019-10-27,23,APXMIDP ,1105.75,29.62
2019-10-27,23,N2EXMIDP,0,0
2019-10-27,24,APXMIDP ,1286.9,31.28
2019-10-27,24,N2EXMIDP,0,0
2019-10-27,25,APXMIDP ,1199.9,32.31
2019-10-27,25,N2EXMIDP,0,0
2019-10-27,26,APXMIDP ,1148.4,30.72
2019-10-27,26,N2EXMIDP,0,0
2019-10-27,27,APXMIDP ,1180.75,27.35
2019-10-27,27,N2EXMIDP,0,0
2019-10-27,28,APXMIDP ,1324.2,27.41
2019-10-27,28,N2EXMIDP,0,0
2019-10-27,29,APXMIDP ,1357.2,26.19
2019-10-27,29,N2EXMIDP,0,0
2019-10-27,30,APXMIDP ,1620.55,28.81
2019-10-27,30,N2EXMIDP,0,0
2019-10-27,31,APXMIDP ,1751.45,29.25
2019-10-27,31,N2EXMIDP,0,0
2019-10-27,32,APXMIDP ,1955.9,30.34
2019-10-27,32,N2EXMIDP,0,0
2019-10-27,33,APXMIDP ,1767.55,37.25
2019-10-27,33,N2EXMIDP,0,0
2019-10-27,34,APXMIDP ,1771.6,37.14
2019-10-27,34,N2EXMIDP,0,0
2019-10-27,35,APXMIDP ,1841.6,39.89
2019-10-27,35,N2EXMIDP,0,0
2019-10-27,36,APXMIDP ,1482.95,41.71
2019-10-27,36,N2EXMIDP,0,0
2019-10-27,37,APXMIDP ,1250.8,49.75
2019-10-27,37,N2EXMIDP,0,0
2019-10-27,38,APXMIDP ,1102.45,48.59
2019-10-27,38,N2EXMIDP,0,0
2019-10-27,39,APXMIDP ,1417.95,49.67
2019-10-27,39,N2EXMIDP,0,0
2019-10-27,40,APXMIDP ,1428,47.6
2019-10-27,40,N2EXMIDP,0,0
2019-10-27,41,APXMIDP ,1474.65,44.01
2019-10-27,41,N2EXMIDP,0,0
2019-10-27,42,APXMIDP ,1141.65,36.8
2019-10-27,42,N2EXMIDP,0,0
2019-10-27,43,APXMIDP ,1191.2,36.83
2019-10-27,43,N2EXMIDP,0,0
2019-10-27,44,APXMIDP ,1233.05,35.93
2019-10-27,44,N2EXMIDP,0,0
2019-10-27,45,APXMIDP ,1180,36.89
2019-10-27,45,N2EXMIDP,0,0
2019-10-27,46,APXMIDP ,1305.25,35.11
2019-10-27,46,N2EXMIDP,0,0
2019-10-27,47,APXMIDP ,965,38.23
2019-10-27,47,N2EXMIDP,0,0
2019-10-27,48,APXMIDP ,1533,38.7
2019-10-27,48,N2EXMIDP,0,0
2019-10-27,49,APXMIDP ,735.6,31.42
2019-10-27,49,N2EXMIDP,0,0
2019-10-27,50,APXMIDP ,986,30.89
2019-10-27,50,N2EXMIDP,0,0
2019-10-28,1,APXMIDP ,658,28.88
2019-10-28,1,N2EXMIDP,0,0
2019-10-28,2,APXMIDP ,493,32.68
2019-10-28,2,N2EXMIDP,0,0
2019-10-28,3,APXMIDP ,490.35,34.15
2019-10-28,3,N2EXMIDP,0,0
2019-10-28,4,APXMIDP ,629.05,37.04
2019-10-28,4,N2EXMIDP,0,0
2019-10-28,5,APXMIDP ,420.9,34.25
2019-10-28,5,N2EXMIDP,0,0
2019-10-28,6,APXMIDP ,494.6,35.66
2019-10-28,6,N2EXMIDP,0,0
2019-10-28,7,APXMIDP ,266.55,36.42
2019-10-28,7,N2EXMIDP,0,0
2019-10-28,8,APXMIDP ,387.45,31.4
2019-10-28,8,N2EXMIDP,0,0
2019-10-28,9,APXMIDP ,303.1,30.69
2019-10-28,9,N2EXMIDP,0,0
2019-10-28,10,APXMIDP ,424.6,29.47
2019-10-28,10,N2EXMIDP,0,0
2019-10-28,11,APXMIDP ,796.95,34.51
2019-10-28,11,N2EXMIDP,0,0
2019-10-28,12,APXMIDP ,867.2,25.85
2019-10-28,12,N2EXMIDP,0,0
2019-10-28,13,APXMIDP ,1144.5,29.43
2019-10-28,13,N2EXMIDP,0,0
2019-10-28,14,APXMIDP ,978.85,23.72
2019-10-28,14,N2EXMIDP,0,0
2019-10-28,15,APXMIDP ,823.6,48.01
2019-10-28,15,N2EXMIDP,0,0
2019-10-28,16,APXMIDP ,826.8,52.54
2019-10-28,16,N2EXMIDP,0,0
2019-10-28,17,APXMIDP ,956.65,47.21
2019-10-28,17,N2EXMIDP,0,0
2019-10-28,18,APXMIDP ,1157.55,48.85
2019-10-28,18,N2EXMIDP,0,0
2019-10-28,19,APXMIDP ,1238.6,50.74
2019-10-28,19,N2EXMIDP,0,0
2019-10-28,20,APXMIDP ,1300.35,47.2
2019-10-28,20,N2EXMIDP,0,0
2019-10-28,21,APXMIDP ,1531,42.99
2019-10-28,21,N2EXMIDP,0,0
2019-10-28,22,APXMIDP ,1726.65,40.91
2019-10-28,22,N2EXMIDP,0,0
2019-10-28,23,APXMIDP ,1135,40.05
2019-10-28,23,N2EXMIDP,0,0
2019-10-28,24,APXMIDP ,1328.4,38.45
2019-10-28,24,N2EXMIDP,0,0
2019-10-28,25,APXMIDP ,998.5,42.74
2019-10-28,25,N2EXMIDP,0,0
2019-10-28,26,APXMIDP ,987.7,43.94
2019-10-28,26,N2EXMIDP,0,0
2019-10-28,27,APXMIDP ,1081.25,46.55
2019-10-28,27,N2EXMIDP,0,0
2019-10-28,28,APXMIDP ,1224.2,45.53
2019-10-28,28,N2EXMIDP,0,0
2019-10-28,29,APXMIDP ,985.75,44.41
2019-10-28,29,N2EXMIDP,0,0
2019-10-28,30,APXMIDP ,1082.1,45.19
2019-10-28,30,N2EXMIDP,0,0
2019-10-28,31,APXMIDP ,1013.5,53.72
2019-10-28,31,N2EXMIDP,0,0
2019-10-28,32,APXMIDP ,1117.75,58.94
2019-10-28,32,N2EXMIDP,0,0
2019-10-28,33,APXMIDP ,1165.25,48.25
2019-10-28,33,N2EXMIDP,0,0
2019-10-28,34,APXMIDP ,1336.15,57.16
2019-10-28,34,N2EXMIDP,0,0
2019-10-28,35,APXMIDP ,1112.25,67.93
2019-10-28,35,N2EXMIDP,0,0
2019-10-28,36,APXMIDP ,1217.25,67.43
2019-10-28,36,N2EXMIDP,0,0
2019-10-28,37,APXMIDP ,1279.95,62.3
2019-10-28,37,N2EXMIDP,0,0
2019-10-28,38,APXMIDP ,1088.7,54.27
2019-10-28,38,N2EXMIDP,0,0
2019-10-28,39,APXMIDP ,1552.4,45.28
2019-10-28,39,N2EXMIDP,0,0
2019-10-28,40,APXMIDP ,1051.75,39.83
2019-10-28,40,N2EXMIDP,0,0
2019-10-28,41,APXMIDP ,1131.95,34.81
2019-10-28,41,N2EXMIDP,0,0
2019-10-28,42,APXMIDP ,1368.8,34.27
2019-10-28,42,N2EXMIDP,0,0
2019-10-28,43,APXMIDP ,1643.8,36.71
2019-10-28,43,N2EXMIDP,0,0
2019-10-28,44,APXMIDP ,1701.8,32.94
2019-10-28,44,N2EXMIDP,0,0
2019-10-28,45,APXMIDP ,1784.6,35.3
2019-10-28,45,N2EXMIDP,0,0
2019-10-28,46,APXMIDP ,2573.05,33.61
2019-10-28,46,N2EXMIDP,0,0
2019-10-28,47,APXMIDP ,840.15,27.97
2019-10-28,47,N2EXMIDP,0,0
2019-10-28,48,APXMIDP ,425.8,30.83
2019-10-28,48,N2EXMIDP,0,0
2019-10-29,1,APXMIDP ,570.95,32.73
2019-10-29,1,N2EXMIDP,0,0
2019-10-29,2,APXMIDP ,508.85,33.67
2019-10-29,2,N2EXMIDP,0,0
2019-10-29,3,APXMIDP ,676.4,32.01
2019-10-29,3,N2EXMIDP,0,0
2019-10-29,4,APXMIDP ,693.05,30.82
2019-10-29,4,N2EXMIDP,0,0
2019-10-29,5,APXMIDP ,705.2,32.2
2019-10-29,5,N2EXMIDP,0,0
2019-10-29,6,APXMIDP ,721.05,30.81
2019-10-29,6,N2EXMIDP,0,0
2019-10-29,7,APXMIDP ,606.65,32.86
2019-10-29,7,N2EXMIDP,0,0
2019-10-29,8,APXMIDP ,675.55,28.11
2019-10-29,8,N2EXMIDP,0,0
2019-10-29,9,APXMIDP ,660,31.9
2019-10-29,9,N2EXMIDP,0,0
2019-10-29,10,APXMIDP ,464.25,30.3
2019-10-29,10,N2EXMIDP,0,0
2019-10-29,11,APXMIDP ,748.6,36.89
2019-10-29,11,N2EXMIDP,0,0
2019-10-29,12,APXMIDP ,973.1,31.12
2019-10-29,12,N2EXMIDP,0,0
2019-10-29,13,APXMIDP ,900.7,41.88
2019-10-29,13,N2EXMIDP,0,0
2019-10-29,14,APXMIDP ,1159.95,38.78
2019-10-29,14,N2EXMIDP,0,0
2019-10-29,15,APXMIDP ,781.65,44.73
2019-10-29,15,N2EXMIDP,0,0
2019-10-29,16,APXMIDP ,1193.45,43.77
2019-10-29,16,N2EXMIDP,0,0
2019-10-29,17,APXMIDP ,798.75,36.96
2019-10-29,17,N2EXMIDP,0,0
2019-10-29,18,APXMIDP ,1044.45,38.32
2019-10-29,18,N2EXMIDP,0,0
2019-10-29,19,APXMIDP ,1304.6,35.1
2019-10-29,19,N2EXMIDP,0,0
2019-10-29,20,APXMIDP ,1469.7,30.69
2019-10-29,20,N2EXMIDP,0,0
2019-10-29,21,APXMIDP ,1332.5,34.97
2019-10-29,21,N2EXMIDP,0,0
2019-10-29,22,APXMIDP ,1335.7,34.25
2019-10-29,22,N2EXMIDP,0,0
2019-10-29,23,APXMIDP ,1043.45,33.71
2019-10-29,23,N2EXMIDP,0,0
2019-10-29,24,APXMIDP ,1189.8,33.16
2019-10-29,24,N2EXMIDP,0,0
2019-10-29,25,APXMIDP ,1150.55,33.93
2019-10-29,25,N2EXMIDP,0,0
2019-10-29,26,APXMIDP ,1029.55,33.96
2019-10-29,26,N2EXMIDP,0,0
2019-10-29,27,APXMIDP ,1096.45,38.81
2019-10-29,27,N2EXMIDP,0,0
2019-10-29,28,APXMIDP ,1162.65,38.86
2019-10-29,28,N2EXMIDP,0,0
2019-10-29,29,APXMIDP ,1196.35,39.63
2019-10-29,29,N2EXMIDP,0,0
2019-10-29,30,APXMIDP ,1250.8,40.67
2019-10-29,30,N2EXMIDP,0,0
2019-10-29,31,APXMIDP ,2180.95,50.71
2019-10-29,31,N2EXMIDP,0,0
2019-10-29,32,APXMIDP ,2000.25,51.29
2019-10-29,32,N2EXMIDP,0,0
2019-10-29,33,APXMIDP ,2025.4,47.92
2019-10-29,33,N2EXMIDP,0,0
2019-10-29,34,APXMIDP ,1930.35,55.01
2019-10-29,34,N2EXMIDP,0,0
2019-10-29,35,APXMIDP ,1653.6,46.7
2019-10-29,35,N2EXMIDP,0,0
2019-10-29,36,APXMIDP ,1841.9,46.08
2019-10-29,36,N2EXMIDP,0,0
2019-10-29,37,APXMIDP ,1811.6,48.35
2019-10-29,37,N2EXMIDP,0,0
2019-10-29,38,APXMIDP ,1901.35,46.84
2019-10-29,38,N2EXMIDP,0,0
2019-10-29,39,APXMIDP ,1620.9,39.89
2019-10-29,39,N2EXMIDP,0,0
2019-10-29,40,APXMIDP ,1501.85,37.42
2019-10-29,40,N2EXMIDP,0,0
2019-10-29,41,APXMIDP ,1704.8,38.54
2019-10-29,41,N2EXMIDP,0,0
2019-10-29,42,APXMIDP ,1525.25,37.53
2019-10-29,42,N2EXMIDP,0,0
2019-10-29,43,APXMIDP ,1542.55,34.56
2019-10-29,43,N2EXMIDP,0,0
2019-10-29,44,APXMIDP ,1558.75,32.46
2019-10-29,44,N2EXMIDP,0,0
2019-10-29,45,APXMIDP ,1875.55,31.44
2019-10-29,45,N2EXMIDP,0,0
2019-10-29,46,APXMIDP ,1950.7,30.89
2019-10-29,46,N2EXMIDP,0,0
2019-10-29,47,APXMIDP ,615.05,29.09
2019-10-29,47,N2EXMIDP,0,0
2019-10-29,48,APXMIDP ,405.25,26.77
2019-10-29,48,N2EXMIDP,0,0
2019-10-30,1,APXMIDP ,446.2,26.67
2019-10-30,1,N2EXMIDP,0,0
2019-10-30,2,APXMIDP ,917.25,36.6
2019-10-30,2,N2EXMIDP,0,0
2019-10-30,3,APXMIDP ,549.8,28.35
2019-10-30,3,N2EXMIDP,0,0
2019-10-30,4,APXMIDP ,530.75,24.78
2019-10-30,4,N2EXMIDP,0,0
2019-10-30,5,APXMIDP ,538.55,25.31
2019-10-30,5,N2EXMIDP,0,0
2019-10-30,6,APXMIDP ,583.4,24.28
2019-10-30,6,N2EXMIDP,0,0
2019-10-30,7,APXMIDP ,689.15,29.39
2019-10-30,7,N2EXMIDP,0,0
2019-10-30,8,APXMIDP ,428.3,26.17
2019-10-30,8,N2EXMIDP,0,0
2019-10-30,9,APXMIDP ,636.3,33.95
2019-10-30,9,N2EXMIDP,0,0
2019-10-30,10,APXMIDP ,373.25,29.72
2019-10-30,10,N2EXMIDP,0,0
2019-10-30,11,APXMIDP ,573.15,32.17
2019-10-30,11,N2EXMIDP,0,0
2019-10-30,12,APXMIDP ,660.25,28.56
2019-10-30,12,N2EXMIDP,0,0
2019-10-30,13,APXMIDP ,543.55,30.66
2019-10-30,13,N2EXMIDP,0,0
2019-10-30,14,APXMIDP ,713.45,25.97
2019-10-30,14,N2EXMIDP,0,0
2019-10-30,15,APXMIDP ,794.65,30.75
2019-10-30,15,N2EXMIDP,0,0
2019-10-30,16,APXMIDP ,671.45,36.84
2019-10-30,16,N2EXMIDP,0,0
2019-10-30,17,APXMIDP ,690.85,38.78
2019-10-30,17,N2EXMIDP,0,0
2019-10-30,18,APXMIDP ,877.75,37.33
2019-10-30,18,N2EXMIDP,0,0
2019-10-30,19,APXMIDP ,1003.7,31.55
2019-10-30,19,N2EXMIDP,0,0
2019-10-30,20,APXMIDP ,893.85,32
2019-10-30,20,N2EXMIDP,0,0
2019-10-30,21,APXMIDP ,1220.2,31.74
2019-10-30,21,N2EXMIDP,0,0
2019-10-30,22,APXMIDP ,1174.15,31.21
2019-10-30,22,N2EXMIDP,0,0
2019-10-30,23,APXMIDP ,932.3,28.4
2019-10-30,23,N2EXMIDP,0,0
2019-10-30,24,APXMIDP ,959.5,28.64
2019-10-30,24,N2EXMIDP,0,0
2019-10-30,25,APXMIDP ,1158.45,28.68
2019-10-30,25,N2EXMIDP,0,0
2019-10-30,26,APXMIDP ,1306.8,29.83
2019-10-30,26,N2EXMIDP,0,0
2019-10-30,27,APXMIDP ,1307.4,30.16
2019-10-30,27,N2EXMIDP,0,0
2019-10-30,28,APXMIDP ,1060.65,30.03
2019-10-30,28,N2EXMIDP,0,0
2019-10-30,29,APXMIDP ,1193.45,30.56
2019-10-30,29,N2EXMIDP,0,0
2019-10-30,30,APXMIDP ,1424.95,32.49
2019-10-30,30,N2EXMIDP,0,0
2019-10-30,31,APXMIDP ,1316.25,41.85
2019-10-30,31,N2EXMIDP,0,0
2019-10-30,32,APXMIDP ,1329.8,44.61
2019-10-30,32,N2EXMIDP,0,0
2019-10-30,33,APXMIDP ,1389.9,46.29
2019-10-30,33,N2EXMIDP,0,0
2019-10-30,34,APXMIDP ,1555.55,53
2019-10-30,34,N2EXMIDP,0,0
2019-10-30,35,APXMIDP ,1392.3,55.65
2019-10-30,35,N2EXMIDP,0,0
2019-10-30,36,APXMIDP ,1599.3,59.35
2019-10-30,36,N2EXMIDP,0,0
2019-10-30,37,APXMIDP ,1491.3,55
2019-10-30,37,N2EXMIDP,0,0
2019-10-30,38,APXMIDP ,1548.4,52.15
2019-10-30,38,N2EXMIDP,0,0
2019-10-30,39,APXMIDP ,1591.45,41.36
2019-10-30,39,N2EXMIDP,0,0
2019-10-30,40,APXMIDP ,1465.95,38.66
2019-10-30,40,N2EXMIDP,0,0
2019-10-30,41,APXMIDP ,1447.2,36.72
2019-10-30,41,N2EXMIDP,0,0
2019-10-30,42,APXMIDP ,1402.1,34.06
2019-10-30,42,N2EXMIDP,0,0
2019-10-30,43,APXMIDP ,1543.75,33.25
2019-10-30,43,N2EXMIDP,0,0
2019-10-30,44,APXMIDP ,1256.75,33.8
2019-10-30,44,N2EXMIDP,0,0
2019-10-30,45,APXMIDP ,1629.1,33.96
2019-10-30,45,N2EXMIDP,0,0
2019-10-30,46,APXMIDP ,2282.2,33.27
2019-10-30,46,N2EXMIDP,0,0
2019-10-30,47,APXMIDP ,725.85,26.04
2019-10-30,47,N2EXMIDP,0,0
2019-10-30,48,APXMIDP ,440.6,23.62
2019-10-30,48,N2EXMIDP,0,0
2019-10-31,1,APXMIDP ,419.2,18.66
2019-10-31,1,N2EXMIDP,0,0
2019-10-31,2,APXMIDP ,406.8,18.64
2019-10-31,2,N2EXMIDP,0,0
2019-10-31,3,APXMIDP ,538.25,14.16
2019-10-31,3,N2EXMIDP,0,0
2019-10-31,4,APXMIDP ,539.6,13.43
2019-10-31,4,N2EXMIDP,0,0
2019-10-31,5,APXMIDP ,487.25,14.63
2019-10-31,5,N2EXMIDP,0,0
2019-10-31,6,APXMIDP ,401.7,17.17
2019-10-31,6,N2EXMIDP,0,0
2019-10-31,7,APXMIDP ,553.8,20.81
2019-10-31,7,N2EXMIDP,0,0
2019-10-31,8,APXMIDP ,561.9,20.38
2019-10-31,8,N2EXMIDP,0,0
2019-10-31,9,APXMIDP ,619.35,21.71
2019-10-31,9,N2EXMIDP,0,0
2019-10-31,10,APXMIDP ,704.75,19.39
2019-10-31,10,N2EXMIDP,0,0
2019-10-31,11,APXMIDP ,686.5,28.7
2019-10-31,11,N2EXMIDP,0,0
2019-10-31,12,APXMIDP ,569.8,26.68
2019-10-31,12,N2EXMIDP,0,0
2019-10-31,13,APXMIDP ,799.7,29.92
2019-10-31,13,N2EXMIDP,0,0
2019-10-31,14,APXMIDP ,992.65,30.91
2019-10-31,14,N2EXMIDP,0,0
2019-10-31,15,APXMIDP ,1010.45,27.68
2019-10-31,15,N2EXMIDP,0,0
2019-10-31,16,APXMIDP ,715.45,32.84
2019-10-31,16,N2EXMIDP,0,0
2019-10-31,17,APXMIDP ,877.7,29.21
2019-10-31,17,N2EXMIDP,0,0
2019-10-31,18,APXMIDP ,1084.7,33.33
2019-10-31,18,N2EXMIDP,0,0
2019-10-31,19,APXMIDP ,1189.4,35.28
2019-10-31,19,N2EXMIDP,0,0
2019-10-31,20,APXMIDP ,1121.4,34.8
2019-10-31,20,N2EXMIDP,0,0
2019-10-31,21,APXMIDP ,1266.2,35.05
2019-10-31,21,N2EXMIDP,0,0
2019-10-31,22,APXMIDP ,1339.7,33.17
2019-10-31,22,N2EXMIDP,0,0
2019-10-31,23,APXMIDP ,1277.85,32.63
2019-10-31,23,N2EXMIDP,0,0
2019-10-31,24,APXMIDP ,1076.25,33.86
2019-10-31,24,N2EXMIDP,0,0
2019-10-31,25,APXMIDP ,947.3,34.34
2019-10-31,25,N2EXMIDP,0,0
2019-10-31,26,APXMIDP ,933.9,35.08
2019-10-31,26,N2EXMIDP,0,0
2019-10-31,27,APXMIDP ,1121.75,35.76
2019-10-31,27,N2EXMIDP,0,0
2019-10-31,28,APXMIDP ,985.3,35.95
2019-10-31,28,N2EXMIDP,0,0
2019-10-31,29,APXMIDP ,1074,37.35
2019-10-31,29,N2EXMIDP,0,0
2019-10-31,30,APXMIDP ,1256.15,37.87
2019-10-31,30,N2EXMIDP,0,0
2019-10-31,31,APXMIDP ,1285.9,43.05
2019-10-31,31,N2EXMIDP,0,0
2019-10-31,32,APXMIDP ,1144.2,45.88
2019-10-31,32,N2EXMIDP,0,0
2019-10-31,33,APXMIDP ,1219.5,42.88
2019-10-31,33,N2EXMIDP,0,0
2019-10-31,34,APXMIDP ,1481.15,49.91
2019-10-31,34,N2EXMIDP,0,0
2019-10-31,35,APXMIDP ,1379,43.19
2019-10-31,35,N2EXMIDP,0,0
2019-10-31,36,APXMIDP ,1457.75,42.25
2019-10-31,36,N2EXMIDP,0,0
2019-10-31,37,APXMIDP ,1535.6,40.17
2019-10-31,37,N2EXMIDP,0,0
2019-10-31,38,APXMIDP ,1656.75,38.76
2019-10-31,38,N2EXMIDP,0,0
2019-10-31,39,APXMIDP ,946.45,43
2019-10-31,39,N2EXMIDP,0,0
2019-10-31,40,APXMIDP ,1131,38.33
2019-10-31,40,N2EXMIDP,0,0
2019-10-31,41,APXMIDP ,1145.5,34.92
2019-10-31,41,N2EXMIDP,0,0
2019-10-31,42,APXMIDP ,1158.5,32.78
2019-10-31,42,N2EXMIDP,0,0
2019-10-31,43,APXMIDP ,1474.75,34.84
2019-10-31,43,N2EXMIDP,0,0
2019-10-31,44,APXMIDP ,1191.15,34.05
2019-10-31,44,N2EXMIDP,0,0
2019-10-31,45,APXMIDP ,1392.6,35.51
2019-10-31,45,N2EXMIDP,0,0
2019-10-31,46,APXMIDP ,1402.3,34.73
2019-10-31,46,N2EXMIDP,0,0
2019-10-31,47,APXMIDP ,637,28.11
2019-10-31,47,N2EXMIDP,0,0
2019-10-31,48,APXMIDP ,401.9,32.18
2019-10-31,48,N2EXMIDP,0,0
2019-11-01,1,APXMIDP ,370.5,32.8
2019-11-01,1,N2EXMIDP,0,0
2019-11-01,2,APXMIDP ,487,33.51
2019-11-01,2,N2EXMIDP,0,0
2019-11-01,3,APXMIDP ,464.35,36.07
2019-11-01,3,N2EXMIDP,0,0
2019-11-01,4,APXMIDP ,407.4,34.96
2019-11-01,4,N2EXMIDP,0,0
2019-11-01,5,APXMIDP ,525.45,37.23
2019-11-01,5,N2EXMIDP,0,0
2019-11-01,6,APXMIDP ,733.3,36.29
2019-11-01,6,N2EXMIDP,0,0
2019-11-01,7,APXMIDP ,788.55,34.1
2019-11-01,7,N2EXMIDP,0,0
2019-11-01,8,APXMIDP ,753.45,31.94
2019-11-01,8,N2EXMIDP,0,0
2019-11-01,9,APXMIDP ,782.65,31.43
2019-11-01,9,N2EXMIDP,0,0
2019-11-01,10,APXMIDP ,980.75,31.42
2019-11-01,10,N2EXMIDP,0,0
2019-11-01,11,APXMIDP ,545.1,33.08
2019-11-01,11,N2EXMIDP,0,0
2019-11-01,12,APXMIDP ,614.25,35.15
2019-11-01,12,N2EXMIDP,0,0
2019-11-01,13,APXMIDP ,754.25,32.16
2019-11-01,13,N2EXMIDP,0,0
2019-11-01,14,APXMIDP ,1034.05,34.86
2019-11-01,14,N2EXMIDP,0,0
2019-11-01,15,APXMIDP ,1206.7,38.3
2019-11-01,15,N2EXMIDP,0,0
2019-11-01,16,APXMIDP ,1329.35,37.09
2019-11-01,16,N2EXMIDP,0,0
2019-11-01,17,APXMIDP ,1314,31.68
2019-11-01,17,N2EXMIDP,0,0
2019-11-01,18,APXMIDP ,986.2,33.33
2019-11-01,18,N2EXMIDP,0,0
2019-11-01,19,APXMIDP ,1278.75,32.54
2019-11-01,19,N2EXMIDP,0,0
2019-11-01,20,APXMIDP ,1231.2,32.84
2019-11-01,20,N2EXMIDP,0,0
2019-11-01,21,APXMIDP ,1314.05,32.29
2019-11-01,21,N2EXMIDP,0,0
2019-11-01,22,APXMIDP ,1329.45,31.91
2019-11-01,22,N2EXMIDP,0,0
2019-11-01,23,APXMIDP ,1426.95,29.42
2019-11-01,23,N2EXMIDP,0,0
2019-11-01,24,APXMIDP ,1548.35,28.8
2019-11-01,24,N2EXMIDP,0,0
2019-11-01,25,APXMIDP ,1630.25,34.21
2019-11-01,25,N2EXMIDP,0,0
2019-11-01,26,APXMIDP ,1218.85,33.66
2019-11-01,26,N2EXMIDP,0,0
2019-11-01,27,APXMIDP ,1270.05,35.29
2019-11-01,27,N2EXMIDP,0,0
2019-11-01,28,APXMIDP ,1321.15,37.13
2019-11-01,28,N2EXMIDP,0,0
2019-11-01,29,APXMIDP ,1360.35,36.98
2019-11-01,29,N2EXMIDP,0,0
2019-11-01,30,APXMIDP ,1408.3,36.1
2019-11-01,30,N2EXMIDP,0,0
2019-11-01,31,APXMIDP ,1467.95,43.21
2019-11-01,31,N2EXMIDP,0,0
2019-11-01,32,APXMIDP ,1557.6,42.26
2019-11-01,32,N2EXMIDP,0,0
2019-11-01,33,APXMIDP ,1482.15,44.09
2019-11-01,33,N2EXMIDP,0,0
2019-11-01,34,APXMIDP ,1736.55,49.17
2019-11-01,34,N2EXMIDP,0,0
2019-11-01,35,APXMIDP ,2008.35,48.29
2019-11-01,35,N2EXMIDP,0,0
2019-11-01,36,APXMIDP ,1840.7,48.18
2019-11-01,36,N2EXMIDP,0,0
2019-11-01,37,APXMIDP ,1850.75,46.93
2019-11-01,37,N2EXMIDP,0,0
2019-11-01,38,APXMIDP ,2032.1,43.58
2019-11-01,38,N2EXMIDP,0,0
2019-11-01,39,APXMIDP ,2181.8,37.27
2019-11-01,39,N2EXMIDP,0,0
2019-11-01,40,APXMIDP ,2149.05,37.18
2019-11-01,40,N2EXMIDP,0,0
2019-11-01,41,APXMIDP ,2129.1,37.32
2019-11-01,41,N2EXMIDP,0,0
2019-11-01,42,APXMIDP ,2253,37.74
2019-11-01,42,N2EXMIDP,0,0
2019-11-01,43,APXMIDP ,1675.95,36.12
2019-11-01,43,N2EXMIDP,0,0
2019-11-01,44,APXMIDP ,1817.5,36.36
2019-11-01,44,N2EXMIDP,0,0
2019-11-01,45,APXMIDP ,1774.55,34.14
2019-11-01,45,N2EXMIDP,0,0
2019-11-01,46,APXMIDP ,1981.75,32.38
2019-11-01,46,N2EXMIDP,0,0
2019-11-01,47,APXMIDP ,1021.25,40.95
2019-11-01,47,N2EXMIDP,0,0
2019-11-01,48,APXMIDP ,624.4,37.54
2019-11-01,48,N2EXMIDP,0,0
2019-11-02,1,APXMIDP ,434.45,29.96
2019-11-02,1,N2EXMIDP,0,0
2019-11-02,2,APXMIDP ,713.8,30.07
2019-11-02,2,N2EXMIDP,0,0
2019-11-02,3,APXMIDP ,748.05,22.65
2019-11-02,3,N2EXMIDP,0,0
2019-11-02,4,APXMIDP ,764.3,16.29
2019-11-02,4,N2EXMIDP,0,0
2019-11-02,5,APXMIDP ,633.05,21.47
2019-11-02,5,N2EXMIDP,0,0
2019-11-02,6,APXMIDP ,825.55,19.45
2019-11-02,6,N2EXMIDP,0,0
2019-11-02,7,APXMIDP ,627.65,21.64
2019-11-02,7,N2EXMIDP,0,0
2019-11-02,8,APXMIDP ,611.2,14.24
2019-11-02,8,N2EXMIDP,0,0
2019-11-02,9,APXMIDP ,574.75,15.46
2019-11-02,9,N2EXMIDP,0,0
2019-11-02,10,APXMIDP ,712.3,20.55
2019-11-02,10,N2EXMIDP,0,0
2019-11-02,11,APXMIDP ,659.65,20.53
2019-11-02,11,N2EXMIDP,0,0
2019-11-02,12,APXMIDP ,756.45,24.8
2019-11-02,12,N2EXMIDP,0,0
2019-11-02,13,APXMIDP ,893.45,30.03
2019-11-02,13,N2EXMIDP,0,0
2019-11-02,14,APXMIDP ,1131.25,29.7
2019-11-02,14,N2EXMIDP,0,0
2019-11-02,15,APXMIDP ,928.3,29.59
2019-11-02,15,N2EXMIDP,0,0
2019-11-02,16,APXMIDP ,1263.45,29.06
2019-11-02,16,N2EXMIDP,0,0
2019-11-02,17,APXMIDP ,1129.5,27.03
2019-11-02,17,N2EXMIDP,0,0
2019-11-02,18,APXMIDP ,1176.4,34.46
2019-11-02,18,N2EXMIDP,0,0
2019-11-02,19,APXMIDP ,771.1,43.39
2019-11-02,19,N2EXMIDP,0,0
2019-11-02,20,APXMIDP ,846.8,45.5
2019-11-02,20,N2EXMIDP,0,0
2019-11-02,21,APXMIDP ,1296.55,44.62
2019-11-02,21,N2EXMIDP,0,0
2019-11-02,22,APXMIDP ,1202.35,43.86
2019-11-02,22,N2EXMIDP,0,0
2019-11-02,23,APXMIDP ,887.75,43.79
2019-11-02,23,N2EXMIDP,0,0
2019-11-02,24,APXMIDP ,1144,40.53
2019-11-02,24,N2EXMIDP,0,0
2019-11-02,25,APXMIDP ,997.5,44.66
2019-11-02,25,N2EXMIDP,0,0
2019-11-02,26,APXMIDP ,1022.9,46.84
2019-11-02,26,N2EXMIDP,0,0
2019-11-02,27,APXMIDP ,985.2,47.59
2019-11-02,27,N2EXMIDP,0,0
2019-11-02,28,APXMIDP ,1103.3,44.44
2019-11-02,28,N2EXMIDP,0,0
2019-11-02,29,APXMIDP ,1189.1,42.08
2019-11-02,29,N2EXMIDP,0,0
2019-11-02,30,APXMIDP ,1146.45,42.64
2019-11-02,30,N2EXMIDP,0,0
2019-11-02,31,APXMIDP ,1004.25,45.15
2019-11-02,31,N2EXMIDP,0,0
2019-11-02,32,APXMIDP ,1216.75,43.59
2019-11-02,32,N2EXMIDP,0,0
2019-11-02,33,APXMIDP ,1128.9,45.82
2019-11-02,33,N2EXMIDP,0,0
2019-11-02,34,APXMIDP ,1634.45,46.12
2019-11-02,34,N2EXMIDP,0,0
2019-11-02,35,APXMIDP ,1603.3,50.11
2019-11-02,35,N2EXMIDP,0,0
2019-11-02,36,APXMIDP ,1592.15,50.28
2019-11-02,36,N2EXMIDP,0,0
2019-11-02,37,APXMIDP ,1829.8,49.58
2019-11-02,37,N2EXMIDP,0,0
2019-11-02,38,APXMIDP ,1816.5,46.76
2019-11-02,38,N2EXMIDP,0,0
2019-11-02,39,APXMIDP ,1612.75,40.96
2019-11-02,39,N2EXMIDP,0,0
2019-11-02,40,APXMIDP ,1434.3,39.12
2019-11-02,40,N2EXMIDP,0,0
2019-11-02,41,APXMIDP ,1506.8,37.98
2019-11-02,41,N2EXMIDP,0,0
2019-11-02,42,APXMIDP ,1274.55,38.79
2019-11-02,42,N2EXMIDP,0,0
2019-11-02,43,APXMIDP ,823.6,40.01
2019-11-02,43,N2EXMIDP,0,0
2019-11-02,44,APXMIDP ,654.6,38.21
2019-11-02,44,N2EXMIDP,0,0
2019-11-02,45,APXMIDP ,763.4,36.54
2019-11-02,45,N2EXMIDP,0,0
2019-11-02,46,APXMIDP ,656.4,37.39
2019-11-02,46,N2EXMIDP,0,0
2019-11-02,47,APXMIDP ,1289.15,43.79
2019-11-02,47,N2EXMIDP,0,0
2019-11-02,48,APXMIDP ,766.45,44.65
2019-11-02,48,N2EXMIDP,0,0
2019-11-03,1,APXMIDP ,572.4,42.42
2019-11-03,1,N2EXMIDP,0,0
2019-11-03,2,APXMIDP ,611.5,44.79
2019-11-03,2,N2EXMIDP,0,0
2019-11-03,3,APXMIDP ,606.35,39.27
2019-11-03,3,N2EXMIDP,0,0
2019-11-03,4,APXMIDP ,515.6,39.27
2019-11-03,4,N2EXMIDP,0,0
2019-11-03,5,APXMIDP ,540,36.3
2019-11-03,5,N2EXMIDP,0,0
2019-11-03,6,APXMIDP ,491.3,33.89
2019-11-03,6,N2EXMIDP,0,0
2019-11-03,7,APXMIDP ,654.55,32.12
2019-11-03,7,N2EXMIDP,0,0
2019-11-03,8,APXMIDP ,654.35,36
2019-11-03,8,N2EXMIDP,0,0
2019-11-03,9,APXMIDP ,508.35,38.89
2019-11-03,9,N2EXMIDP,0,0
2019-11-03,10,APXMIDP ,526.55,40.47
2019-11-03,10,N2EXMIDP,0,0
2019-11-03,11,APXMIDP ,563.2,42.76
2019-11-03,11,N2EXMIDP,0,0
2019-11-03,12,APXMIDP ,696.25,43.18
2019-11-03,12,N2EXMIDP,0,0
2019-11-03,13,APXMIDP ,944.7,42.07
2019-11-03,13,N2EXMIDP,0,0
2019-11-03,14,APXMIDP ,1273.6,37.4
2019-11-03,14,N2EXMIDP,0,0
2019-11-03,15,APXMIDP ,1172.7,33.08
2019-11-03,15,N2EXMIDP,0,0
2019-11-03,16,APXMIDP ,1271.15,33.66
2019-11-03,16,N2EXMIDP,0,0
2019-11-03,17,APXMIDP ,1465.25,30.86
2019-11-03,17,N2EXMIDP,0,0
2019-11-03,18,APXMIDP ,1388.85,32.99
2019-11-03,18,N2EXMIDP,0,0
2019-11-03,19,APXMIDP ,1024.05,35.81
2019-11-03,19,N2EXMIDP,0,0
2019-11-03,20,APXMIDP ,1119.6,41.61
2019-11-03,20,N2EXMIDP,0,0
2019-11-03,21,APXMIDP ,1019.2,38.05
2019-11-03,21,N2EXMIDP,0,0
2019-11-03,22,APXMIDP ,950.45,35.48
2019-11-03,22,N2EXMIDP,0,0
2019-11-03,23,APXMIDP ,846.75,37.33
2019-11-03,23,N2EXMIDP,0,0
2019-11-03,24,APXMIDP ,1134.95,41.45
2019-11-03,24,N2EXMIDP,0,0
2019-11-03,25,APXMIDP ,1109.2,43.6
2019-11-03,25,N2EXMIDP,0,0
2019-11-03,26,APXMIDP ,1211.05,42.58
2019-11-03,26,N2EXMIDP,0,0
2019-11-03,27,APXMIDP ,1102.35,43.39
2019-11-03,27,N2EXMIDP,0,0
2019-11-03,28,APXMIDP ,1132.55,43.58
2019-11-03,28,N2EXMIDP,0,0
2019-11-03,29,APXMIDP ,1020,42.84
2019-11-03,29,N2EXMIDP,0,0
2019-11-03,30,APXMIDP ,974.4,41.08
2019-11-03,30,N2EXMIDP,0,0
2019-11-03,31,APXMIDP ,1242.25,43.87
2019-11-03,31,N2EXMIDP,0,0
2019-11-03,32,APXMIDP ,910.05,47.28
2019-11-03,32,N2EXMIDP,0,0
2019-11-03,33,APXMIDP ,989.65,48.43
2019-11-03,33,N2EXMIDP,0,0
2019-11-03,34,APXMIDP ,1247.3,55.46
2019-11-03,34,N2EXMIDP,0,0
2019-11-03,35,APXMIDP ,1159.05,65.86
2019-11-03,35,N2EXMIDP,0,0
2019-11-03,36,APXMIDP ,1120.95,65.54
2019-11-03,36,N2EXMIDP,0,0
2019-11-03,37,APXMIDP ,1069.9,62.46
2019-11-03,37,N2EXMIDP,0,0
2019-11-03,38,APXMIDP ,916.7,53.54
2019-11-03,38,N2EXMIDP,0,0
2019-11-03,39,APXMIDP ,1232.05,34.38
2019-11-03,39,N2EXMIDP,0,0
2019-11-03,40,APXMIDP ,911.25,33.14
2019-11-03,40,N2EXMIDP,0,0
2019-11-03,41,APXMIDP ,1099.7,34.83
2019-11-03,41,N2EXMIDP,0,0
2019-11-03,42,APXMIDP ,1107.9,37.69
2019-11-03,42,N2EXMIDP,0,0
2019-11-03,43,APXMIDP ,1051.5,40.43
2019-11-03,43,N2EXMIDP,0,0
2019-11-03,44,APXMIDP ,808.3,40.35
2019-11-03,44,N2EXMIDP,0,0
2019-11-03,45,APXMIDP ,1027.05,38.3
2019-11-03,45,N2EXMIDP,0,0
2019-11-03,46,APXMIDP ,996.35,36.27
2019-11-03,46,N2EXMIDP,0,0
2019-11-03,47,APXMIDP ,443.3,37.6
2019-11-03,47,N2EXMIDP,0,0
2019-11-03,48,APXMIDP ,265.2,42.42
2019-11-03,48,N2EXMIDP,0,0
2019-11-04,1,APXMIDP ,131.1,39.07
2019-11-04,1,N2EXMIDP,0,0
2019-11-04,2,APXMIDP ,362.6,35.61
2019-11-04,2,N2EXMIDP,0,0
2019-11-04,3,APXMIDP ,646.7,32.4
2019-11-04,3,N2EXMIDP,0,0
2019-11-04,4,APXMIDP ,522.35,24.82
2019-11-04,4,N2EXMIDP,0,0
2019-11-04,5,APXMIDP ,820.3,25.36
2019-11-04,5,N2EXMIDP,0,0
2019-11-04,6,APXMIDP ,674.2,26.82
2019-11-04,6,N2EXMIDP,0,0
2019-11-04,7,APXMIDP ,590.4,26.87
2019-11-04,7,N2EXMIDP,0,0
2019-11-04,8,APXMIDP ,524.3,24.61
2019-11-04,8,N2EXMIDP,0,0
2019-11-04,9,APXMIDP ,570.95,25.8
2019-11-04,9,N2EXMIDP,0,0
2019-11-04,10,APXMIDP ,617.2,25.12
2019-11-04,10,N2EXMIDP,0,0
2019-11-04,11,APXMIDP ,754.85,27.79
2019-11-04,11,N2EXMIDP,0,0
2019-11-04,12,APXMIDP ,996.3,30.19
2019-11-04,12,N2EXMIDP,0,0
2019-11-04,13,APXMIDP ,889.45,33.05
2019-11-04,13,N2EXMIDP,0,0
2019-11-04,14,APXMIDP ,1304.7,35.28
2019-11-04,14,N2EXMIDP,0,0
2019-11-04,15,APXMIDP ,1000.25,51.06
2019-11-04,15,N2EXMIDP,0,0
2019-11-04,16,APXMIDP ,1182.2,49.03
2019-11-04,16,N2EXMIDP,0,0
2019-11-04,17,APXMIDP ,861.9,41.31
2019-11-04,17,N2EXMIDP,0,0
2019-11-04,18,APXMIDP ,604.55,38.65
2019-11-04,18,N2EXMIDP,0,0
2019-11-04,19,APXMIDP ,832.7,36.61
2019-11-04,19,N2EXMIDP,0,0
2019-11-04,20,APXMIDP ,817.65,35.59
2019-11-04,20,N2EXMIDP,0,0
2019-11-04,21,APXMIDP ,862.95,39.78
2019-11-04,21,N2EXMIDP,0,0
2019-11-04,22,APXMIDP ,1061.55,38.78
2019-11-04,22,N2EXMIDP,0,0
2019-11-04,23,APXMIDP ,1165.7,42.6
2019-11-04,23,N2EXMIDP,0,0
2019-11-04,24,APXMIDP ,1134.95,40.67
2019-11-04,24,N2EXMIDP,0,0
2019-11-04,25,APXMIDP ,1023.2,41.07
2019-11-04,25,N2EXMIDP,0,0
2019-11-04,26,APXMIDP ,1023.25,39.93
2019-11-04,26,N2EXMIDP,0,0
2019-11-04,27,APXMIDP ,869.3,41.01
2019-11-04,27,N2EXMIDP,0,0
2019-11-04,28,APXMIDP ,981.55,41.06
2019-11-04,28,N2EXMIDP,0,0
2019-11-04,29,APXMIDP ,843.35,41.71
2019-11-04,29,N2EXMIDP,0,0
2019-11-04,30,APXMIDP ,1020.4,43.22
2019-11-04,30,N2EXMIDP,0,0
2019-11-04,31,APXMIDP ,1294.25,41.93
2019-11-04,31,N2EXMIDP,0,0
2019-11-04,32,APXMIDP ,1192.55,47.31
2019-11-04,32,N2EXMIDP,0,0
2019-11-04,33,APXMIDP ,1325.05,42.42
2019-11-04,33,N2EXMIDP,0,0
2019-11-04,34,APXMIDP ,1398.35,53.69
2019-11-04,34,N2EXMIDP,0,0
2019-11-04,35,APXMIDP ,1573.5,48.33
2019-11-04,35,N2EXMIDP,0,0
2019-11-04,36,APXMIDP ,1496.3,46.31
2019-11-04,36,N2EXMIDP,0,0
2019-11-04,37,APXMIDP ,1323.1,39.74
2019-11-04,37,N2EXMIDP,0,0
2019-11-04,38,APXMIDP ,1049.5,39.59
2019-11-04,38,N2EXMIDP,0,0
2019-11-04,39,APXMIDP ,1246.25,37.31
2019-11-04,39,N2EXMIDP,0,0
2019-11-04,40,APXMIDP ,1092.35,36.63
2019-11-04,40,N2EXMIDP,0,0
2019-11-04,41,APXMIDP ,967.8,35.98
2019-11-04,41,N2EXMIDP,0,0
2019-11-04,42,APXMIDP ,1117.65,36.83
2019-11-04,42,N2EXMIDP,0,0
2019-11-04,43,APXMIDP ,1250.6,36.19
2019-11-04,43,N2EXMIDP,0,0
2019-11-04,44,APXMIDP ,1250.3,32.13
2019-11-04,44,N2EXMIDP,0,0
2019-11-04,45,APXMIDP ,1558.2,25.95
2019-11-04,45,N2EXMIDP,0,0
2019-11-04,46,APXMIDP ,1838.75,25.14
2019-11-04,46,N2EXMIDP,0,0
2019-11-04,47,APXMIDP ,732.8,18.86
2019-11-04,47,N2EXMIDP,0,0
2019-11-04,48,APXMIDP ,848.45,14.73
2019-11-04,48,N2EXMIDP,0,0
2019-11-05,1,APXMIDP ,657.4,16.77
2019-11-05,1,N2EXMIDP,0,0
2019-11-05,2,APXMIDP ,636.85,16.35
2019-11-05,2,N2EXMIDP,0,0
2019-11-05,3,APXMIDP ,592.05,16.22
2019-11-05,3,N2EXMIDP,0,0
2019-11-05,4,APXMIDP ,853.5,16.92
2019-11-05,4,N2EXMIDP,0,0
2019-11-05,5,APXMIDP ,517.15,16.94
2019-11-05,5,N2EXMIDP,0,0
2019-11-05,6,APXMIDP ,519.75,16.49
2019-11-05,6,N2EXMIDP,0,0
2019-11-05,7,APXMIDP ,808,22.25
2019-11-05,7,N2EXMIDP,0,0
2019-11-05,8,APXMIDP ,616.65,21
2019-11-05,8,N2EXMIDP,0,0
2019-11-05,9,APXMIDP ,668.55,21.4
2019-11-05,9,N2EXMIDP,0,0
2019-11-05,10,APXMIDP ,836.7,23.02
2019-11-05,10,N2EXMIDP,0,0
2019-11-05,11,APXMIDP ,845.1,33.45
2019-11-05,11,N2EXMIDP,0,0
2019-11-05,12,APXMIDP ,767.9,28.9
2019-11-05,12,N2EXMIDP,0,0
2019-11-05,13,APXMIDP ,1368.85,40.99
2019-11-05,13,N2EXMIDP,0,0
2019-11-05,14,APXMIDP ,1069.1,34.07
2019-11-05,14,N2EXMIDP,0,0
2019-11-05,15,APXMIDP ,1075.15,42.24
2019-11-05,15,N2EXMIDP,0,0
2019-11-05,16,APXMIDP ,825.05,43.85
2019-11-05,16,N2EXMIDP,0,0
2019-11-05,17,APXMIDP ,1049.3,41.76
2019-11-05,17,N2EXMIDP,0,0
2019-11-05,18,APXMIDP ,998.9,44.13
2019-11-05,18,N2EXMIDP,0,0
2019-11-05,19,APXMIDP ,1392.35,42.53
2019-11-05,19,N2EXMIDP,0,0
2019-11-05,20,APXMIDP ,1393.95,43.04
2019-11-05,20,N2EXMIDP,0,0
2019-11-05,21,APXMIDP ,1551.7,43.39
2019-11-05,21,N2EXMIDP,0,0
2019-11-05,22,APXMIDP ,1562.15,41.57
2019-11-05,22,N2EXMIDP,0,0
2019-11-05,23,APXMIDP ,1375.75,37.49
2019-11-05,23,N2EXMIDP,0,0
2019-11-05,24,APXMIDP ,1311.85,37.29
2019-11-05,24,N2EXMIDP,0,0
2019-11-05,25,APXMIDP ,1287.9,37.59
2019-11-05,25,N2EXMIDP,0,0
2019-11-05,26,APXMIDP ,1157.05,38.62
2019-11-05,26,N2EXMIDP,0,0
2019-11-05,27,APXMIDP ,1285.6,40.38
2019-11-05,27,N2EXMIDP,0,0
2019-11-05,28,APXMIDP ,1201.65,41.01
2019-11-05,28,N2EXMIDP,0,0
2019-11-05,29,APXMIDP ,1373.05,40.15
2019-11-05,29,N2EXMIDP,0,0
2019-11-05,30,APXMIDP ,1246.3,39.95
2019-11-05,30,N2EXMIDP,0,0
2019-11-05,31,APXMIDP ,995.95,44.6
2019-11-05,31,N2EXMIDP,0,0
2019-11-05,32,APXMIDP ,907.4,50.02
2019-11-05,32,N2EXMIDP,0,0
2019-11-05,33,APXMIDP ,1168.15,44.89
2019-11-05,33,N2EXMIDP,0,0
2019-11-05,34,APXMIDP ,1130.8,57.13
2019-11-05,34,N2EXMIDP,0,0
2019-11-05,35,APXMIDP ,1083.9,56.95
2019-11-05,35,N2EXMIDP,0,0
2019-11-05,36,APXMIDP ,1070.9,56.51
2019-11-05,36,N2EXMIDP,0,0
2019-11-05,37,APXMIDP ,1224.8,48.34
2019-11-05,37,N2EXMIDP,0,0
2019-11-05,38,APXMIDP ,1385.55,46.7
2019-11-05,38,N2EXMIDP,0,0
2019-11-05,39,APXMIDP ,1375.35,41.6
2019-11-05,39,N2EXMIDP,0,0
2019-11-05,40,APXMIDP ,1234.35,40.6
2019-11-05,40,N2EXMIDP,0,0
2019-11-05,41,APXMIDP ,1045.05,41.08
2019-11-05,41,N2EXMIDP,0,0
2019-11-05,42,APXMIDP ,1223.5,39.81
2019-11-05,42,N2EXMIDP,0,0
2019-11-05,43,APXMIDP ,1636.7,39.27
2019-11-05,43,N2EXMIDP,0,0
2019-11-05,44,APXMIDP ,1460.75,38.3
2019-11-05,44,N2EXMIDP,0,0
2019-11-05,45,APXMIDP ,1735.95,36.78
2019-11-05,45,N2EXMIDP,0,0
2019-11-05,46,APXMIDP ,2179.55,34.27
2019-11-05,46,N2EXMIDP,0,0
2019-11-05,47,APXMIDP ,795.95,31.46
2019-11-05,47,N2EXMIDP,0,0
2019-11-05,48,APXMIDP ,634.5,30.58
2019-11-05,48,N2EXMIDP,0,0
2019-11-06,1,APXMIDP ,595,26.29
2019-11-06,1,N2EXMIDP,0,0
2019-11-06,2,APXMIDP ,436.15,29.46
2019-11-06,2,N2EXMIDP,0,0
2019-11-06,3,APXMIDP ,409,31.17
2019-11-06,3,N2EXMIDP,0,0
2019-11-06,4,APXMIDP ,542.7,29.16
2019-11-06,4,N2EXMIDP,0,0
2019-11-06,5,APXMIDP ,463.2,30.06
2019-11-06,5,N2EXMIDP,0,0
2019-11-06,6,APXMIDP ,469.95,30.78
2019-11-06,6,N2EXMIDP,0,0
2019-11-06,7,APXMIDP ,492.8,28.54
2019-11-06,7,N2EXMIDP,0,0
2019-11-06,8,APXMIDP ,544.65,25.28
2019-11-06,8,N2EXMIDP,0,0
2019-11-06,9,APXMIDP ,700.25,25.57
2019-11-06,9,N2EXMIDP,0,0
2019-11-06,10,APXMIDP ,748.35,24.2
2019-11-06,10,N2EXMIDP,0,0
2019-11-06,11,APXMIDP ,649.6,38.27
2019-11-06,11,N2EXMIDP,0,0
2019-11-06,12,APXMIDP ,759.35,32.93
2019-11-06,12,N2EXMIDP,0,0
2019-11-06,13,APXMIDP ,1079.25,44.6
2019-11-06,13,N2EXMIDP,0,0
2019-11-06,14,APXMIDP ,1858.2,45.43
2019-11-06,14,N2EXMIDP,0,0
2019-11-06,15,APXMIDP ,794,48.03
2019-11-06,15,N2EXMIDP,0,0
2019-11-06,16,APXMIDP ,963.55,55.26
2019-11-06,16,N2EXMIDP,0,0
2019-11-06,17,APXMIDP ,779,49.79
2019-11-06,17,N2EXMIDP,0,0
2019-11-06,18,APXMIDP ,1045.45,47.88
2019-11-06,18,N2EXMIDP,0,0
2019-11-06,19,APXMIDP ,1087.35,43.81
2019-11-06,19,N2EXMIDP,0,0
2019-11-06,20,APXMIDP ,878.5,43.59
2019-11-06,20,N2EXMIDP,0,0
2019-11-06,21,APXMIDP ,1011.8,44.67
2019-11-06,21,N2EXMIDP,0,0
2019-11-06,22,APXMIDP ,1048.35,44.31
2019-11-06,22,N2EXMIDP,0,0
2019-11-06,23,APXMIDP ,963.95,45.47
2019-11-06,23,N2EXMIDP,0,0
2019-11-06,24,APXMIDP ,916.6,46.94
2019-11-06,24,N2EXMIDP,0,0
2019-11-06,25,APXMIDP ,964.35,48.22
2019-11-06,25,N2EXMIDP,0,0
2019-11-06,26,APXMIDP ,1050.35,51.64
2019-11-06,26,N2EXMIDP,0,0
2019-11-06,27,APXMIDP ,1675.1,56.88
2019-11-06,27,N2EXMIDP,0,0
2019-11-06,28,APXMIDP ,1725.6,54.45
2019-11-06,28,N2EXMIDP,0,0
2019-11-06,29,APXMIDP ,1865.9,55.92
2019-11-06,29,N2EXMIDP,0,0
2019-11-06,30,APXMIDP ,1693.1,56.3
2019-11-06,30,N2EXMIDP,0,0
2019-11-06,31,APXMIDP ,1078.2,63.51
2019-11-06,31,N2EXMIDP,0,0
2019-11-06,32,APXMIDP ,1492.85,59.88
2019-11-06,32,N2EXMIDP,0,0
2019-11-06,33,APXMIDP ,1182.15,61.43
2019-11-06,33,N2EXMIDP,0,0
2019-11-06,34,APXMIDP ,1244.95,77.55
2019-11-06,34,N2EXMIDP,0,0
2019-11-06,35,APXMIDP ,903.2,78.95
2019-11-06,35,N2EXMIDP,0,0
2019-11-06,36,APXMIDP ,1118.7,81.27
2019-11-06,36,N2EXMIDP,0,0
2019-11-06,37,APXMIDP ,977.55,69.83
2019-11-06,37,N2EXMIDP,0,0
2019-11-06,38,APXMIDP ,1239.35,65.11
2019-11-06,38,N2EXMIDP,0,0
2019-11-06,39,APXMIDP ,776.05,43.25
2019-11-06,39,N2EXMIDP,0,0
2019-11-06,40,APXMIDP ,737.5,36.19
2019-11-06,40,N2EXMIDP,0,0
2019-11-06,41,APXMIDP ,452.75,37.58
2019-11-06,41,N2EXMIDP,0,0
2019-11-06,42,APXMIDP ,543.1,39.44
2019-11-06,42,N2EXMIDP,0,0
2019-11-06,43,APXMIDP ,1376.65,40.88
2019-11-06,43,N2EXMIDP,0,0
2019-11-06,44,APXMIDP ,1101.9,40.04
2019-11-06,44,N2EXMIDP,0,0
2019-11-06,45,APXMIDP ,1301.8,38.02
2019-11-06,45,N2EXMIDP,0,0
2019-11-06,46,APXMIDP ,1595.9,39.68
2019-11-06,46,N2EXMIDP,0,0
2019-11-06,47,APXMIDP ,914.5,43.8
2019-11-06,47,N2EXMIDP,0,0
2019-11-06,48,APXMIDP ,930,43.13
2019-11-06,48,N2EXMIDP,0,0
2019-11-07,1,APXMIDP ,609,43.33
2019-11-07,1,N2EXMIDP,0,0
2019-11-07,2,APXMIDP ,753.75,41.45
2019-11-07,2,N2EXMIDP,0,0
2019-11-07,3,APXMIDP ,696.55,35.74
2019-11-07,3,N2EXMIDP,0,0
2019-11-07,4,APXMIDP ,804.95,33.85
2019-11-07,4,N2EXMIDP,0,0
2019-11-07,5,APXMIDP ,555.95,35.27
2019-11-07,5,N2EXMIDP,0,0
2019-11-07,6,APXMIDP ,561.45,35.14
2019-11-07,6,N2EXMIDP,0,0
2019-11-07,7,APXMIDP ,352.35,30.83
2019-11-07,7,N2EXMIDP,33.5,9.44
2019-11-07,8,APXMIDP ,319.85,30.41
2019-11-07,8,N2EXMIDP,54,3.94
2019-11-07,9,APXMIDP ,319.85,30.4
2019-11-07,9,N2EXMIDP,50,2.5
2019-11-07,10,APXMIDP ,319.85,30.39
2019-11-07,10,N2EXMIDP,60,2.08
2019-11-07,11,APXMIDP ,320.8,30.72
2019-11-07,11,N2EXMIDP,50,5.5
2019-11-07,12,APXMIDP ,319.8,30.71
2019-11-07,12,N2EXMIDP,31,17.1
2019-11-07,13,APXMIDP ,319.8,30.71
2019-11-07,13,N2EXMIDP,155,20.97
2019-11-07,14,APXMIDP ,462.3,33.02
2019-11-07,14,N2EXMIDP,229.5,40.37
2019-11-07,15,APXMIDP ,0,0
2019-11-07,15,N2EXMIDP,146.25,35.32
2019-11-07,16,APXMIDP ,0,0
2019-11-07,16,N2EXMIDP,215.75,41.95
2019-11-07,17,APXMIDP ,0,0
2019-11-07,17,N2EXMIDP,110,40.33
2019-11-07,18,APXMIDP ,0,0
2019-11-07,18,N2EXMIDP,192,39.51
2019-11-07,19,APXMIDP ,0,0
2019-11-07,19,N2EXMIDP,252,35.05
2019-11-07,20,APXMIDP ,0,0
2019-11-07,20,N2EXMIDP,229.5,35.88
2019-11-07,21,APXMIDP ,96.4,30.49
2019-11-07,21,N2EXMIDP,259,37.13
2019-11-07,22,APXMIDP ,211.7,25.29
2019-11-07,22,N2EXMIDP,202,36.79
2019-11-07,23,APXMIDP ,845,29.97
2019-11-07,23,N2EXMIDP,290,34.67
2019-11-07,24,APXMIDP ,1038.1,32.39
2019-11-07,24,N2EXMIDP,290,34.67
2019-11-07,25,APXMIDP ,1086.45,33.78
2019-11-07,25,N2EXMIDP,290,34.67
2019-11-07,26,APXMIDP ,1195.8,34.8
2019-11-07,26,N2EXMIDP,290,34.67
2019-11-07,27,APXMIDP ,1292.05,30.97
2019-11-07,27,N2EXMIDP,265,34.73
2019-11-07,28,APXMIDP ,1093.7,34.32
2019-11-07,28,N2EXMIDP,265,34.73
2019-11-07,29,APXMIDP ,1287.55,36.43
2019-11-07,29,N2EXMIDP,265,34.73
2019-11-07,30,APXMIDP ,1173.9,34.14
2019-11-07,30,N2EXMIDP,265,34.73
2019-11-07,31,APXMIDP ,1457.3,36.45
2019-11-07,31,N2EXMIDP,0,0
2019-11-07,32,APXMIDP ,1196.3,38.05
2019-11-07,32,N2EXMIDP,0,0
2019-11-07,33,APXMIDP ,1454.05,34.58
2019-11-07,33,N2EXMIDP,0,0
2019-11-07,34,APXMIDP ,1213.2,43.07
2019-11-07,34,N2EXMIDP,0,0
2019-11-07,35,APXMIDP ,1407.8,44.89
2019-11-07,35,N2EXMIDP,0,0
2019-11-07,36,APXMIDP ,1421.9,45.46
2019-11-07,36,N2EXMIDP,0,0
2019-11-07,37,APXMIDP ,1596.25,46.67
2019-11-07,37,N2EXMIDP,0,0
2019-11-07,38,APXMIDP ,1641.45,42.15
2019-11-07,38,N2EXMIDP,0,0
2019-11-07,39,APXMIDP ,1505.35,40.12
2019-11-07,39,N2EXMIDP,0,0
2019-11-07,40,APXMIDP ,1489,42.06
2019-11-07,40,N2EXMIDP,0,0
2019-11-07,41,APXMIDP ,1427.65,42.99
2019-11-07,41,N2EXMIDP,0,0
2019-11-07,42,APXMIDP ,1564.05,41.29
2019-11-07,42,N2EXMIDP,0,0
2019-11-07,43,APXMIDP ,1275.05,39.86
2019-11-07,43,N2EXMIDP,0,0
2019-11-07,44,APXMIDP ,1137.75,38.88
2019-11-07,44,N2EXMIDP,0,0
2019-11-07,45,APXMIDP ,1200.8,38.71
2019-11-07,45,N2EXMIDP,0,0
2019-11-07,46,APXMIDP ,1671.4,37.77
2019-11-07,46,N2EXMIDP,0,0
2019-11-07,47,APXMIDP ,953.05,31.18
2019-11-07,47,N2EXMIDP,0,0
2019-11-07,48,APXMIDP ,413.35,23.25
2019-11-07,48,N2EXMIDP,0,0
2019-11-08,1,APXMIDP ,446.15,14.64
2019-11-08,1,N2EXMIDP,0,0
2019-11-08,2,APXMIDP ,502.25,22.99
2019-11-08,2,N2EXMIDP,0,0
2019-11-08,3,APXMIDP ,438.5,24.57
2019-11-08,3,N2EXMIDP,0,0
2019-11-08,4,APXMIDP ,506.75,25.45
2019-11-08,4,N2EXMIDP,0,0
2019-11-08,5,APXMIDP ,404.85,23.6
2019-11-08,5,N2EXMIDP,0,0
2019-11-08,6,APXMIDP ,554.5,24.47
2019-11-08,6,N2EXMIDP,0,0
2019-11-08,7,APXMIDP ,707.45,29.49
2019-11-08,7,N2EXMIDP,0,0
2019-11-08,8,APXMIDP ,626.55,24.89
2019-11-08,8,N2EXMIDP,0,0
2019-11-08,9,APXMIDP ,766,26.81
2019-11-08,9,N2EXMIDP,0,0
2019-11-08,10,APXMIDP ,642.9,25.58
2019-11-08,10,N2EXMIDP,0,0
2019-11-08,11,APXMIDP ,786.45,31.97
2019-11-08,11,N2EXMIDP,0,0
2019-11-08,12,APXMIDP ,701.5,28.53
2019-11-08,12,N2EXMIDP,0,0
2019-11-08,13,APXMIDP ,1241.9,45.57
2019-11-08,13,N2EXMIDP,0,0
2019-11-08,14,APXMIDP ,1426.2,32.46
2019-11-08,14,N2EXMIDP,0,0
2019-11-08,15,APXMIDP ,1113.75,44.16
2019-11-08,15,N2EXMIDP,0,0
2019-11-08,16,APXMIDP ,1409.05,53.55
2019-11-08,16,N2EXMIDP,0,0
2019-11-08,17,APXMIDP ,1158.45,49.64
2019-11-08,17,N2EXMIDP,0,0
2019-11-08,18,APXMIDP ,1386.65,54.78
2019-11-08,18,N2EXMIDP,0,0
2019-11-08,19,APXMIDP ,1523.3,50.99
2019-11-08,19,N2EXMIDP,0,0
2019-11-08,20,APXMIDP ,2207.6,44.67
2019-11-08,20,N2EXMIDP,0,0
2019-11-08,21,APXMIDP ,1948.5,47.64
2019-11-08,21,N2EXMIDP,0,0
2019-11-08,22,APXMIDP ,1733.35,48.3
2019-11-08,22,N2EXMIDP,0,0
2019-11-08,23,APXMIDP ,1200.65,48.81
2019-11-08,23,N2EXMIDP,0,0
2019-11-08,24,APXMIDP ,1354.1,49.75
2019-11-08,24,N2EXMIDP,0,0
2019-11-08,25,APXMIDP ,1405.3,50.67
2019-11-08,25,N2EXMIDP,0,0
2019-11-08,26,APXMIDP ,1295.9,48.86
2019-11-08,26,N2EXMIDP,0,0
2019-11-08,27,APXMIDP ,1424.8,44.21
2019-11-08,27,N2EXMIDP,0,0
2019-11-08,28,APXMIDP ,1603.65,43.65
2019-11-08,28,N2EXMIDP,0,0
2019-11-08,29,APXMIDP ,1665.2,42.88
2019-11-08,29,N2EXMIDP,0,0
2019-11-08,30,APXMIDP ,1382.7,43.46
2019-11-08,30,N2EXMIDP,0,0
2019-11-08,31,APXMIDP ,1390.6,42.08
2019-11-08,31,N2EXMIDP,0,0
2019-11-08,32,APXMIDP ,1135.35,49.67
2019-11-08,32,N2EXMIDP,0,0
2019-11-08,33,APXMIDP ,1619.4,49.24
2019-11-08,33,N2EXMIDP,0,0
2019-11-08,34,APXMIDP ,1436.2,59.99
2019-11-08,34,N2EXMIDP,0,0
2019-11-08,35,APXMIDP ,1044.6,60.42
2019-11-08,35,N2EXMIDP,0,0
2019-11-08,36,APXMIDP ,1229.25,61.8
2019-11-08,36,N2EXMIDP,0,0
2019-11-08,37,APXMIDP ,1305,59.86
2019-11-08,37,N2EXMIDP,0,0
2019-11-08,38,APXMIDP ,1458.75,54.97
2019-11-08,38,N2EXMIDP,0,0
2019-11-08,39,APXMIDP ,1370.1,42.07
2019-11-08,39,N2EXMIDP,0,0
2019-11-08,40,APXMIDP ,1088.55,42.28
2019-11-08,40,N2EXMIDP,0,0
2019-11-08,41,APXMIDP ,1079.55,43.36
2019-11-08,41,N2EXMIDP,0,0
2019-11-08,42,APXMIDP ,1164.25,45.24
2019-11-08,42,N2EXMIDP,0,0
2019-11-08,43,APXMIDP ,945.3,40.86
2019-11-08,43,N2EXMIDP,0,0
2019-11-08,44,APXMIDP ,1056.45,41.2
2019-11-08,44,N2EXMIDP,0,0
2019-11-08,45,APXMIDP ,1205.45,38.01
2019-11-08,45,N2EXMIDP,0,0
2019-11-08,46,APXMIDP ,1538.95,39.57
2019-11-08,46,N2EXMIDP,0,0
2019-11-08,47,APXMIDP ,806.6,43.32
2019-11-08,47,N2EXMIDP,0,0
2019-11-08,48,APXMIDP ,754.05,32.92
2019-11-08,48,N2EXMIDP,0,0
2019-11-09,1,APXMIDP ,548.95,32.83
2019-11-09,1,N2EXMIDP,0,0
2019-11-09,2,APXMIDP ,594.95,40.66
2019-11-09,2,N2EXMIDP,0,0
2019-11-09,3,APXMIDP ,774.1,40.34
2019-11-09,3,N2EXMIDP,0,0
2019-11-09,4,APXMIDP ,711.8,40.27
2019-11-09,4,N2EXMIDP,0,0
2019-11-09,5,APXMIDP ,759.35,40.28
2019-11-09,5,N2EXMIDP,0,0
2019-11-09,6,APXMIDP ,710.45,39.4
2019-11-09,6,N2EXMIDP,0,0
2019-11-09,7,APXMIDP ,686.95,37.54
2019-11-09,7,N2EXMIDP,0,0
2019-11-09,8,APXMIDP ,615.9,34.04
2019-11-09,8,N2EXMIDP,0,0
2019-11-09,9,APXMIDP ,559.75,34.85
2019-11-09,9,N2EXMIDP,0,0
2019-11-09,10,APXMIDP ,675.3,33.99
2019-11-09,10,N2EXMIDP,0,0
2019-11-09,11,APXMIDP ,663.2,32.41
2019-11-09,11,N2EXMIDP,0,0
2019-11-09,12,APXMIDP ,711.95,33.17
2019-11-09,12,N2EXMIDP,0,0
2019-11-09,13,APXMIDP ,829.8,32.82
2019-11-09,13,N2EXMIDP,0,0
2019-11-09,14,APXMIDP ,1028.55,29.81
2019-11-09,14,N2EXMIDP,0,0
2019-11-09,15,APXMIDP ,666.45,21.97
2019-11-09,15,N2EXMIDP,0,0
2019-11-09,16,APXMIDP ,831.5,32.25
2019-11-09,16,N2EXMIDP,0,0
2019-11-09,17,APXMIDP ,873.4,30.1
2019-11-09,17,N2EXMIDP,0,0
2019-11-09,18,APXMIDP ,1095.2,29.97
2019-11-09,18,N2EXMIDP,0,0
2019-11-09,19,APXMIDP ,1053.15,36.29
2019-11-09,19,N2EXMIDP,0,0
2019-11-09,20,APXMIDP ,1026.55,38.01
2019-11-09,20,N2EXMIDP,0,0
2019-11-09,21,APXMIDP ,1074.7,40.52
2019-11-09,21,N2EXMIDP,0,0
2019-11-09,22,APXMIDP ,1122.05,39.22
2019-11-09,22,N2EXMIDP,0,0
2019-11-09,23,APXMIDP ,952.5,39.89
2019-11-09,23,N2EXMIDP,0,0
2019-11-09,24,APXMIDP ,767.3,40.3
2019-11-09,24,N2EXMIDP,0,0
2019-11-09,25,APXMIDP ,796.3,41.25
2019-11-09,25,N2EXMIDP,0,0
2019-11-09,26,APXMIDP ,752.9,43.08
2019-11-09,26,N2EXMIDP,0,0
2019-11-09,27,APXMIDP ,870.35,45.31
2019-11-09,27,N2EXMIDP,0,0
2019-11-09,28,APXMIDP ,856.85,45.4
2019-11-09,28,N2EXMIDP,0,0
2019-11-09,29,APXMIDP ,986.85,46.68
2019-11-09,29,N2EXMIDP,0,0
2019-11-09,30,APXMIDP ,1394.9,44.22
2019-11-09,30,N2EXMIDP,0,0
2019-11-09,31,APXMIDP ,1085.5,44.33
2019-11-09,31,N2EXMIDP,0,0
2019-11-09,32,APXMIDP ,1085.25,44.07
2019-11-09,32,N2EXMIDP,0,0
2019-11-09,33,APXMIDP ,820.35,45.19
2019-11-09,33,N2EXMIDP,0,0
2019-11-09,34,APXMIDP ,903.2,53.22
2019-11-09,34,N2EXMIDP,0,0
2019-11-09,35,APXMIDP ,1170.95,61.75
2019-11-09,35,N2EXMIDP,0,0
2019-11-09,36,APXMIDP ,1326,63.25
2019-11-09,36,N2EXMIDP,0,0
2019-11-09,37,APXMIDP ,1131.45,58.63
2019-11-09,37,N2EXMIDP,0,0
2019-11-09,38,APXMIDP ,1246.3,52.79
2019-11-09,38,N2EXMIDP,0,0
2019-11-09,39,APXMIDP ,1174.75,38.53
2019-11-09,39,N2EXMIDP,0,0
2019-11-09,40,APXMIDP ,1107.95,37.86
2019-11-09,40,N2EXMIDP,0,0
2019-11-09,41,APXMIDP ,1113.3,40.58
2019-11-09,41,N2EXMIDP,0,0
2019-11-09,42,APXMIDP ,1053.05,40.74
2019-11-09,42,N2EXMIDP,0,0
2019-11-09,43,APXMIDP ,891.45,38.04
2019-11-09,43,N2EXMIDP,0,0
2019-11-09,44,APXMIDP ,992.45,38.71
2019-11-09,44,N2EXMIDP,0,0
2019-11-09,45,APXMIDP ,943.7,37.9
2019-11-09,45,N2EXMIDP,0,0
2019-11-09,46,APXMIDP ,1130.35,38.77
2019-11-09,46,N2EXMIDP,0,0
2019-11-09,47,APXMIDP ,635.5,43.82
2019-11-09,47,N2EXMIDP,0,0
2019-11-09,48,APXMIDP ,437.4,44.8
2019-11-09,48,N2EXMIDP,0,0
2019-11-10,1,APXMIDP ,443.95,44.2
2019-11-10,1,N2EXMIDP,0,0
2019-11-10,2,APXMIDP ,395.5,44.02
2019-11-10,2,N2EXMIDP,0,0
2019-11-10,3,APXMIDP ,407.85,44.33
2019-11-10,3,N2EXMIDP,0,0
2019-11-10,4,APXMIDP ,388.75,43.47
2019-11-10,4,N2EXMIDP,0,0
2019-11-10,5,APXMIDP ,449.45,44.22
2019-11-10,5,N2EXMIDP,0,0
2019-11-10,6,APXMIDP ,500.15,37.54
2019-11-10,6,N2EXMIDP,0,0
2019-11-10,7,APXMIDP ,621.9,35.82
2019-11-10,7,N2EXMIDP,0,0
2019-11-10,8,APXMIDP ,560.85,35.68
2019-11-10,8,N2EXMIDP,0,0
2019-11-10,9,APXMIDP ,664.3,36.32
2019-11-10,9,N2EXMIDP,0,0
2019-11-10,10,APXMIDP ,580.3,35.43
2019-11-10,10,N2EXMIDP,0,0
2019-11-10,11,APXMIDP ,670.95,35.44
2019-11-10,11,N2EXMIDP,0,0
2019-11-10,12,APXMIDP ,772.05,32.74
2019-11-10,12,N2EXMIDP,0,0
2019-11-10,13,APXMIDP ,866.3,33.18
2019-11-10,13,N2EXMIDP,0,0
2019-11-10,14,APXMIDP ,949.8,30.29
2019-11-10,14,N2EXMIDP,0,0
2019-11-10,15,APXMIDP ,1217.7,31.56
2019-11-10,15,N2EXMIDP,0,0
2019-11-10,16,APXMIDP ,970.05,30.68
2019-11-10,16,N2EXMIDP,0,0
2019-11-10,17,APXMIDP ,1309.7,27.57
2019-11-10,17,N2EXMIDP,0,0
2019-11-10,18,APXMIDP ,1194.85,30.45
2019-11-10,18,N2EXMIDP,0,0
2019-11-10,19,APXMIDP ,905,37.69
2019-11-10,19,N2EXMIDP,0,0
2019-11-10,20,APXMIDP ,932.75,41.7
2019-11-10,20,N2EXMIDP,0,0
2019-11-10,21,APXMIDP ,850.8,41.87
2019-11-10,21,N2EXMIDP,0,0
2019-11-10,22,APXMIDP ,757.5,39.36
2019-11-10,22,N2EXMIDP,0,0
2019-11-10,23,APXMIDP ,1087.35,36.58
2019-11-10,23,N2EXMIDP,0,0
2019-11-10,24,APXMIDP ,926.65,40.13
2019-11-10,24,N2EXMIDP,0,0
2019-11-10,25,APXMIDP ,1017.65,35.69
2019-11-10,25,N2EXMIDP,0,0
2019-11-10,26,APXMIDP ,969.15,36.13
2019-11-10,26,N2EXMIDP,0,0
2019-11-10,27,APXMIDP ,955.7,39.18
2019-11-10,27,N2EXMIDP,0,0
2019-11-10,28,APXMIDP ,1197.65,37.26
2019-11-10,28,N2EXMIDP,0,0
2019-11-10,29,APXMIDP ,1093.55,37.82
2019-11-10,29,N2EXMIDP,0,0
2019-11-10,30,APXMIDP ,1169.55,36.83
2019-11-10,30,N2EXMIDP,0,0
2019-11-10,31,APXMIDP ,1044.55,42.58
2019-11-10,31,N2EXMIDP,0,0
2019-11-10,32,APXMIDP ,1000.35,52.85
2019-11-10,32,N2EXMIDP,0,0
2019-11-10,33,APXMIDP ,1093.7,55.63
2019-11-10,33,N2EXMIDP,0,0
2019-11-10,34,APXMIDP ,1230.65,70.93
2019-11-10,34,N2EXMIDP,0,0
2019-11-10,35,APXMIDP ,1093.25,72.15
2019-11-10,35,N2EXMIDP,0,0
2019-11-10,36,APXMIDP ,1190,68.23
2019-11-10,36,N2EXMIDP,0,0
2019-11-10,37,APXMIDP ,1255.25,56.38
2019-11-10,37,N2EXMIDP,0,0
2019-11-10,38,APXMIDP ,1304.4,51.9
2019-11-10,38,N2EXMIDP,0,0
2019-11-10,39,APXMIDP ,1463.5,39.49
2019-11-10,39,N2EXMIDP,0,0
2019-11-10,40,APXMIDP ,1467.8,38.84
2019-11-10,40,N2EXMIDP,0,0
2019-11-10,41,APXMIDP ,1353.2,38.28
2019-11-10,41,N2EXMIDP,0,0
2019-11-10,42,APXMIDP ,1344.65,39.68
2019-11-10,42,N2EXMIDP,0,0
2019-11-10,43,APXMIDP ,1317.5,39.11
2019-11-10,43,N2EXMIDP,0,0
2019-11-10,44,APXMIDP ,1397.9,38.21
2019-11-10,44,N2EXMIDP,25,45
2019-11-10,45,APXMIDP ,1322.4,37.51
2019-11-10,45,N2EXMIDP,25.5,44.9
2019-11-10,46,APXMIDP ,1572.85,37.18
2019-11-10,46,N2EXMIDP,104,40.84
2019-11-10,47,APXMIDP ,46.5,28.3
2019-11-10,47,N2EXMIDP,100,25
2019-11-10,48,APXMIDP ,46.5,28.3
2019-11-10,48,N2EXMIDP,202,14.9
2019-11-11,1,APXMIDP ,46.5,28.3
2019-11-11,1,N2EXMIDP,59,0
2019-11-11,2,APXMIDP ,201.75,-7.39
2019-11-11,2,N2EXMIDP,0,0
2019-11-11,3,APXMIDP ,491.5,-2.92
2019-11-11,3,N2EXMIDP,98.1,0.76
2019-11-11,4,APXMIDP ,701.05,-6.34
2019-11-11,4,N2EXMIDP,98.1,0.76
2019-11-11,5,APXMIDP ,753.8,0.53
2019-11-11,5,N2EXMIDP,98.1,0.76
2019-11-11,6,APXMIDP ,800.85,-0.18
2019-11-11,6,N2EXMIDP,98.1,0.76
2019-11-11,7,APXMIDP ,1232.4,20.72
2019-11-11,7,N2EXMIDP,0,0
2019-11-11,8,APXMIDP ,1288.6,22.92
2019-11-11,8,N2EXMIDP,0,0
2019-11-11,9,APXMIDP ,1281.05,24.92
2019-11-11,9,N2EXMIDP,0,0
2019-11-11,10,APXMIDP ,1329.65,24.3
2019-11-11,10,N2EXMIDP,0,0
2019-11-11,11,APXMIDP ,933.85,29.47
2019-11-11,11,N2EXMIDP,0,0
2019-11-11,12,APXMIDP ,1048.7,33.95
2019-11-11,12,N2EXMIDP,0,0
2019-11-11,13,APXMIDP ,1004.85,32.68
2019-11-11,13,N2EXMIDP,0,0
2019-11-11,14,APXMIDP ,1356.55,32.39
2019-11-11,14,N2EXMIDP,0,0
2019-11-11,15,APXMIDP ,828.4,42.43
2019-11-11,15,N2EXMIDP,0,0
2019-11-11,16,APXMIDP ,918.15,50.85
2019-11-11,16,N2EXMIDP,0,0
2019-11-11,17,APXMIDP ,899.5,48.72
2019-11-11,17,N2EXMIDP,0,0
2019-11-11,18,APXMIDP ,818.75,50.93
2019-11-11,18,N2EXMIDP,0,0
2019-11-11,19,APXMIDP ,1068.6,46.2
2019-11-11,19,N2EXMIDP,0,0
2019-11-11,20,APXMIDP ,1031.8,38.6
2019-11-11,20,N2EXMIDP,0,0
2019-11-11,21,APXMIDP ,1210.35,38.06
2019-11-11,21,N2EXMIDP,0,0
2019-11-11,22,APXMIDP ,1451.25,36.27
2019-11-11,22,N2EXMIDP,0,0
2019-11-11,23,APXMIDP ,1467.5,35.63
2019-11-11,23,N2EXMIDP,0,0
2019-11-11,24,APXMIDP ,1508,33.96
2019-11-11,24,N2EXMIDP,0,0
2019-11-11,25,APXMIDP ,1510.4,34.23
2019-11-11,25,N2EXMIDP,0,0
2019-11-11,26,APXMIDP ,1770.1,36.43
2019-11-11,26,N2EXMIDP,0,0
2019-11-11,27,APXMIDP ,1453.8,38.1
2019-11-11,27,N2EXMIDP,0,0
2019-11-11,28,APXMIDP ,1690.05,37.93
2019-11-11,28,N2EXMIDP,0,0
2019-11-11,29,APXMIDP ,1604.25,38.99
2019-11-11,29,N2EXMIDP,0,0
2019-11-11,30,APXMIDP ,1784.3,38.82
2019-11-11,30,N2EXMIDP,0,0
2019-11-11,31,APXMIDP ,1336.6,40.57
2019-11-11,31,N2EXMIDP,0,0
2019-11-11,32,APXMIDP ,1265.65,45.91
2019-11-11,32,N2EXMIDP,0,0
2019-11-11,33,APXMIDP ,1361.65,37.21
2019-11-11,33,N2EXMIDP,0,0
2019-11-11,34,APXMIDP ,1284.05,54.99
2019-11-11,34,N2EXMIDP,0,0
2019-11-11,35,APXMIDP ,1280.6,57.61
2019-11-11,35,N2EXMIDP,0,0
2019-11-11,36,APXMIDP ,1470.55,57.01
2019-11-11,36,N2EXMIDP,0,0
2019-11-11,37,APXMIDP ,1413.75,51.39
2019-11-11,37,N2EXMIDP,0,0
2019-11-11,38,APXMIDP ,1343.65,43.16
2019-11-11,38,N2EXMIDP,0,0
2019-11-11,39,APXMIDP ,1384.1,39.53
2019-11-11,39,N2EXMIDP,0,0
2019-11-11,40,APXMIDP ,1220.65,36.4
2019-11-11,40,N2EXMIDP,0,0
2019-11-11,41,APXMIDP ,1113.55,37.4
2019-11-11,41,N2EXMIDP,0,0
2019-11-11,42,APXMIDP ,1076.65,39.28
2019-11-11,42,N2EXMIDP,0,0
2019-11-11,43,APXMIDP ,1274.35,42.33
2019-11-11,43,N2EXMIDP,0,0
2019-11-11,44,APXMIDP ,1203.65,37.03
2019-11-11,44,N2EXMIDP,0,0
2019-11-11,45,APXMIDP ,1153.8,40.68
2019-11-11,45,N2EXMIDP,0,0
2019-11-11,46,APXMIDP ,1335.6,36.96
2019-11-11,46,N2EXMIDP,0,0
2019-11-11,47,APXMIDP ,857.05,33.01
2019-11-11,47,N2EXMIDP,0,0
2019-11-11,48,APXMIDP ,587.8,29.78
2019-11-11,48,N2EXMIDP,0,0
2019-11-12,1,APXMIDP ,643.6,30.47
2019-11-12,1,N2EXMIDP,0,0
2019-11-12,2,APXMIDP ,400.5,32.39
2019-11-12,2,N2EXMIDP,0,0
2019-11-12,3,APXMIDP ,501.25,39.7
2019-11-12,3,N2EXMIDP,0,0
2019-11-12,4,APXMIDP ,559.7,37.64
2019-11-12,4,N2EXMIDP,0,0
2019-11-12,5,APXMIDP ,431.4,39.49
2019-11-12,5,N2EXMIDP,0,0
2019-11-12,6,APXMIDP ,489.45,38.91
2019-11-12,6,N2EXMIDP,0,0
2019-11-12,7,APXMIDP ,527.5,43.79
2019-11-12,7,N2EXMIDP,0,0
2019-11-12,8,APXMIDP ,460.6,42.3
2019-11-12,8,N2EXMIDP,0,0
2019-11-12,9,APXMIDP ,520.3,42.07
2019-11-12,9,N2EXMIDP,0,0
2019-11-12,10,APXMIDP ,698.25,36.33
2019-11-12,10,N2EXMIDP,0,0
2019-11-12,11,APXMIDP ,532.35,36.64
2019-11-12,11,N2EXMIDP,0,0
2019-11-12,12,APXMIDP ,862.45,33.51
2019-11-12,12,N2EXMIDP,0,0
2019-11-12,13,APXMIDP ,1109.25,41.36
2019-11-12,13,N2EXMIDP,0,0
2019-11-12,14,APXMIDP ,1176.4,35.25
2019-11-12,14,N2EXMIDP,0,0
2019-11-12,15,APXMIDP ,992.85,38.56
2019-11-12,15,N2EXMIDP,0,0
2019-11-12,16,APXMIDP ,1181.9,42.28
2019-11-12,16,N2EXMIDP,0,0
2019-11-12,17,APXMIDP ,1262.4,36.62
2019-11-12,17,N2EXMIDP,0,0
2019-11-12,18,APXMIDP ,1153.95,36.39
2019-11-12,18,N2EXMIDP,0,0
2019-11-12,19,APXMIDP ,1387.8,38.57
2019-11-12,19,N2EXMIDP,0,0
2019-11-12,20,APXMIDP ,1719.3,38.09
2019-11-12,20,N2EXMIDP,0,0
2019-11-12,21,APXMIDP ,1813.55,37.49
2019-11-12,21,N2EXMIDP,0,0
2019-11-12,22,APXMIDP ,2133.5,35.7
2019-11-12,22,N2EXMIDP,0,0
2019-11-12,23,APXMIDP ,1490.35,31.51
2019-11-12,23,N2EXMIDP,0,0
2019-11-12,24,APXMIDP ,1397.25,32.37
2019-11-12,24,N2EXMIDP,0,0
2019-11-12,25,APXMIDP ,1450,34.09
2019-11-12,25,N2EXMIDP,0,0
2019-11-12,26,APXMIDP ,1554.45,37.15
2019-11-12,26,N2EXMIDP,0,0
2019-11-12,27,APXMIDP ,1489.2,41.84
2019-11-12,27,N2EXMIDP,0,0
2019-11-12,28,APXMIDP ,1415.8,43.68
2019-11-12,28,N2EXMIDP,0,0
2019-11-12,29,APXMIDP ,1597.7,48.09
2019-11-12,29,N2EXMIDP,0,0
2019-11-12,30,APXMIDP ,1783.05,45.69
2019-11-12,30,N2EXMIDP,0,0
2019-11-12,31,APXMIDP ,1768.6,53.82
2019-11-12,31,N2EXMIDP,0,0
2019-11-12,32,APXMIDP ,1931,58.41
2019-11-12,32,N2EXMIDP,0,0
2019-11-12,33,APXMIDP ,2248,57.98
2019-11-12,33,N2EXMIDP,0,0
2019-11-12,34,APXMIDP ,2145,67.78
2019-11-12,34,N2EXMIDP,0,0
2019-11-12,35,APXMIDP ,1673.45,64.88
2019-11-12,35,N2EXMIDP,0,0
2019-11-12,36,APXMIDP ,1756.85,64.18
2019-11-12,36,N2EXMIDP,0,0
2019-11-12,37,APXMIDP ,1711.9,63.98
2019-11-12,37,N2EXMIDP,0,0
2019-11-12,38,APXMIDP ,1661.4,62.73
2019-11-12,38,N2EXMIDP,0,0
2019-11-12,39,APXMIDP ,1268.85,49.47
2019-11-12,39,N2EXMIDP,0,0
2019-11-12,40,APXMIDP ,1237.85,48.01
2019-11-12,40,N2EXMIDP,0,0
2019-11-12,41,APXMIDP ,916,45.89
2019-11-12,41,N2EXMIDP,0,0
2019-11-12,42,APXMIDP ,1093.55,44.39
2019-11-12,42,N2EXMIDP,0,0
2019-11-12,43,APXMIDP ,1413.5,42.08
2019-11-12,43,N2EXMIDP,0,0
2019-11-12,44,APXMIDP ,1286.4,42.46
2019-11-12,44,N2EXMIDP,0,0
2019-11-12,45,APXMIDP ,1506,40.56
2019-11-12,45,N2EXMIDP,0,0
2019-11-12,46,APXMIDP ,1445.8,41.04
2019-11-12,46,N2EXMIDP,0,0
2019-11-12,47,APXMIDP ,460.5,45.73
2019-11-12,47,N2EXMIDP,0,0
2019-11-12,48,APXMIDP ,433.85,47.63
2019-11-12,48,N2EXMIDP,0,0
2019-11-13,1,APXMIDP ,299.6,45.66
2019-11-13,1,N2EXMIDP,0,0
2019-11-13,2,APXMIDP ,588.35,46.38
2019-11-13,2,N2EXMIDP,0,0
2019-11-13,3,APXMIDP ,746.85,41.46
2019-11-13,3,N2EXMIDP,0,0
2019-11-13,4,APXMIDP ,654.6,39.09
2019-11-13,4,N2EXMIDP,0,0
2019-11-13,5,APXMIDP ,697.7,39.58
2019-11-13,5,N2EXMIDP,0,0
2019-11-13,6,APXMIDP ,618.6,38.51
2019-11-13,6,N2EXMIDP,0,0
2019-11-13,7,APXMIDP ,685.7,34.79
2019-11-13,7,N2EXMIDP,0,0
2019-11-13,8,APXMIDP ,532.75,34.23
2019-11-13,8,N2EXMIDP,0,0
2019-11-13,9,APXMIDP ,759.75,36.41
2019-11-13,9,N2EXMIDP,0,0
2019-11-13,10,APXMIDP ,709.1,36.3
2019-11-13,10,N2EXMIDP,0,0
2019-11-13,11,APXMIDP ,740.5,43.92
2019-11-13,11,N2EXMIDP,0,0
2019-11-13,12,APXMIDP ,535.8,38.88
2019-11-13,12,N2EXMIDP,0,0
2019-11-13,13,APXMIDP ,732.15,50.21
2019-11-13,13,N2EXMIDP,0,0
2019-11-13,14,APXMIDP ,1159.35,43.79
2019-11-13,14,N2EXMIDP,0,0
2019-11-13,15,APXMIDP ,845.75,52.67
2019-11-13,15,N2EXMIDP,0,0
2019-11-13,16,APXMIDP ,981.5,61.87
2019-11-13,16,N2EXMIDP,0,0
2019-11-13,17,APXMIDP ,1334.9,62.38
2019-11-13,17,N2EXMIDP,0,0
2019-11-13,18,APXMIDP ,1349.75,60.06
2019-11-13,18,N2EXMIDP,0,0
2019-11-13,19,APXMIDP ,1355.9,57.91
2019-11-13,19,N2EXMIDP,0,0
2019-11-13,20,APXMIDP ,1423.4,57.82
2019-11-13,20,N2EXMIDP,0,0
2019-11-13,21,APXMIDP ,1615.3,56.94
2019-11-13,21,N2EXMIDP,0,0
2019-11-13,22,APXMIDP ,1980.25,50.43
2019-11-13,22,N2EXMIDP,0,0
2019-11-13,23,APXMIDP ,1931.25,46.7
2019-11-13,23,N2EXMIDP,0,0
2019-11-13,24,APXMIDP ,1925.6,53.26
2019-11-13,24,N2EXMIDP,0,0
2019-11-13,25,APXMIDP ,2021.75,49.72
2019-11-13,25,N2EXMIDP,0,0
2019-11-13,26,APXMIDP ,1920.5,46.23
2019-11-13,26,N2EXMIDP,0,0
2019-11-13,27,APXMIDP ,2097.05,45.59
2019-11-13,27,N2EXMIDP,0,0
2019-11-13,28,APXMIDP ,2055.85,45.26
2019-11-13,28,N2EXMIDP,0,0
2019-11-13,29,APXMIDP ,2339.55,45.96
2019-11-13,29,N2EXMIDP,0,0
2019-11-13,30,APXMIDP ,2599.95,44.41
2019-11-13,30,N2EXMIDP,0,0
2019-11-13,31,APXMIDP ,2487.55,51.61
2019-11-13,31,N2EXMIDP,0,0
2019-11-13,32,APXMIDP ,2540,58.4
2019-11-13,32,N2EXMIDP,0,0
2019-11-13,33,APXMIDP ,2581.9,51.17
2019-11-13,33,N2EXMIDP,0,0
2019-11-13,34,APXMIDP ,2325.85,58.02
2019-11-13,34,N2EXMIDP,0,0
2019-11-13,35,APXMIDP ,2186,57.51
2019-11-13,35,N2EXMIDP,0,0
2019-11-13,36,APXMIDP ,2034.35,55.9
2019-11-13,36,N2EXMIDP,0,0
2019-11-13,37,APXMIDP ,2025.8,53.73
2019-11-13,37,N2EXMIDP,0,0
2019-11-13,38,APXMIDP ,2777.8,55.15
2019-11-13,38,N2EXMIDP,0,0
2019-11-13,39,APXMIDP ,2151.65,50.71
2019-11-13,39,N2EXMIDP,0,0
2019-11-13,40,APXMIDP ,1796.4,46.98
2019-11-13,40,N2EXMIDP,0,0
2019-11-13,41,APXMIDP ,1604.7,45.12
2019-11-13,41,N2EXMIDP,0,0
2019-11-13,42,APXMIDP ,1689.15,43.35
2019-11-13,42,N2EXMIDP,0,0
2019-11-13,43,APXMIDP ,2755.45,45.04
2019-11-13,43,N2EXMIDP,0,0
2019-11-13,44,APXMIDP ,2930.5,45.34
2019-11-13,44,N2EXMIDP,0,0
2019-11-13,45,APXMIDP ,2747.4,43.33
2019-11-13,45,N2EXMIDP,0,0
2019-11-13,46,APXMIDP ,2285.95,44.35
2019-11-13,46,N2EXMIDP,0,0
2019-11-13,47,APXMIDP ,1010.35,45.35
2019-11-13,47,N2EXMIDP,0,0
2019-11-13,48,APXMIDP ,568.55,46.31
2019-11-13,48,N2EXMIDP,0,0
2019-11-14,1,APXMIDP ,330.5,46.85
2019-11-14,1,N2EXMIDP,0,0
2019-11-14,2,APXMIDP ,369,46.22
2019-11-14,2,N2EXMIDP,0,0
2019-11-14,3,APXMIDP ,694.15,41.01
2019-11-14,3,N2EXMIDP,0,0
2019-11-14,4,APXMIDP ,480.25,40.24
2019-11-14,4,N2EXMIDP,0,0
2019-11-14,5,APXMIDP ,451.2,40.44
2019-11-14,5,N2EXMIDP,0,0
2019-11-14,6,APXMIDP ,627.2,36.53
2019-11-14,6,N2EXMIDP,0,0
2019-11-14,7,APXMIDP ,631.65,29.9
2019-11-14,7,N2EXMIDP,0,0
2019-11-14,8,APXMIDP ,596.3,27.77
2019-11-14,8,N2EXMIDP,0,0
2019-11-14,9,APXMIDP ,625.5,28.25
2019-11-14,9,N2EXMIDP,0,0
2019-11-14,10,APXMIDP ,614,19.71
2019-11-14,10,N2EXMIDP,0,0
2019-11-14,11,APXMIDP ,1082.35,40.28
2019-11-14,11,N2EXMIDP,0,0
2019-11-14,12,APXMIDP ,870.1,38.31
2019-11-14,12,N2EXMIDP,0,0
2019-11-14,13,APXMIDP ,1461.25,49.4
2019-11-14,13,N2EXMIDP,0,0
2019-11-14,14,APXMIDP ,1492.6,44
2019-11-14,14,N2EXMIDP,0,0
2019-11-14,15,APXMIDP ,1717.85,44.19
2019-11-14,15,N2EXMIDP,0,0
2019-11-14,16,APXMIDP ,1623.45,48.82
2019-11-14,16,N2EXMIDP,0,0
2019-11-14,17,APXMIDP ,1507,45.08
2019-11-14,17,N2EXMIDP,0,0
2019-11-14,18,APXMIDP ,1641.4,44.24
2019-11-14,18,N2EXMIDP,0,0
2019-11-14,19,APXMIDP ,1404,45.37
2019-11-14,19,N2EXMIDP,0,0
2019-11-14,20,APXMIDP ,1650.1,44.58
2019-11-14,20,N2EXMIDP,0,0
2019-11-14,21,APXMIDP ,1599.95,46.44
2019-11-14,21,N2EXMIDP,0,0
2019-11-14,22,APXMIDP ,1373.65,46.04
2019-11-14,22,N2EXMIDP,0,0
2019-11-14,23,APXMIDP ,1736.2,47.63
2019-11-14,23,N2EXMIDP,0,0
2019-11-14,24,APXMIDP ,1463.95,47.5
2019-11-14,24,N2EXMIDP,0,0
2019-11-14,25,APXMIDP ,1606.2,48.3
2019-11-14,25,N2EXMIDP,0,0
2019-11-14,26,APXMIDP ,1704.5,48.2
2019-11-14,26,N2EXMIDP,0,0
2019-11-14,27,APXMIDP ,1930.45,48.79
2019-11-14,27,N2EXMIDP,0,0
2019-11-14,28,APXMIDP ,1859.85,48.55
2019-11-14,28,N2EXMIDP,0,0
2019-11-14,29,APXMIDP ,1938.65,48.72
2019-11-14,29,N2EXMIDP,0,0
2019-11-14,30,APXMIDP ,2173.4,48.31
2019-11-14,30,N2EXMIDP,0,0
2019-11-14,31,APXMIDP ,1373.1,54.93
2019-11-14,31,N2EXMIDP,0,0
2019-11-14,32,APXMIDP ,1938.75,59.25
2019-11-14,32,N2EXMIDP,0,0
2019-11-14,33,APXMIDP ,1858.25,57.32
2019-11-14,33,N2EXMIDP,0,0
2019-11-14,34,APXMIDP ,1683,69.39
2019-11-14,34,N2EXMIDP,0,0
2019-11-14,35,APXMIDP ,1623.95,69.94
2019-11-14,35,N2EXMIDP,0,0
2019-11-14,36,APXMIDP ,1840.05,69
2019-11-14,36,N2EXMIDP,0,0
2019-11-14,37,APXMIDP ,1479.15,69.73
2019-11-14,37,N2EXMIDP,0,0
2019-11-14,38,APXMIDP ,1533.85,62.37
2019-11-14,38,N2EXMIDP,0,0
2019-11-14,39,APXMIDP ,1342.05,47.96
2019-11-14,39,N2EXMIDP,0,0
2019-11-14,40,APXMIDP ,1296.55,47.38
2019-11-14,40,N2EXMIDP,0,0
2019-11-14,41,APXMIDP ,1598.7,48.04
2019-11-14,41,N2EXMIDP,0,0
2019-11-14,42,APXMIDP ,1487,46.37
2019-11-14,42,N2EXMIDP,0,0
2019-11-14,43,APXMIDP ,1754.2,44.66
2019-11-14,43,N2EXMIDP,0,0
2019-11-14,44,APXMIDP ,1591.05,43.65
2019-11-14,44,N2EXMIDP,0,0
2019-11-14,45,APXMIDP ,1926.6,43.87
2019-11-14,45,N2EXMIDP,0,0
2019-11-14,46,APXMIDP ,1855,44.47
2019-11-14,46,N2EXMIDP,0,0
2019-11-14,47,APXMIDP ,1031.15,44.71
2019-11-14,47,N2EXMIDP,0,0
2019-11-14,48,APXMIDP ,699.65,46.29
2019-11-14,48,N2EXMIDP,0,0
2019-11-15,1,APXMIDP ,666.75,43.8
2019-11-15,1,N2EXMIDP,0,0
2019-11-15,2,APXMIDP ,839.55,44.37
2019-11-15,2,N2EXMIDP,0,0
2019-11-15,3,APXMIDP ,815.75,43.02
2019-11-15,3,N2EXMIDP,0,0
2019-11-15,4,APXMIDP ,767.1,40.55
2019-11-15,4,N2EXMIDP,0,0
2019-11-15,5,APXMIDP ,870.6,37.56
2019-11-15,5,N2EXMIDP,0,0
2019-11-15,6,APXMIDP ,826.75,35.51
2019-11-15,6,N2EXMIDP,0,0
2019-11-15,7,APXMIDP ,673.85,37.34
2019-11-15,7,N2EXMIDP,0,0
2019-11-15,8,APXMIDP ,736.55,35.93
2019-11-15,8,N2EXMIDP,0,0
2019-11-15,9,APXMIDP ,771.55,38.07
2019-11-15,9,N2EXMIDP,0,0
2019-11-15,10,APXMIDP ,763.7,38.49
2019-11-15,10,N2EXMIDP,0,0
2019-11-15,11,APXMIDP ,790.4,43.67
2019-11-15,11,N2EXMIDP,0,0
2019-11-15,12,APXMIDP ,921,40.76
2019-11-15,12,N2EXMIDP,0,0
2019-11-15,13,APXMIDP ,1126.4,42.65
2019-11-15,13,N2EXMIDP,0,0
2019-11-15,14,APXMIDP ,1351.1,39.45
2019-11-15,14,N2EXMIDP,0,0
2019-11-15,15,APXMIDP ,1169,39.29
2019-11-15,15,N2EXMIDP,0,0
2019-11-15,16,APXMIDP ,1373.8,41.07
2019-11-15,16,N2EXMIDP,0,0
2019-11-15,17,APXMIDP ,1228.25,43.46
2019-11-15,17,N2EXMIDP,0,0
2019-11-15,18,APXMIDP ,1193.8,44.7
2019-11-15,18,N2EXMIDP,0,0
2019-11-15,19,APXMIDP ,1444.45,49.86
2019-11-15,19,N2EXMIDP,0,0
2019-11-15,20,APXMIDP ,1539.5,50.77
2019-11-15,20,N2EXMIDP,0,0
2019-11-15,21,APXMIDP ,1639.7,48.92
2019-11-15,21,N2EXMIDP,0,0
2019-11-15,22,APXMIDP ,1475.05,46.81
2019-11-15,22,N2EXMIDP,0,0
2019-11-15,23,APXMIDP ,1713.1,47.8
2019-11-15,23,N2EXMIDP,0,0
2019-11-15,24,APXMIDP ,1649.95,48.84
2019-11-15,24,N2EXMIDP,0,0
2019-11-15,25,APXMIDP ,1740.8,49.62
2019-11-15,25,N2EXMIDP,0,0
2019-11-15,26,APXMIDP ,2216.8,50.74
2019-11-15,26,N2EXMIDP,0,0
2019-11-15,27,APXMIDP ,1985.1,48.9
2019-11-15,27,N2EXMIDP,0,0
2019-11-15,28,APXMIDP ,1973.4,47.48
2019-11-15,28,N2EXMIDP,0,0
2019-11-15,29,APXMIDP ,1997.45,48.21
2019-11-15,29,N2EXMIDP,0,0
2019-11-15,30,APXMIDP ,1931.75,48.32
2019-11-15,30,N2EXMIDP,0,0
2019-11-15,31,APXMIDP ,1357.1,51.46
2019-11-15,31,N2EXMIDP,0,0
2019-11-15,32,APXMIDP ,1572.5,54.08
2019-11-15,32,N2EXMIDP,0,0
2019-11-15,33,APXMIDP ,1568.2,48.09
2019-11-15,33,N2EXMIDP,0,0
2019-11-15,34,APXMIDP ,2155.65,53.17
2019-11-15,34,N2EXMIDP,0,0
2019-11-15,35,APXMIDP ,1737.95,53.78
2019-11-15,35,N2EXMIDP,0,0
2019-11-15,36,APXMIDP ,1693.65,53.02
2019-11-15,36,N2EXMIDP,0,0
2019-11-15,37,APXMIDP ,1903.55,50.6
2019-11-15,37,N2EXMIDP,0,0
2019-11-15,38,APXMIDP ,2310.55,49.72
2019-11-15,38,N2EXMIDP,0,0
2019-11-15,39,APXMIDP ,1334.1,50.42
2019-11-15,39,N2EXMIDP,0,0
2019-11-15,40,APXMIDP ,1369.7,43.79
2019-11-15,40,N2EXMIDP,0,0
2019-11-15,41,APXMIDP ,1313.35,43.68
2019-11-15,41,N2EXMIDP,0,0
2019-11-15,42,APXMIDP ,1272.6,42.83
2019-11-15,42,N2EXMIDP,0,0
2019-11-15,43,APXMIDP ,1221.4,43.43
2019-11-15,43,N2EXMIDP,0,0
2019-11-15,44,APXMIDP ,990.75,42.72
2019-11-15,44,N2EXMIDP,0,0
2019-11-15,45,APXMIDP ,1267.6,43.69
2019-11-15,45,N2EXMIDP,0,0
2019-11-15,46,APXMIDP ,1157.4,43.19
2019-11-15,46,N2EXMIDP,0,0
2019-11-15,47,APXMIDP ,518.85,43.62
2019-11-15,47,N2EXMIDP,0,0
2019-11-15,48,APXMIDP ,360.5,42.69
2019-11-15,48,N2EXMIDP,0,0
2019-11-16,1,APXMIDP ,467.55,33.93
2019-11-16,1,N2EXMIDP,0,0
2019-11-16,2,APXMIDP ,402.65,41.85
2019-11-16,2,N2EXMIDP,0,0
2019-11-16,3,APXMIDP ,373.3,39.74
2019-11-16,3,N2EXMIDP,0,0
2019-11-16,4,APXMIDP ,503.45,41.33
2019-11-16,4,N2EXMIDP,0,0
2019-11-16,5,APXMIDP ,401.5,42.45
2019-11-16,5,N2EXMIDP,0,0
2019-11-16,6,APXMIDP ,439.3,44.24
2019-11-16,6,N2EXMIDP,0,0
2019-11-16,7,APXMIDP ,647.6,42.54
2019-11-16,7,N2EXMIDP,0,0
2019-11-16,8,APXMIDP ,599.1,40.01
2019-11-16,8,N2EXMIDP,0,0
2019-11-16,9,APXMIDP ,566.25,39.72
2019-11-16,9,N2EXMIDP,0,0
2019-11-16,10,APXMIDP ,534.05,38.93
2019-11-16,10,N2EXMIDP,0,0
2019-11-16,11,APXMIDP ,341.9,37.96
2019-11-16,11,N2EXMIDP,0,0
2019-11-16,12,APXMIDP ,370.55,39.09
2019-11-16,12,N2EXMIDP,0,0
2019-11-16,13,APXMIDP ,461,39.25
2019-11-16,13,N2EXMIDP,0,0
2019-11-16,14,APXMIDP ,724.9,39.1
2019-11-16,14,N2EXMIDP,0,0
2019-11-16,15,APXMIDP ,676.55,52.07
2019-11-16,15,N2EXMIDP,0,0
2019-11-16,16,APXMIDP ,566.5,57.87
2019-11-16,16,N2EXMIDP,0,0
2019-11-16,17,APXMIDP ,301.1,55.34
2019-11-16,17,N2EXMIDP,0,0
2019-11-16,18,APXMIDP ,471.25,59.7
2019-11-16,18,N2EXMIDP,0,0
2019-11-16,19,APXMIDP ,475.4,62.27
2019-11-16,19,N2EXMIDP,0,0
2019-11-16,20,APXMIDP ,713.3,60.66
2019-11-16,20,N2EXMIDP,0,0
2019-11-16,21,APXMIDP ,859.95,59.88
2019-11-16,21,N2EXMIDP,0,0
2019-11-16,22,APXMIDP ,670,59.5
2019-11-16,22,N2EXMIDP,0,0
2019-11-16,23,APXMIDP ,565.6,56.48
2019-11-16,23,N2EXMIDP,0,0
2019-11-16,24,APXMIDP ,754.7,53.98
2019-11-16,24,N2EXMIDP,0,0
2019-11-16,25,APXMIDP ,800.25,52.75
2019-11-16,25,N2EXMIDP,0,0
2019-11-16,26,APXMIDP ,813.75,52.4
2019-11-16,26,N2EXMIDP,0,0
2019-11-16,27,APXMIDP ,672.9,52.98
2019-11-16,27,N2EXMIDP,0,0
2019-11-16,28,APXMIDP ,849.7,54.8
2019-11-16,28,N2EXMIDP,0,0
2019-11-16,29,APXMIDP ,694.6,53.58
2019-11-16,29,N2EXMIDP,0,0
2019-11-16,30,APXMIDP ,969.15,54.13
2019-11-16,30,N2EXMIDP,0,0
2019-11-16,31,APXMIDP ,1242.2,57.24
2019-11-16,31,N2EXMIDP,0,0
2019-11-16,32,APXMIDP ,1304.55,61.15
2019-11-16,32,N2EXMIDP,0,0
2019-11-16,33,APXMIDP ,1324.85,61.57
2019-11-16,33,N2EXMIDP,0,0
2019-11-16,34,APXMIDP ,953.3,68.48
2019-11-16,34,N2EXMIDP,0,0
2019-11-16,35,APXMIDP ,927.05,77.31
2019-11-16,35,N2EXMIDP,0,0
2019-11-16,36,APXMIDP ,916.25,75.38
2019-11-16,36,N2EXMIDP,0,0
2019-11-16,37,APXMIDP ,903.05,71.57
2019-11-16,37,N2EXMIDP,0,0
2019-11-16,38,APXMIDP ,992.05,63.39
2019-11-16,38,N2EXMIDP,0,0
2019-11-16,39,APXMIDP ,377.65,49.68
2019-11-16,39,N2EXMIDP,0,0
2019-11-16,40,APXMIDP ,437.55,47.37
2019-11-16,40,N2EXMIDP,0,0
2019-11-16,41,APXMIDP ,748.55,46.32
2019-11-16,41,N2EXMIDP,0,0
2019-11-16,42,APXMIDP ,802.7,47.46
2019-11-16,42,N2EXMIDP,0,0
2019-11-16,43,APXMIDP ,948.25,50.46
2019-11-16,43,N2EXMIDP,0,0
2019-11-16,44,APXMIDP ,1002.1,46.09
2019-11-16,44,N2EXMIDP,0,0
2019-11-16,45,APXMIDP ,884.9,50.95
2019-11-16,45,N2EXMIDP,0,0
2019-11-16,46,APXMIDP ,858.1,49.26
2019-11-16,46,N2EXMIDP,0,0
2019-11-16,47,APXMIDP ,838,41.94
2019-11-16,47,N2EXMIDP,0,0
2019-11-16,48,APXMIDP ,546.05,44.41
2019-11-16,48,N2EXMIDP,0,0
2019-11-17,1,APXMIDP ,463.25,49.38
2019-11-17,1,N2EXMIDP,0,0
2019-11-17,2,APXMIDP ,469.05,44.48
2019-11-17,2,N2EXMIDP,0,0
2019-11-17,3,APXMIDP ,412.6,41.26
2019-11-17,3,N2EXMIDP,0,0
2019-11-17,4,APXMIDP ,363.7,41.22
2019-11-17,4,N2EXMIDP,0,0
2019-11-17,5,APXMIDP ,218.6,42.04
2019-11-17,5,N2EXMIDP,0,0
2019-11-17,6,APXMIDP ,217.6,42.16
2019-11-17,6,N2EXMIDP,0,0
2019-11-17,7,APXMIDP ,78.35,39.99
2019-11-17,7,N2EXMIDP,0,0
2019-11-17,8,APXMIDP ,0,0
2019-11-17,8,N2EXMIDP,0,0
2019-11-17,9,APXMIDP ,0,0
2019-11-17,9,N2EXMIDP,25,45
2019-11-17,10,APXMIDP ,0,0
2019-11-17,10,N2EXMIDP,25,45
2019-11-17,11,APXMIDP ,0,0
2019-11-17,11,N2EXMIDP,0,0
2019-11-17,12,APXMIDP ,0,0
2019-11-17,12,N2EXMIDP,0,0
2019-11-17,13,APXMIDP ,0,0
2019-11-17,13,N2EXMIDP,0,0
2019-11-17,14,APXMIDP ,0,0
2019-11-17,14,N2EXMIDP,0,0
2019-11-17,15,APXMIDP ,0,0
2019-11-17,15,N2EXMIDP,50,49
2019-11-17,16,APXMIDP ,0,0
2019-11-17,16,N2EXMIDP,75.5,47.62
2019-11-17,17,APXMIDP ,0,0
2019-11-17,17,N2EXMIDP,162.5,46.22
2019-11-17,18,APXMIDP ,340.05,49.02
2019-11-17,18,N2EXMIDP,50,49
2019-11-17,19,APXMIDP ,538.35,46.67
2019-11-17,19,N2EXMIDP,100,54.38
2019-11-17,20,APXMIDP ,682.65,56.18
2019-11-17,20,N2EXMIDP,125,54.5
2019-11-17,21,APXMIDP ,821.45,57.24
2019-11-17,21,N2EXMIDP,100,54.38
2019-11-17,22,APXMIDP ,710.05,54.84
2019-11-17,22,N2EXMIDP,100,54.38
2019-11-17,23,APXMIDP ,563.05,48.4
2019-11-17,23,N2EXMIDP,0,0
2019-11-17,24,APXMIDP ,612.5,42.83
2019-11-17,24,N2EXMIDP,0,0
2019-11-17,25,APXMIDP ,794.95,41.74
2019-11-17,25,N2EXMIDP,0,0
2019-11-17,26,APXMIDP ,798.7,47.18
2019-11-17,26,N2EXMIDP,0,0
2019-11-17,27,APXMIDP ,860.1,52.25
2019-11-17,27,N2EXMIDP,0,0
2019-11-17,28,APXMIDP ,971.9,51.82
2019-11-17,28,N2EXMIDP,0,0
2019-11-17,29,APXMIDP ,980.35,47.13
2019-11-17,29,N2EXMIDP,0,0
2019-11-17,30,APXMIDP ,893.95,45.94
2019-11-17,30,N2EXMIDP,0,0
2019-11-17,31,APXMIDP ,807.8,51.07
2019-11-17,31,N2EXMIDP,0,0
2019-11-17,32,APXMIDP ,725.15,57.1
2019-11-17,32,N2EXMIDP,0,0
2019-11-17,33,APXMIDP ,1194.75,64.1
2019-11-17,33,N2EXMIDP,0,0
2019-11-17,34,APXMIDP ,1227.25,75.47
2019-11-17,34,N2EXMIDP,0,0
2019-11-17,35,APXMIDP ,1218.45,78.83
2019-11-17,35,N2EXMIDP,0,0
2019-11-17,36,APXMIDP ,1367.35,79.96
2019-11-17,36,N2EXMIDP,0,0
2019-11-17,37,APXMIDP ,1515.05,74.99
2019-11-17,37,N2EXMIDP,0,0
2019-11-17,38,APXMIDP ,1357.25,67.32
2019-11-17,38,N2EXMIDP,0,0
2019-11-17,39,APXMIDP ,928.1,46.8
2019-11-17,39,N2EXMIDP,0,0
2019-11-17,40,APXMIDP ,1196.15,44.14
2019-11-17,40,N2EXMIDP,0,0
2019-11-17,41,APXMIDP ,1062.15,47.8
2019-11-17,41,N2EXMIDP,0,0
2019-11-17,42,APXMIDP ,1142.4,43.48
2019-11-17,42,N2EXMIDP,0,0
2019-11-17,43,APXMIDP ,1363.35,44.42
2019-11-17,43,N2EXMIDP,0,0
2019-11-17,44,APXMIDP ,1360.5,40.57
2019-11-17,44,N2EXMIDP,0,0
2019-11-17,45,APXMIDP ,1377.3,40.57
2019-11-17,45,N2EXMIDP,0,0
2019-11-17,46,APXMIDP ,1514.5,40.52
2019-11-17,46,N2EXMIDP,0,0
2019-11-17,47,APXMIDP ,833.95,36.85
2019-11-17,47,N2EXMIDP,0,0
2019-11-17,48,APXMIDP ,677.2,45.92
2019-11-17,48,N2EXMIDP,0,0
2019-11-18,1,APXMIDP ,621.45,39.15
2019-11-18,1,N2EXMIDP,0,0
2019-11-18,2,APXMIDP ,489.25,42.18
2019-11-18,2,N2EXMIDP,0,0
2019-11-18,3,APXMIDP ,544.7,40.03
2019-11-18,3,N2EXMIDP,0,0
2019-11-18,4,APXMIDP ,507.05,40.4
2019-11-18,4,N2EXMIDP,0,0
2019-11-18,5,APXMIDP ,488.2,40.69
2019-11-18,5,N2EXMIDP,0,0
2019-11-18,6,APXMIDP ,586.7,38.46
2019-11-18,6,N2EXMIDP,0,0
2019-11-18,7,APXMIDP ,492.9,37.85
2019-11-18,7,N2EXMIDP,0,0
2019-11-18,8,APXMIDP ,541.8,27.11
2019-11-18,8,N2EXMIDP,0,0
2019-11-18,9,APXMIDP ,450.15,33.98
2019-11-18,9,N2EXMIDP,0,0
2019-11-18,10,APXMIDP ,462.9,29.4
2019-11-18,10,N2EXMIDP,0,0
2019-11-18,11,APXMIDP ,760.25,38.47
2019-11-18,11,N2EXMIDP,0,0
2019-11-18,12,APXMIDP ,904.55,38.81
2019-11-18,12,N2EXMIDP,0,0
2019-11-18,13,APXMIDP ,912.55,42.54
2019-11-18,13,N2EXMIDP,0,0
2019-11-18,14,APXMIDP ,993.75,36.62
2019-11-18,14,N2EXMIDP,0,0
2019-11-18,15,APXMIDP ,825.8,42.76
2019-11-18,15,N2EXMIDP,0,0
2019-11-18,16,APXMIDP ,541.7,48.73
2019-11-18,16,N2EXMIDP,0,0
2019-11-18,17,APXMIDP ,948.5,49
2019-11-18,17,N2EXMIDP,0,0
2019-11-18,18,APXMIDP ,1146.75,50.62
2019-11-18,18,N2EXMIDP,0,0
2019-11-18,19,APXMIDP ,1138.05,52.29
2019-11-18,19,N2EXMIDP,0,0
2019-11-18,20,APXMIDP ,1105.3,52.23
2019-11-18,20,N2EXMIDP,0,0
2019-11-18,21,APXMIDP ,1071.7,52.57
2019-11-18,21,N2EXMIDP,0,0
2019-11-18,22,APXMIDP ,1078.3,47.33
2019-11-18,22,N2EXMIDP,0,0
2019-11-18,23,APXMIDP ,1148.95,44.49
2019-11-18,23,N2EXMIDP,0,0
2019-11-18,24,APXMIDP ,1441.8,42.29
2019-11-18,24,N2EXMIDP,0,0
2019-11-18,25,APXMIDP ,1392.5,42.96
2019-11-18,25,N2EXMIDP,0,0
2019-11-18,26,APXMIDP ,1548.25,42.54
2019-11-18,26,N2EXMIDP,0,0
2019-11-18,27,APXMIDP ,1744.6,41.55
2019-11-18,27,N2EXMIDP,0,0
2019-11-18,28,APXMIDP ,1549.6,42.96
2019-11-18,28,N2EXMIDP,0,0
2019-11-18,29,APXMIDP ,1444.95,42.47
2019-11-18,29,N2EXMIDP,0,0
2019-11-18,30,APXMIDP ,1534.7,42.24
2019-11-18,30,N2EXMIDP,0,0
2019-11-18,31,APXMIDP ,1768.95,49.4
2019-11-18,31,N2EXMIDP,0,0
2019-11-18,32,APXMIDP ,1717.5,59.44
2019-11-18,32,N2EXMIDP,0,0
2019-11-18,33,APXMIDP ,1855.85,54.24
2019-11-18,33,N2EXMIDP,0,0
2019-11-18,34,APXMIDP ,1596.35,63.67
2019-11-18,34,N2EXMIDP,0,0
2019-11-18,35,APXMIDP ,1926.1,56.17
2019-11-18,35,N2EXMIDP,0,0
2019-11-18,36,APXMIDP ,1807.45,56.11
2019-11-18,36,N2EXMIDP,0,0
2019-11-18,37,APXMIDP ,1810,62.49
2019-11-18,37,N2EXMIDP,0,0
2019-11-18,38,APXMIDP ,1843.3,62.58
2019-11-18,38,N2EXMIDP,0,0
2019-11-18,39,APXMIDP ,1372.05,56.79
2019-11-18,39,N2EXMIDP,0,0
2019-11-18,40,APXMIDP ,1109.2,51.54
2019-11-18,40,N2EXMIDP,0,0
2019-11-18,41,APXMIDP ,1200.25,59.91
2019-11-18,41,N2EXMIDP,0,0
2019-11-18,42,APXMIDP ,888.25,53.47
2019-11-18,42,N2EXMIDP,0,0
2019-11-18,43,APXMIDP ,1095.95,49.63
2019-11-18,43,N2EXMIDP,0,0
2019-11-18,44,APXMIDP ,944.3,45.21
2019-11-18,44,N2EXMIDP,0,0
2019-11-18,45,APXMIDP ,1224.25,45.57
2019-11-18,45,N2EXMIDP,0,0
2019-11-18,46,APXMIDP ,1450.75,43.22
2019-11-18,46,N2EXMIDP,0,0
2019-11-18,47,APXMIDP ,549.5,40.43
2019-11-18,47,N2EXMIDP,0,0
2019-11-18,48,APXMIDP ,365.7,45.5
2019-11-18,48,N2EXMIDP,0,0
2019-11-19,1,APXMIDP ,287.25,44.31
2019-11-19,1,N2EXMIDP,0,0
2019-11-19,2,APXMIDP ,404.4,51.93
2019-11-19,2,N2EXMIDP,0,0
2019-11-19,3,APXMIDP ,509.5,45.17
2019-11-19,3,N2EXMIDP,0,0
2019-11-19,4,APXMIDP ,493,42.37
2019-11-19,4,N2EXMIDP,0,0
2019-11-19,5,APXMIDP ,554,42.97
2019-11-19,5,N2EXMIDP,0,0
2019-11-19,6,APXMIDP ,468.85,43.86
2019-11-19,6,N2EXMIDP,0,0
2019-11-19,7,APXMIDP ,458.5,42.99
2019-11-19,7,N2EXMIDP,0,0
2019-11-19,8,APXMIDP ,554.15,39.72
2019-11-19,8,N2EXMIDP,0,0
2019-11-19,9,APXMIDP ,385.25,41.14
2019-11-19,9,N2EXMIDP,0,0
2019-11-19,10,APXMIDP ,455.15,43.14
2019-11-19,10,N2EXMIDP,0,0
2019-11-19,11,APXMIDP ,464.95,41.61
2019-11-19,11,N2EXMIDP,0,0
2019-11-19,12,APXMIDP ,526.65,41.81
2019-11-19,12,N2EXMIDP,0,0
2019-11-19,13,APXMIDP ,777.6,55.31
2019-11-19,13,N2EXMIDP,0,0
2019-11-19,14,APXMIDP ,1014.95,52.41
2019-11-19,14,N2EXMIDP,0,0
2019-11-19,15,APXMIDP ,963.5,68.48
2019-11-19,15,N2EXMIDP,0,0
2019-11-19,16,APXMIDP ,970.45,70.02
2019-11-19,16,N2EXMIDP,0,0
2019-11-19,17,APXMIDP ,1086.25,70.18
2019-11-19,17,N2EXMIDP,0,0
2019-11-19,18,APXMIDP ,1028.9,69.88
2019-11-19,18,N2EXMIDP,0,0
2019-11-19,19,APXMIDP ,1101.75,66.39
2019-11-19,19,N2EXMIDP,0,0
2019-11-19,20,APXMIDP ,1120.7,63.92
2019-11-19,20,N2EXMIDP,0,0
2019-11-19,21,APXMIDP ,1582.55,59.32
2019-11-19,21,N2EXMIDP,0,0
2019-11-19,22,APXMIDP ,1494.45,60.5
2019-11-19,22,N2EXMIDP,0,0
2019-11-19,23,APXMIDP ,1430.8,57.18
2019-11-19,23,N2EXMIDP,0,0
2019-11-19,24,APXMIDP ,1506.55,56.76
2019-11-19,24,N2EXMIDP,0,0
2019-11-19,25,APXMIDP ,1403.45,54.72
2019-11-19,25,N2EXMIDP,0,0
2019-11-19,26,APXMIDP ,1407.45,52.17
2019-11-19,26,N2EXMIDP,0,0
2019-11-19,27,APXMIDP ,1185.4,51.12
2019-11-19,27,N2EXMIDP,0,0
2019-11-19,28,APXMIDP ,1206.75,50.84
2019-11-19,28,N2EXMIDP,0,0
2019-11-19,29,APXMIDP ,1279.85,50.41
2019-11-19,29,N2EXMIDP,0,0
2019-11-19,30,APXMIDP ,1415.15,48.77
2019-11-19,30,N2EXMIDP,0,0
2019-11-19,31,APXMIDP ,1578.05,48.56
2019-11-19,31,N2EXMIDP,0,0
2019-11-19,32,APXMIDP ,1019.05,54.31
2019-11-19,32,N2EXMIDP,0,0
2019-11-19,33,APXMIDP ,1499.8,48.98
2019-11-19,33,N2EXMIDP,0,0
2019-11-19,34,APXMIDP ,1310.85,56.49
2019-11-19,34,N2EXMIDP,0,0
2019-11-19,35,APXMIDP ,1889.35,61.27
2019-11-19,35,N2EXMIDP,0,0
2019-11-19,36,APXMIDP ,1849.15,59.37
2019-11-19,36,N2EXMIDP,0,0
2019-11-19,37,APXMIDP ,1781.15,54.61
2019-11-19,37,N2EXMIDP,0,0
2019-11-19,38,APXMIDP ,1867.8,55.19
2019-11-19,38,N2EXMIDP,0,0
2019-11-19,39,APXMIDP ,1404.45,45.37
2019-11-19,39,N2EXMIDP,0,0
2019-11-19,40,APXMIDP ,1394.15,46.85
2019-11-19,40,N2EXMIDP,0,0
2019-11-19,41,APXMIDP ,1388.15,49.33
2019-11-19,41,N2EXMIDP,0,0
2019-11-19,42,APXMIDP ,1587.15,45.81
2019-11-19,42,N2EXMIDP,0,0
2019-11-19,43,APXMIDP ,1300.1,44.98
2019-11-19,43,N2EXMIDP,0,0
2019-11-19,44,APXMIDP ,1009.8,45.73
2019-11-19,44,N2EXMIDP,0,0
2019-11-19,45,APXMIDP ,1450.05,45.24
2019-11-19,45,N2EXMIDP,0,0
2019-11-19,46,APXMIDP ,1851.35,44.62
2019-11-19,46,N2EXMIDP,0,0
2019-11-19,47,APXMIDP ,894.85,42.68
2019-11-19,47,N2EXMIDP,0,0
2019-11-19,48,APXMIDP ,595.4,44.55
2019-11-19,48,N2EXMIDP,0,0
2019-11-20,1,APXMIDP ,458.7,41.47
2019-11-20,1,N2EXMIDP,0,0
2019-11-20,2,APXMIDP ,459.2,42.15
2019-11-20,2,N2EXMIDP,0,0
2019-11-20,3,APXMIDP ,665.15,41.26
2019-11-20,3,N2EXMIDP,0,0
2019-11-20,4,APXMIDP ,833.25,43.14
2019-11-20,4,N2EXMIDP,0,0
2019-11-20,5,APXMIDP ,572,40.57
2019-11-20,5,N2EXMIDP,0,0
2019-11-20,6,APXMIDP ,517.8,39.72
2019-11-20,6,N2EXMIDP,0,0
2019-11-20,7,APXMIDP ,433.15,41.01
2019-11-20,7,N2EXMIDP,0,0
2019-11-20,8,APXMIDP ,478.2,39.58
2019-11-20,8,N2EXMIDP,0,0
2019-11-20,9,APXMIDP ,498.2,40.71
2019-11-20,9,N2EXMIDP,0,0
2019-11-20,10,APXMIDP ,714.2,38.27
2019-11-20,10,N2EXMIDP,0,0
2019-11-20,11,APXMIDP ,604.95,42.02
2019-11-20,11,N2EXMIDP,0,0
2019-11-20,12,APXMIDP ,573.8,36.09
2019-11-20,12,N2EXMIDP,0,0
2019-11-20,13,APXMIDP ,930.15,47.02
2019-11-20,13,N2EXMIDP,0,0
2019-11-20,14,APXMIDP ,1212.6,41.44
2019-11-20,14,N2EXMIDP,0,0
2019-11-20,15,APXMIDP ,895.15,52.73
2019-11-20,15,N2EXMIDP,0,0
2019-11-20,16,APXMIDP ,852,58.49
2019-11-20,16,N2EXMIDP,0,0
2019-11-20,17,APXMIDP ,1143.2,58.3
2019-11-20,17,N2EXMIDP,0,0
2019-11-20,18,APXMIDP ,942.75,55.99
2019-11-20,18,N2EXMIDP,0,0
2019-11-20,19,APXMIDP ,1174,50.82
2019-11-20,19,N2EXMIDP,0,0
2019-11-20,20,APXMIDP ,1191.2,50.65
2019-11-20,20,N2EXMIDP,0,0
2019-11-20,21,APXMIDP ,1133.75,50.6
2019-11-20,21,N2EXMIDP,0,0
2019-11-20,22,APXMIDP ,1218.6,48.4
2019-11-20,22,N2EXMIDP,0,0
2019-11-20,23,APXMIDP ,971.7,44.93
2019-11-20,23,N2EXMIDP,0,0
2019-11-20,24,APXMIDP ,1022.2,45.87
2019-11-20,24,N2EXMIDP,0,0
2019-11-20,25,APXMIDP ,878.35,47.87
2019-11-20,25,N2EXMIDP,0,0
2019-11-20,26,APXMIDP ,897.65,48.17
2019-11-20,26,N2EXMIDP,0,0
2019-11-20,27,APXMIDP ,834.65,48.25
2019-11-20,27,N2EXMIDP,0,0
2019-11-20,28,APXMIDP ,935.6,48.9
2019-11-20,28,N2EXMIDP,0,0
2019-11-20,29,APXMIDP ,1207.3,48.64
2019-11-20,29,N2EXMIDP,0,0
2019-11-20,30,APXMIDP ,1221.3,49.55
2019-11-20,30,N2EXMIDP,0,0
2019-11-20,31,APXMIDP ,1745.95,51.45
2019-11-20,31,N2EXMIDP,0,0
2019-11-20,32,APXMIDP ,1826.5,53.64
2019-11-20,32,N2EXMIDP,0,0
2019-11-20,33,APXMIDP ,2099.85,47.91
2019-11-20,33,N2EXMIDP,0,0
2019-11-20,34,APXMIDP ,2039.6,53.82
2019-11-20,34,N2EXMIDP,0,0
2019-11-20,35,APXMIDP ,2613.3,48.72
2019-11-20,35,N2EXMIDP,0,0
2019-11-20,36,APXMIDP ,2480.45,49.02
2019-11-20,36,N2EXMIDP,0,0
2019-11-20,37,APXMIDP ,2139.55,48.99
2019-11-20,37,N2EXMIDP,0,0
2019-11-20,38,APXMIDP ,2246.8,48.63
2019-11-20,38,N2EXMIDP,0,0
2019-11-20,39,APXMIDP ,1468.75,43.94
2019-11-20,39,N2EXMIDP,0,0
2019-11-20,40,APXMIDP ,1747.85,44.81
2019-11-20,40,N2EXMIDP,0,0
2019-11-20,41,APXMIDP ,1414.7,47.99
2019-11-20,41,N2EXMIDP,0,0
2019-11-20,42,APXMIDP ,1407.55,47.86
2019-11-20,42,N2EXMIDP,0,0
2019-11-20,43,APXMIDP ,1208.4,45.92
2019-11-20,43,N2EXMIDP,0,0
2019-11-20,44,APXMIDP ,1717.3,43.58
2019-11-20,44,N2EXMIDP,0,0
2019-11-20,45,APXMIDP ,1272.5,41.67
2019-11-20,45,N2EXMIDP,0,0
2019-11-20,46,APXMIDP ,1791,41.72
2019-11-20,46,N2EXMIDP,0,0
2019-11-20,47,APXMIDP ,728.4,31.52
2019-11-20,47,N2EXMIDP,0,0
2019-11-20,48,APXMIDP ,727.25,27.6
2019-11-20,48,N2EXMIDP,0,0
2019-11-21,1,APXMIDP ,489.2,24.74
2019-11-21,1,N2EXMIDP,0,0
2019-11-21,2,APXMIDP ,464.85,23.43
2019-11-21,2,N2EXMIDP,0,0
2019-11-21,3,APXMIDP ,673.55,22.68
2019-11-21,3,N2EXMIDP,0,0
2019-11-21,4,APXMIDP ,615.5,27.27
2019-11-21,4,N2EXMIDP,0,0
2019-11-21,5,APXMIDP ,872.8,32.66
2019-11-21,5,N2EXMIDP,0,0
2019-11-21,6,APXMIDP ,785.9,27.28
2019-11-21,6,N2EXMIDP,0,0
2019-11-21,7,APXMIDP ,531.9,30.98
2019-11-21,7,N2EXMIDP,0,0
2019-11-21,8,APXMIDP ,460.85,25.94
2019-11-21,8,N2EXMIDP,0,0
2019-11-21,9,APXMIDP ,588.05,29.07
2019-11-21,9,N2EXMIDP,0,0
2019-11-21,10,APXMIDP ,604.25,28.93
2019-11-21,10,N2EXMIDP,0,0
2019-11-21,11,APXMIDP ,887.95,41.78
2019-11-21,11,N2EXMIDP,0,0
2019-11-21,12,APXMIDP ,756.95,34.74
2019-11-21,12,N2EXMIDP,0,0
2019-11-21,13,APXMIDP ,1108.75,44.18
2019-11-21,13,N2EXMIDP,0,0
2019-11-21,14,APXMIDP ,1394.4,36.97
2019-11-21,14,N2EXMIDP,0,0
2019-11-21,15,APXMIDP ,928.25,37.1
2019-11-21,15,N2EXMIDP,0,0
2019-11-21,16,APXMIDP ,858.5,41.33
2019-11-21,16,N2EXMIDP,0,0
2019-11-21,17,APXMIDP ,1073.6,42.3
2019-11-21,17,N2EXMIDP,0,0
2019-11-21,18,APXMIDP ,990.4,45.17
2019-11-21,18,N2EXMIDP,0,0
2019-11-21,19,APXMIDP ,1106.4,48.75
2019-11-21,19,N2EXMIDP,0,0
2019-11-21,20,APXMIDP ,1230.25,49.52
2019-11-21,20,N2EXMIDP,0,0
2019-11-21,21,APXMIDP ,1176.5,49.47
2019-11-21,21,N2EXMIDP,0,0
2019-11-21,22,APXMIDP ,1219.5,48.57
2019-11-21,22,N2EXMIDP,0,0
2019-11-21,23,APXMIDP ,1099.7,50.83
2019-11-21,23,N2EXMIDP,0,0
2019-11-21,24,APXMIDP ,1071.4,50.82
2019-11-21,24,N2EXMIDP,0,0
2019-11-21,25,APXMIDP ,1051.5,51.12
2019-11-21,25,N2EXMIDP,0,0
2019-11-21,26,APXMIDP ,1121.45,51.62
2019-11-21,26,N2EXMIDP,0,0
2019-11-21,27,APXMIDP ,834.35,51.39
2019-11-21,27,N2EXMIDP,0,0
2019-11-21,28,APXMIDP ,873.9,51.19
2019-11-21,28,N2EXMIDP,0,0
2019-11-21,29,APXMIDP ,941.1,51.15
2019-11-21,29,N2EXMIDP,0,0
2019-11-21,30,APXMIDP ,1068.2,50.52
2019-11-21,30,N2EXMIDP,0,0
2019-11-21,31,APXMIDP ,990.9,51.94
2019-11-21,31,N2EXMIDP,0,0
2019-11-21,32,APXMIDP ,1248.7,58.05
2019-11-21,32,N2EXMIDP,0,0
2019-11-21,33,APXMIDP ,1512.2,54.27
2019-11-21,33,N2EXMIDP,0,0
2019-11-21,34,APXMIDP ,1576.95,58.66
2019-11-21,34,N2EXMIDP,0,0
2019-11-21,35,APXMIDP ,1827.05,57.46
2019-11-21,35,N2EXMIDP,0,0
2019-11-21,36,APXMIDP ,1894.65,57.33
2019-11-21,36,N2EXMIDP,0,0
2019-11-21,37,APXMIDP ,1797.85,57.15
2019-11-21,37,N2EXMIDP,0,0
2019-11-21,38,APXMIDP ,1692.5,55.41
2019-11-21,38,N2EXMIDP,0,0
2019-11-21,39,APXMIDP ,1123.35,51.55
2019-11-21,39,N2EXMIDP,0,0
2019-11-21,40,APXMIDP ,936.15,49.98
2019-11-21,40,N2EXMIDP,0,0
2019-11-21,41,APXMIDP ,899.1,49.68
2019-11-21,41,N2EXMIDP,0,0
2019-11-21,42,APXMIDP ,887.95,49.02
2019-11-21,42,N2EXMIDP,0,0
2019-11-21,43,APXMIDP ,745.6,48.48
2019-11-21,43,N2EXMIDP,0,0
2019-11-21,44,APXMIDP ,864.35,46.5
2019-11-21,44,N2EXMIDP,0,0
2019-11-21,45,APXMIDP ,872.35,44.53
2019-11-21,45,N2EXMIDP,0,0
2019-11-21,46,APXMIDP ,769.25,46.4
2019-11-21,46,N2EXMIDP,0,0
2019-11-21,47,APXMIDP ,1241.6,37.21
2019-11-21,47,N2EXMIDP,0,0
2019-11-21,48,APXMIDP ,763,47.71
2019-11-21,48,N2EXMIDP,0,0
2019-11-22,1,APXMIDP ,766.5,50.53
2019-11-22,1,N2EXMIDP,0,0
2019-11-22,2,APXMIDP ,607.5,47.94
2019-11-22,2,N2EXMIDP,0,0
2019-11-22,3,APXMIDP ,805.8,50.37
2019-11-22,3,N2EXMIDP,0,0
2019-11-22,4,APXMIDP ,758.95,47.54
2019-11-22,4,N2EXMIDP,0,0
2019-11-22,5,APXMIDP ,597.85,45.76
2019-11-22,5,N2EXMIDP,0,0
2019-11-22,6,APXMIDP ,672.4,43.08
2019-11-22,6,N2EXMIDP,0,0
2019-11-22,7,APXMIDP ,456.5,34.27
2019-11-22,7,N2EXMIDP,0,0
2019-11-22,8,APXMIDP ,658.5,25.51
2019-11-22,8,N2EXMIDP,0,0
2019-11-22,9,APXMIDP ,633.45,25.13
2019-11-22,9,N2EXMIDP,0,0
2019-11-22,10,APXMIDP ,694.15,23.27
2019-11-22,10,N2EXMIDP,0,0
2019-11-22,11,APXMIDP ,1085.9,43.81
2019-11-22,11,N2EXMIDP,0,0
2019-11-22,12,APXMIDP ,901.1,39.87
2019-11-22,12,N2EXMIDP,0,0
2019-11-22,13,APXMIDP ,975.55,46.18
2019-11-22,13,N2EXMIDP,0,0
2019-11-22,14,APXMIDP ,976,39.47
2019-11-22,14,N2EXMIDP,0,0
2019-11-22,15,APXMIDP ,1212,40.94
2019-11-22,15,N2EXMIDP,0,0
2019-11-22,16,APXMIDP ,1182.95,47.03
2019-11-22,16,N2EXMIDP,0,0
2019-11-22,17,APXMIDP ,1256.05,44.83
2019-11-22,17,N2EXMIDP,0,0
2019-11-22,18,APXMIDP ,1314.35,43.79
2019-11-22,18,N2EXMIDP,0,0
2019-11-22,19,APXMIDP ,1773.7,35.23
2019-11-22,19,N2EXMIDP,0,0
2019-11-22,20,APXMIDP ,1628.7,33.76
2019-11-22,20,N2EXMIDP,0,0
2019-11-22,21,APXMIDP ,1973.4,41.13
2019-11-22,21,N2EXMIDP,0,0
2019-11-22,22,APXMIDP ,1872.1,43.96
2019-11-22,22,N2EXMIDP,0,0
2019-11-22,23,APXMIDP ,1629.7,47.09
2019-11-22,23,N2EXMIDP,0,0
2019-11-22,24,APXMIDP ,1687.1,48.02
2019-11-22,24,N2EXMIDP,0,0
2019-11-22,25,APXMIDP ,1569.95,50.03
2019-11-22,25,N2EXMIDP,0,0
2019-11-22,26,APXMIDP ,1826.6,53.36
2019-11-22,26,N2EXMIDP,0,0
2019-11-22,27,APXMIDP ,2080.65,55.45
2019-11-22,27,N2EXMIDP,0,0
2019-11-22,28,APXMIDP ,2520.45,54.02
2019-11-22,28,N2EXMIDP,0,0
2019-11-22,29,APXMIDP ,2302.9,55.27
2019-11-22,29,N2EXMIDP,0,0
2019-11-22,30,APXMIDP ,2480.5,54.83
2019-11-22,30,N2EXMIDP,0,0
2019-11-22,31,APXMIDP ,1806.25,54.52
2019-11-22,31,N2EXMIDP,0,0
2019-11-22,32,APXMIDP ,1506.1,57.44
2019-11-22,32,N2EXMIDP,0,0
2019-11-22,33,APXMIDP ,1493.95,57.22
2019-11-22,33,N2EXMIDP,0,0
2019-11-22,34,APXMIDP ,2033.5,64.26
2019-11-22,34,N2EXMIDP,0,0
2019-11-22,35,APXMIDP ,1516.5,61.96
2019-11-22,35,N2EXMIDP,0,0
2019-11-22,36,APXMIDP ,1427.4,54.92
2019-11-22,36,N2EXMIDP,0,0
2019-11-22,37,APXMIDP ,1496.5,57.83
2019-11-22,37,N2EXMIDP,0,0
2019-11-22,38,APXMIDP ,1686.8,54.35
2019-11-22,38,N2EXMIDP,0,0
2019-11-22,39,APXMIDP ,1405.35,50.7
2019-11-22,39,N2EXMIDP,0,0
2019-11-22,40,APXMIDP ,932.15,51.02
2019-11-22,40,N2EXMIDP,0,0
2019-11-22,41,APXMIDP ,1020.3,49.08
2019-11-22,41,N2EXMIDP,0,0
2019-11-22,42,APXMIDP ,873.95,45.53
2019-11-22,42,N2EXMIDP,0,0
2019-11-22,43,APXMIDP ,1123,44.33
2019-11-22,43,N2EXMIDP,0,0
2019-11-22,44,APXMIDP ,1248.7,45.66
2019-11-22,44,N2EXMIDP,0,0
2019-11-22,45,APXMIDP ,1497.4,42.58
2019-11-22,45,N2EXMIDP,0,0
2019-11-22,46,APXMIDP ,1488.25,43.86
2019-11-22,46,N2EXMIDP,0,0
2019-11-22,47,APXMIDP ,627.8,40.97
2019-11-22,47,N2EXMIDP,0,0
2019-11-22,48,APXMIDP ,579.75,41.01
2019-11-22,48,N2EXMIDP,0,0
2019-11-23,1,APXMIDP ,436.95,29.31
2019-11-23,1,N2EXMIDP,0,0
2019-11-23,2,APXMIDP ,347.25,31.72
2019-11-23,2,N2EXMIDP,0,0
2019-11-23,3,APXMIDP ,643.35,29.78
2019-11-23,3,N2EXMIDP,0,0
2019-11-23,4,APXMIDP ,582,27.47
2019-11-23,4,N2EXMIDP,0,0
2019-11-23,5,APXMIDP ,582.35,28.56
2019-11-23,5,N2EXMIDP,0,0
2019-11-23,6,APXMIDP ,662.15,28.29
2019-11-23,6,N2EXMIDP,0,0
2019-11-23,7,APXMIDP ,762.75,20.1
2019-11-23,7,N2EXMIDP,0,0
2019-11-23,8,APXMIDP ,898.35,13.53
2019-11-23,8,N2EXMIDP,0,0
2019-11-23,9,APXMIDP ,811.9,16.44
2019-11-23,9,N2EXMIDP,0,0
2019-11-23,10,APXMIDP ,868,15.81
2019-11-23,10,N2EXMIDP,0,0
2019-11-23,11,APXMIDP ,722.1,18.21
2019-11-23,11,N2EXMIDP,0,0
2019-11-23,12,APXMIDP ,851.6,21.07
2019-11-23,12,N2EXMIDP,0,0
2019-11-23,13,APXMIDP ,861.55,26.86
2019-11-23,13,N2EXMIDP,0,0
2019-11-23,14,APXMIDP ,1104.05,31.63
2019-11-23,14,N2EXMIDP,0,0
2019-11-23,15,APXMIDP ,1265.3,45.16
2019-11-23,15,N2EXMIDP,0,0
2019-11-23,16,APXMIDP ,1180.35,45.9
2019-11-23,16,N2EXMIDP,0,0
2019-11-23,17,APXMIDP ,1157.25,45.08
2019-11-23,17,N2EXMIDP,0,0
2019-11-23,18,APXMIDP ,1115.1,48.13
2019-11-23,18,N2EXMIDP,0,0
2019-11-23,19,APXMIDP ,1093.65,49.74
2019-11-23,19,N2EXMIDP,0,0
2019-11-23,20,APXMIDP ,1401.65,46.03
2019-11-23,20,N2EXMIDP,0,0
2019-11-23,21,APXMIDP ,1388.65,44.61
2019-11-23,21,N2EXMIDP,0,0
2019-11-23,22,APXMIDP ,1232.6,44.03
2019-11-23,22,N2EXMIDP,0,0
2019-11-23,23,APXMIDP ,1003.95,44.42
2019-11-23,23,N2EXMIDP,0,0
2019-11-23,24,APXMIDP ,1090.45,46.68
2019-11-23,24,N2EXMIDP,0,0
2019-11-23,25,APXMIDP ,1135.95,45.84
2019-11-23,25,N2EXMIDP,0,0
2019-11-23,26,APXMIDP ,1061.25,46.05
2019-11-23,26,N2EXMIDP,0,0
2019-11-23,27,APXMIDP ,1127.25,49.75
2019-11-23,27,N2EXMIDP,0,0
2019-11-23,28,APXMIDP ,1225.75,49.92
2019-11-23,28,N2EXMIDP,0,0
2019-11-23,29,APXMIDP ,1176.1,49.5
2019-11-23,29,N2EXMIDP,0,0
2019-11-23,30,APXMIDP ,1697.05,45.32
2019-11-23,30,N2EXMIDP,0,0
2019-11-23,31,APXMIDP ,1640.8,50.29
2019-11-23,31,N2EXMIDP,0,0
2019-11-23,32,APXMIDP ,1481.2,50.7
2019-11-23,32,N2EXMIDP,0,0
2019-11-23,33,APXMIDP ,1648.3,53.1
2019-11-23,33,N2EXMIDP,0,0
2019-11-23,34,APXMIDP ,1403.3,62.58
2019-11-23,34,N2EXMIDP,0,0
2019-11-23,35,APXMIDP ,1883.35,65.1
2019-11-23,35,N2EXMIDP,0,0
2019-11-23,36,APXMIDP ,1696.65,63.68
2019-11-23,36,N2EXMIDP,0,0
2019-11-23,37,APXMIDP ,1642.8,63.75
2019-11-23,37,N2EXMIDP,0,0
2019-11-23,38,APXMIDP ,1861.95,60.16
2019-11-23,38,N2EXMIDP,0,0
2019-11-23,39,APXMIDP ,962.45,46.2
2019-11-23,39,N2EXMIDP,0,0
2019-11-23,40,APXMIDP ,1285.95,46.77
2019-11-23,40,N2EXMIDP,0,0
2019-11-23,41,APXMIDP ,1405.25,47.3
2019-11-23,41,N2EXMIDP,0,0
2019-11-23,42,APXMIDP ,1170.2,45.44
2019-11-23,42,N2EXMIDP,0,0
2019-11-23,43,APXMIDP ,1169.05,43.9
2019-11-23,43,N2EXMIDP,0,0
2019-11-23,44,APXMIDP ,1259.9,43.6
2019-11-23,44,N2EXMIDP,0,0
2019-11-23,45,APXMIDP ,1252.8,43.82
2019-11-23,45,N2EXMIDP,0,0
2019-11-23,46,APXMIDP ,1246.8,43.08
2019-11-23,46,N2EXMIDP,0,0
2019-11-23,47,APXMIDP ,704.2,41.71
2019-11-23,47,N2EXMIDP,0,0
2019-11-23,48,APXMIDP ,420.05,43.58
2019-11-23,48,N2EXMIDP,0,0
2019-11-24,1,APXMIDP ,416.05,42.37
2019-11-24,1,N2EXMIDP,0,0
2019-11-24,2,APXMIDP ,271.05,45.14
2019-11-24,2,N2EXMIDP,0,0
2019-11-24,3,APXMIDP ,182.6,44.41
2019-11-24,3,N2EXMIDP,0,0
2019-11-24,4,APXMIDP ,176.25,42.66
2019-11-24,4,N2EXMIDP,0,0
2019-11-24,5,APXMIDP ,152.1,39.58
2019-11-24,5,N2EXMIDP,0,0
2019-11-24,6,APXMIDP ,108.6,37.06
2019-11-24,6,N2EXMIDP,0,0
2019-11-24,7,APXMIDP ,90.7,34.38
2019-11-24,7,N2EXMIDP,0,0
2019-11-24,8,APXMIDP ,96,32.52
2019-11-24,8,N2EXMIDP,0,0
2019-11-24,9,APXMIDP ,83.05,33.73
2019-11-24,9,N2EXMIDP,0,0
2019-11-24,10,APXMIDP ,80.5,32.27
2019-11-24,10,N2EXMIDP,0,0
2019-11-24,11,APXMIDP ,81.5,33.08
2019-11-24,11,N2EXMIDP,0,0
2019-11-24,12,APXMIDP ,100.45,32.45
2019-11-24,12,N2EXMIDP,0,0
2019-11-24,13,APXMIDP ,197.4,42.16
2019-11-24,13,N2EXMIDP,0,0
2019-11-24,14,APXMIDP ,352.5,43.29
2019-11-24,14,N2EXMIDP,0,0
2019-11-24,15,APXMIDP ,383.1,38.94
2019-11-24,15,N2EXMIDP,0,0
2019-11-24,16,APXMIDP ,452.2,39.48
2019-11-24,16,N2EXMIDP,0,0
2019-11-24,17,APXMIDP ,491.7,31.24
2019-11-24,17,N2EXMIDP,0,0
2019-11-24,18,APXMIDP ,698.55,36.88
2019-11-24,18,N2EXMIDP,0,0
2019-11-24,19,APXMIDP ,810.7,40.9
2019-11-24,19,N2EXMIDP,0,0
2019-11-24,20,APXMIDP ,836.65,43.12
2019-11-24,20,N2EXMIDP,0,0
2019-11-24,21,APXMIDP ,977.75,43.71
2019-11-24,21,N2EXMIDP,0,0
2019-11-24,22,APXMIDP ,957.5,44.16
2019-11-24,22,N2EXMIDP,0,0
2019-11-24,23,APXMIDP ,837.8,47.87
2019-11-24,23,N2EXMIDP,0,0
2019-11-24,24,APXMIDP ,927.65,43.91
2019-11-24,24,N2EXMIDP,0,0
2019-11-24,25,APXMIDP ,1029,39.1
2019-11-24,25,N2EXMIDP,0,0
2019-11-24,26,APXMIDP ,1271.85,38.04
2019-11-24,26,N2EXMIDP,0,0
2019-11-24,27,APXMIDP ,1504.5,48.26
2019-11-24,27,N2EXMIDP,0,0
2019-11-24,28,APXMIDP ,1318,47.92
2019-11-24,28,N2EXMIDP,0,0
2019-11-24,29,APXMIDP ,1471.9,46.9
2019-11-24,29,N2EXMIDP,0,0
2019-11-24,30,APXMIDP ,1603.5,49.06
2019-11-24,30,N2EXMIDP,0,0
2019-11-24,31,APXMIDP ,595.1,55.8
2019-11-24,31,N2EXMIDP,0,0
2019-11-24,32,APXMIDP ,851.35,63.28
2019-11-24,32,N2EXMIDP,0,0
2019-11-24,33,APXMIDP ,934,69.75
2019-11-24,33,N2EXMIDP,0,0
2019-11-24,34,APXMIDP ,961.1,75.6
2019-11-24,34,N2EXMIDP,0,0
2019-11-24,35,APXMIDP ,856.8,76.91
2019-11-24,35,N2EXMIDP,0,0
2019-11-24,36,APXMIDP ,869.15,74.8
2019-11-24,36,N2EXMIDP,0,0
2019-11-24,37,APXMIDP ,671.55,66.69
2019-11-24,37,N2EXMIDP,0,0
2019-11-24,38,APXMIDP ,835.05,64.08
2019-11-24,38,N2EXMIDP,0,0
2019-11-24,39,APXMIDP ,643.05,52.48
2019-11-24,39,N2EXMIDP,0,0
2019-11-24,40,APXMIDP ,881.3,47.88
2019-11-24,40,N2EXMIDP,0,0
2019-11-24,41,APXMIDP ,668.3,47.31
2019-11-24,41,N2EXMIDP,0,0
2019-11-24,42,APXMIDP ,966.35,46.33
2019-11-24,42,N2EXMIDP,0,0
2019-11-24,43,APXMIDP ,815.5,45.6
2019-11-24,43,N2EXMIDP,0,0
2019-11-24,44,APXMIDP ,977.5,45.11
2019-11-24,44,N2EXMIDP,0,0
2019-11-24,45,APXMIDP ,1085.2,43.48
2019-11-24,45,N2EXMIDP,0,0
2019-11-24,46,APXMIDP ,1086.25,41.23
2019-11-24,46,N2EXMIDP,0,0
2019-11-24,47,APXMIDP ,883.3,39.24
2019-11-24,47,N2EXMIDP,0,0
2019-11-24,48,APXMIDP ,653.7,40.92
2019-11-24,48,N2EXMIDP,0,0
2019-11-25,1,APXMIDP ,498.75,39.67
2019-11-25,1,N2EXMIDP,0,0
2019-11-25,2,APXMIDP ,519.65,41.03
2019-11-25,2,N2EXMIDP,0,0
2019-11-25,3,APXMIDP ,491.3,39.94
2019-11-25,3,N2EXMIDP,0,0
2019-11-25,4,APXMIDP ,491.2,40.65
2019-11-25,4,N2EXMIDP,0,0
2019-11-25,5,APXMIDP ,447.5,42.54
2019-11-25,5,N2EXMIDP,0,0
2019-11-25,6,APXMIDP ,514,38.82
2019-11-25,6,N2EXMIDP,0,0
2019-11-25,7,APXMIDP ,494.3,44.63
2019-11-25,7,N2EXMIDP,0,0
2019-11-25,8,APXMIDP ,523.3,40.66
2019-11-25,8,N2EXMIDP,0,0
2019-11-25,9,APXMIDP ,359.8,44.17
2019-11-25,9,N2EXMIDP,0,0
2019-11-25,10,APXMIDP ,380.3,43.66
2019-11-25,10,N2EXMIDP,0,0
2019-11-25,11,APXMIDP ,596.2,46.61
2019-11-25,11,N2EXMIDP,0,0
2019-11-25,12,APXMIDP ,879.35,45.21
2019-11-25,12,N2EXMIDP,0,0
2019-11-25,13,APXMIDP ,879.8,49.97
2019-11-25,13,N2EXMIDP,0,0
2019-11-25,14,APXMIDP ,1570.1,44.14
2019-11-25,14,N2EXMIDP,0,0
2019-11-25,15,APXMIDP ,1172.35,54.81
2019-11-25,15,N2EXMIDP,0,0
2019-11-25,16,APXMIDP ,1094.45,54.72
2019-11-25,16,N2EXMIDP,0,0
2019-11-25,17,APXMIDP ,1176.1,51.99
2019-11-25,17,N2EXMIDP,0,0
2019-11-25,18,APXMIDP ,1099.6,52.06
2019-11-25,18,N2EXMIDP,0,0
2019-11-25,19,APXMIDP ,1294.1,51.75
2019-11-25,19,N2EXMIDP,0,0
2019-11-25,20,APXMIDP ,1482.95,52.05
2019-11-25,20,N2EXMIDP,0,0
2019-11-25,21,APXMIDP ,1450.3,50.55
2019-11-25,21,N2EXMIDP,0,0
2019-11-25,22,APXMIDP ,1492.95,48.01
2019-11-25,22,N2EXMIDP,0,0
2019-11-25,23,APXMIDP ,1260.9,45.98
2019-11-25,23,N2EXMIDP,0,0
2019-11-25,24,APXMIDP ,1475.95,45.14
2019-11-25,24,N2EXMIDP,0,0
2019-11-25,25,APXMIDP ,1516.65,49.46
2019-11-25,25,N2EXMIDP,0,0
2019-11-25,26,APXMIDP ,1620.2,52.13
2019-11-25,26,N2EXMIDP,0,0
2019-11-25,27,APXMIDP ,1584.8,49.71
2019-11-25,27,N2EXMIDP,0,0
2019-11-25,28,APXMIDP ,1705.45,50.55
2019-11-25,28,N2EXMIDP,0,0
2019-11-25,29,APXMIDP ,1583.15,50.94
2019-11-25,29,N2EXMIDP,0,0
2019-11-25,30,APXMIDP ,1923.75,52.03
2019-11-25,30,N2EXMIDP,0,0
2019-11-25,31,APXMIDP ,2426.2,54.92
2019-11-25,31,N2EXMIDP,0,0
2019-11-25,32,APXMIDP ,2200.65,58.42
2019-11-25,32,N2EXMIDP,0,0
2019-11-25,33,APXMIDP ,1687.55,58.18
2019-11-25,33,N2EXMIDP,0,0
2019-11-25,34,APXMIDP ,1727.05,63.23
2019-11-25,34,N2EXMIDP,0,0
2019-11-25,35,APXMIDP ,1691.65,63.28
2019-11-25,35,N2EXMIDP,0,0
2019-11-25,36,APXMIDP ,1599.15,61.19
2019-11-25,36,N2EXMIDP,0,0
2019-11-25,37,APXMIDP ,1760.35,57.5
2019-11-25,37,N2EXMIDP,0,0
2019-11-25,38,APXMIDP ,2305.5,56.59
2019-11-25,38,N2EXMIDP,0,0
2019-11-25,39,APXMIDP ,1641.95,54.95
2019-11-25,39,N2EXMIDP,0,0
2019-11-25,40,APXMIDP ,1537.15,54.45
2019-11-25,40,N2EXMIDP,0,0
2019-11-25,41,APXMIDP ,1825.35,56.34
2019-11-25,41,N2EXMIDP,0,0
2019-11-25,42,APXMIDP ,1642.7,51.67
2019-11-25,42,N2EXMIDP,0,0
2019-11-25,43,APXMIDP ,1792.65,45.52
2019-11-25,43,N2EXMIDP,0,0
2019-11-25,44,APXMIDP ,2166.9,44
2019-11-25,44,N2EXMIDP,0,0
2019-11-25,45,APXMIDP ,1716.8,43.06
2019-11-25,45,N2EXMIDP,0,0
2019-11-25,46,APXMIDP ,1916.3,43.43
2019-11-25,46,N2EXMIDP,0,0
2019-11-25,47,APXMIDP ,532.35,47.83
2019-11-25,47,N2EXMIDP,0,0
2019-11-25,48,APXMIDP ,479.6,47.98
2019-11-25,48,N2EXMIDP,0,0
2019-11-26,1,APXMIDP ,388.9,34.9
2019-11-26,1,N2EXMIDP,0,0
2019-11-26,2,APXMIDP ,285,33.17
2019-11-26,2,N2EXMIDP,0,0
2019-11-26,3,APXMIDP ,636.35,33.79
2019-11-26,3,N2EXMIDP,0,0
2019-11-26,4,APXMIDP ,1008.05,35.04
2019-11-26,4,N2EXMIDP,0,0
2019-11-26,5,APXMIDP ,909.75,34.24
2019-11-26,5,N2EXMIDP,0,0
2019-11-26,6,APXMIDP ,839.8,35.49
2019-11-26,6,N2EXMIDP,0,0
2019-11-26,7,APXMIDP ,836.95,35.2
2019-11-26,7,N2EXMIDP,0,0
2019-11-26,8,APXMIDP ,714.15,35.42
2019-11-26,8,N2EXMIDP,0,0
2019-11-26,9,APXMIDP ,643.65,34.48
2019-11-26,9,N2EXMIDP,0,0
2019-11-26,10,APXMIDP ,775.7,34.48
2019-11-26,10,N2EXMIDP,0,0
2019-11-26,11,APXMIDP ,746.7,40.19
2019-11-26,11,N2EXMIDP,0,0
2019-11-26,12,APXMIDP ,929.35,34.64
2019-11-26,12,N2EXMIDP,0,0
2019-11-26,13,APXMIDP ,1021.8,43.7
2019-11-26,13,N2EXMIDP,0,0
2019-11-26,14,APXMIDP ,1085.4,39.53
2019-11-26,14,N2EXMIDP,0,0
2019-11-26,15,APXMIDP ,911.35,34.62
2019-11-26,15,N2EXMIDP,0,0
2019-11-26,16,APXMIDP ,915.15,54.23
2019-11-26,16,N2EXMIDP,0,0
2019-11-26,17,APXMIDP ,976.5,51.7
2019-11-26,17,N2EXMIDP,0,0
2019-11-26,18,APXMIDP ,852.25,42.99
2019-11-26,18,N2EXMIDP,0,0
2019-11-26,19,APXMIDP ,1283.5,42.42
2019-11-26,19,N2EXMIDP,0,0
2019-11-26,20,APXMIDP ,1401.25,43.07
2019-11-26,20,N2EXMIDP,0,0
2019-11-26,21,APXMIDP ,1302.1,44.1
2019-11-26,21,N2EXMIDP,0,0
2019-11-26,22,APXMIDP ,1168.45,41.89
2019-11-26,22,N2EXMIDP,0,0
2019-11-26,23,APXMIDP ,1774,40.74
2019-11-26,23,N2EXMIDP,0,0
2019-11-26,24,APXMIDP ,1764.85,40.76
2019-11-26,24,N2EXMIDP,0,0
2019-11-26,25,APXMIDP ,1807.7,42.78
2019-11-26,25,N2EXMIDP,0,0
2019-11-26,26,APXMIDP ,1646.3,41.65
2019-11-26,26,N2EXMIDP,0,0
2019-11-26,27,APXMIDP ,1765.35,42.28
2019-11-26,27,N2EXMIDP,0,0
2019-11-26,28,APXMIDP ,1795.45,41.36
2019-11-26,28,N2EXMIDP,0,0
2019-11-26,29,APXMIDP ,1781.9,41.18
2019-11-26,29,N2EXMIDP,0,0
2019-11-26,30,APXMIDP ,1783,40.6
2019-11-26,30,N2EXMIDP,0,0
2019-11-26,31,APXMIDP ,1792.05,42.19
2019-11-26,31,N2EXMIDP,0,0
2019-11-26,32,APXMIDP ,1589.55,48.74
2019-11-26,32,N2EXMIDP,0,0
2019-11-26,33,APXMIDP ,1547.35,43.93
2019-11-26,33,N2EXMIDP,0,0
2019-11-26,34,APXMIDP ,2001.45,46.56
2019-11-26,34,N2EXMIDP,0,0
2019-11-26,35,APXMIDP ,1851.8,50.56
2019-11-26,35,N2EXMIDP,0,0
2019-11-26,36,APXMIDP ,2500.95,52.11
2019-11-26,36,N2EXMIDP,0,0
2019-11-26,37,APXMIDP ,2055.4,49.57
2019-11-26,37,N2EXMIDP,0,0
2019-11-26,38,APXMIDP ,2114.9,50.12
2019-11-26,38,N2EXMIDP,0,0
2019-11-26,39,APXMIDP ,2032.9,51.82
2019-11-26,39,N2EXMIDP,0,0
2019-11-26,40,APXMIDP ,1712.95,48.56
2019-11-26,40,N2EXMIDP,0,0
2019-11-26,41,APXMIDP ,1740.1,46.63
2019-11-26,41,N2EXMIDP,0,0
2019-11-26,42,APXMIDP ,1709.6,44.82
2019-11-26,42,N2EXMIDP,0,0
2019-11-26,43,APXMIDP ,1668,41.18
2019-11-26,43,N2EXMIDP,0,0
2019-11-26,44,APXMIDP ,1933.15,45.59
2019-11-26,44,N2EXMIDP,0,0
2019-11-26,45,APXMIDP ,1665.65,44.41
2019-11-26,45,N2EXMIDP,0,0
2019-11-26,46,APXMIDP ,1519.35,39.28
2019-11-26,46,N2EXMIDP,0,0
2019-11-26,47,APXMIDP ,838.4,30.55
2019-11-26,47,N2EXMIDP,0,0
2019-11-26,48,APXMIDP ,651.6,32.42
2019-11-26,48,N2EXMIDP,0,0
2019-11-27,1,APXMIDP ,373.55,42.26
2019-11-27,1,N2EXMIDP,0,0
2019-11-27,2,APXMIDP ,446.9,48.16
2019-11-27,2,N2EXMIDP,0,0
2019-11-27,3,APXMIDP ,297.1,48.8
2019-11-27,3,N2EXMIDP,0,0
2019-11-27,4,APXMIDP ,326.3,45.19
2019-11-27,4,N2EXMIDP,0,0
2019-11-27,5,APXMIDP ,438.15,48.3
2019-11-27,5,N2EXMIDP,0,0
2019-11-27,6,APXMIDP ,395.8,44.03
2019-11-27,6,N2EXMIDP,0,0
2019-11-27,7,APXMIDP ,475.7,42.92
2019-11-27,7,N2EXMIDP,0,0
2019-11-27,8,APXMIDP ,425.2,43.03
2019-11-27,8,N2EXMIDP,0,0
2019-11-27,9,APXMIDP ,486.55,45.93
2019-11-27,9,N2EXMIDP,0,0
2019-11-27,10,APXMIDP ,438.2,42.88
2019-11-27,10,N2EXMIDP,0,0
2019-11-27,11,APXMIDP ,496.2,43.56
2019-11-27,11,N2EXMIDP,0,0
2019-11-27,12,APXMIDP ,479.65,42.91
2019-11-27,12,N2EXMIDP,0,0
2019-11-27,13,APXMIDP ,737.35,43.14
2019-11-27,13,N2EXMIDP,0,0
2019-11-27,14,APXMIDP ,1266.3,44.77
2019-11-27,14,N2EXMIDP,0,0
2019-11-27,15,APXMIDP ,911.6,61.18
2019-11-27,15,N2EXMIDP,0,0
2019-11-27,16,APXMIDP ,1018.45,59.45
2019-11-27,16,N2EXMIDP,0,0
2019-11-27,17,APXMIDP ,1170.7,54.78
2019-11-27,17,N2EXMIDP,0,0
2019-11-27,18,APXMIDP ,1084.1,49.24
2019-11-27,18,N2EXMIDP,0,0
2019-11-27,19,APXMIDP ,1475.85,54.23
2019-11-27,19,N2EXMIDP,0,0
2019-11-27,20,APXMIDP ,1476.8,51.13
2019-11-27,20,N2EXMIDP,0,0
2019-11-27,21,APXMIDP ,1775.3,55.54
2019-11-27,21,N2EXMIDP,0,0
2019-11-27,22,APXMIDP ,1570.25,51.95
2019-11-27,22,N2EXMIDP,0,0
2019-11-27,23,APXMIDP ,1067.25,51.81
2019-11-27,23,N2EXMIDP,0,0
2019-11-27,24,APXMIDP ,1022.05,51.09
2019-11-27,24,N2EXMIDP,0,0
2019-11-27,25,APXMIDP ,1161.85,53.5
2019-11-27,25,N2EXMIDP,0,0
2019-11-27,26,APXMIDP ,1250,54.47
2019-11-27,26,N2EXMIDP,0,0
2019-11-27,27,APXMIDP ,1089.2,55.3
2019-11-27,27,N2EXMIDP,0,0
2019-11-27,28,APXMIDP ,1089.1,52.37
2019-11-27,28,N2EXMIDP,0,0
2019-11-27,29,APXMIDP ,918.1,53.93
2019-11-27,29,N2EXMIDP,0,0
2019-11-27,30,APXMIDP ,1268.5,51.36
2019-11-27,30,N2EXMIDP,0,0
2019-11-27,31,APXMIDP ,1422.8,54.76
2019-11-27,31,N2EXMIDP,0,0
2019-11-27,32,APXMIDP ,1551.15,57.46
2019-11-27,32,N2EXMIDP,0,0
2019-11-27,33,APXMIDP ,1639.3,58.02
2019-11-27,33,N2EXMIDP,0,0
2019-11-27,34,APXMIDP ,1690.8,67.8
2019-11-27,34,N2EXMIDP,0,0
2019-11-27,35,APXMIDP ,1616.05,69.66
2019-11-27,35,N2EXMIDP,0,0
2019-11-27,36,APXMIDP ,1659.45,58.44
2019-11-27,36,N2EXMIDP,0,0
2019-11-27,37,APXMIDP ,1561.45,55.21
2019-11-27,37,N2EXMIDP,0,0
2019-11-27,38,APXMIDP ,2007.9,53.34
2019-11-27,38,N2EXMIDP,0,0
2019-11-27,39,APXMIDP ,2229.15,49.51
2019-11-27,39,N2EXMIDP,0,0
2019-11-27,40,APXMIDP ,1865.95,46.35
2019-11-27,40,N2EXMIDP,0,0
2019-11-27,41,APXMIDP ,2185.7,43.44
2019-11-27,41,N2EXMIDP,0,0
2019-11-27,42,APXMIDP ,2020.4,44.92
2019-11-27,42,N2EXMIDP,0,0
2019-11-27,43,APXMIDP ,1692.35,46.8
2019-11-27,43,N2EXMIDP,0,0
2019-11-27,44,APXMIDP ,1416.7,44.99
2019-11-27,44,N2EXMIDP,0,0
2019-11-27,45,APXMIDP ,1687.2,44.19
2019-11-27,45,N2EXMIDP,0,0
2019-11-27,46,APXMIDP ,1481.5,43.39
2019-11-27,46,N2EXMIDP,0,0
2019-11-27,47,APXMIDP ,914.05,48.01
2019-11-27,47,N2EXMIDP,0,0
2019-11-27,48,APXMIDP ,676.45,49.19
2019-11-27,48,N2EXMIDP,0,0
2019-11-28,1,APXMIDP ,567.8,46.57
2019-11-28,1,N2EXMIDP,0,0
2019-11-28,2,APXMIDP ,519.15,46.29
2019-11-28,2,N2EXMIDP,0,0
2019-11-28,3,APXMIDP ,780.05,46.21
2019-11-28,3,N2EXMIDP,0,0
2019-11-28,4,APXMIDP ,643.2,43.66
2019-11-28,4,N2EXMIDP,0,0
2019-11-28,5,APXMIDP ,648.05,43.6
2019-11-28,5,N2EXMIDP,0,0
2019-11-28,6,APXMIDP ,823.45,45.86
2019-11-28,6,N2EXMIDP,0,0
2019-11-28,7,APXMIDP ,858.5,44.19
2019-11-28,7,N2EXMIDP,0,0
2019-11-28,8,APXMIDP ,862.75,42.32
2019-11-28,8,N2EXMIDP,0,0
2019-11-28,9,APXMIDP ,825.2,43.79
2019-11-28,9,N2EXMIDP,0,0
2019-11-28,10,APXMIDP ,1017.95,45.02
2019-11-28,10,N2EXMIDP,0,0
2019-11-28,11,APXMIDP ,663.6,45.31
2019-11-28,11,N2EXMIDP,0,0
2019-11-28,12,APXMIDP ,950.8,44.39
2019-11-28,12,N2EXMIDP,0,0
2019-11-28,13,APXMIDP ,884.9,42.23
2019-11-28,13,N2EXMIDP,0,0
2019-11-28,14,APXMIDP ,1214.85,41.8
2019-11-28,14,N2EXMIDP,0,0
2019-11-28,15,APXMIDP ,1038.2,34.71
2019-11-28,15,N2EXMIDP,0,0
2019-11-28,16,APXMIDP ,943,36.13
2019-11-28,16,N2EXMIDP,0,0
2019-11-28,17,APXMIDP ,1302.75,40.31
2019-11-28,17,N2EXMIDP,0,0
2019-11-28,18,APXMIDP ,1197.35,40.62
2019-11-28,18,N2EXMIDP,0,0
2019-11-28,19,APXMIDP ,1929.7,47.29
2019-11-28,19,N2EXMIDP,0,0
2019-11-28,20,APXMIDP ,1884.3,43.93
2019-11-28,20,N2EXMIDP,0,0
2019-11-28,21,APXMIDP ,1917.5,45.17
2019-11-28,21,N2EXMIDP,0,0
2019-11-28,22,APXMIDP ,1795.9,46.12
2019-11-28,22,N2EXMIDP,0,0
2019-11-28,23,APXMIDP ,1324.55,47.72
2019-11-28,23,N2EXMIDP,0,0
2019-11-28,24,APXMIDP ,1332.75,48.32
2019-11-28,24,N2EXMIDP,0,0
2019-11-28,25,APXMIDP ,1150.9,48.88
2019-11-28,25,N2EXMIDP,0,0
2019-11-28,26,APXMIDP ,1367.45,48.69
2019-11-28,26,N2EXMIDP,0,0
2019-11-28,27,APXMIDP ,1484.55,50.26
2019-11-28,27,N2EXMIDP,0,0
2019-11-28,28,APXMIDP ,1532.65,50.2
2019-11-28,28,N2EXMIDP,0,0
2019-11-28,29,APXMIDP ,1476.55,50.02
2019-11-28,29,N2EXMIDP,0,0
2019-11-28,30,APXMIDP ,1693.05,49.16
2019-11-28,30,N2EXMIDP,0,0
2019-11-28,31,APXMIDP ,1388.9,44.35
2019-11-28,31,N2EXMIDP,0,0
2019-11-28,32,APXMIDP ,1881.7,44.95
2019-11-28,32,N2EXMIDP,0,0
2019-11-28,33,APXMIDP ,2106.95,53.53
2019-11-28,33,N2EXMIDP,0,0
2019-11-28,34,APXMIDP ,1796.5,63.37
2019-11-28,34,N2EXMIDP,0,0
2019-11-28,35,APXMIDP ,1944.8,66.7
2019-11-28,35,N2EXMIDP,0,0
2019-11-28,36,APXMIDP ,1976.9,67.29
2019-11-28,36,N2EXMIDP,0,0
2019-11-28,37,APXMIDP ,1947.5,62.1
2019-11-28,37,N2EXMIDP,0,0
2019-11-28,38,APXMIDP ,2258.35,57.86
2019-11-28,38,N2EXMIDP,0,0
2019-11-28,39,APXMIDP ,1822.15,52.81
2019-11-28,39,N2EXMIDP,0,0
2019-11-28,40,APXMIDP ,1680.7,51.31
2019-11-28,40,N2EXMIDP,0,0
2019-11-28,41,APXMIDP ,1536.5,50.26
2019-11-28,41,N2EXMIDP,0,0
2019-11-28,42,APXMIDP ,1840.2,49.28
2019-11-28,42,N2EXMIDP,0,0
2019-11-28,43,APXMIDP ,2144,47.39
2019-11-28,43,N2EXMIDP,0,0
2019-11-28,44,APXMIDP ,1984.2,45.47
2019-11-28,44,N2EXMIDP,0,0
2019-11-28,45,APXMIDP ,2041.45,46.88
2019-11-28,45,N2EXMIDP,0,0
2019-11-28,46,APXMIDP ,1954.1,45.43
2019-11-28,46,N2EXMIDP,0,0
2019-11-28,47,APXMIDP ,942.45,31.05
2019-11-28,47,N2EXMIDP,0,0
2019-11-28,48,APXMIDP ,989.6,30.06
2019-11-28,48,N2EXMIDP,0,0
2019-11-29,1,APXMIDP ,700,36.52
2019-11-29,1,N2EXMIDP,0,0
2019-11-29,2,APXMIDP ,716.3,41.46
2019-11-29,2,N2EXMIDP,0,0
2019-11-29,3,APXMIDP ,683.25,40.88
2019-11-29,3,N2EXMIDP,0,0
2019-11-29,4,APXMIDP ,570.25,37.89
2019-11-29,4,N2EXMIDP,0,0
2019-11-29,5,APXMIDP ,572.15,37.2
2019-11-29,5,N2EXMIDP,0,0
2019-11-29,6,APXMIDP ,541.75,32.65
2019-11-29,6,N2EXMIDP,0,0
2019-11-29,7,APXMIDP ,633.4,27.09
2019-11-29,7,N2EXMIDP,0,0
2019-11-29,8,APXMIDP ,589.95,24.8
2019-11-29,8,N2EXMIDP,0,0
2019-11-29,9,APXMIDP ,671.5,28.47
2019-11-29,9,N2EXMIDP,0,0
2019-11-29,10,APXMIDP ,849.65,25.35
2019-11-29,10,N2EXMIDP,0,0
2019-11-29,11,APXMIDP ,909,40.85
2019-11-29,11,N2EXMIDP,0,0
2019-11-29,12,APXMIDP ,739.3,40.05
2019-11-29,12,N2EXMIDP,0,0
2019-11-29,13,APXMIDP ,884.7,47.88
2019-11-29,13,N2EXMIDP,0,0
2019-11-29,14,APXMIDP ,1325.05,40.93
2019-11-29,14,N2EXMIDP,0,0
2019-11-29,15,APXMIDP ,911.1,46.76
2019-11-29,15,N2EXMIDP,0,0
2019-11-29,16,APXMIDP ,1189.45,55.24
2019-11-29,16,N2EXMIDP,0,0
2019-11-29,17,APXMIDP ,1197.4,50.83
2019-11-29,17,N2EXMIDP,0,0
2019-11-29,18,APXMIDP ,1086.85,52.41
2019-11-29,18,N2EXMIDP,0,0
2019-11-29,19,APXMIDP ,1274.9,54.96
2019-11-29,19,N2EXMIDP,0,0
2019-11-29,20,APXMIDP ,1311.7,51.73
2019-11-29,20,N2EXMIDP,0,0
2019-11-29,21,APXMIDP ,1334.1,51.53
2019-11-29,21,N2EXMIDP,0,0
2019-11-29,22,APXMIDP ,1170.25,50.42
2019-11-29,22,N2EXMIDP,0,0
2019-11-29,23,APXMIDP ,964.4,42.5
2019-11-29,23,N2EXMIDP,0,0
2019-11-29,24,APXMIDP ,1051.95,41.42
2019-11-29,24,N2EXMIDP,0,0
2019-11-29,25,APXMIDP ,1406.6,41.34
2019-11-29,25,N2EXMIDP,0,0
2019-11-29,26,APXMIDP ,1423.5,41.75
2019-11-29,26,N2EXMIDP,0,0
2019-11-29,27,APXMIDP ,1708.2,40.63
2019-11-29,27,N2EXMIDP,0,0
2019-11-29,28,APXMIDP ,1440.15,41.81
2019-11-29,28,N2EXMIDP,0,0
2019-11-29,29,APXMIDP ,1666.9,42.11
2019-11-29,29,N2EXMIDP,0,0
2019-11-29,30,APXMIDP ,1752.65,41.84
2019-11-29,30,N2EXMIDP,0,0
2019-11-29,31,APXMIDP ,1599,52.06
2019-11-29,31,N2EXMIDP,0,0
2019-11-29,32,APXMIDP ,1670.75,53.25
2019-11-29,32,N2EXMIDP,0,0
2019-11-29,33,APXMIDP ,1593.15,57.04
2019-11-29,33,N2EXMIDP,0,0
2019-11-29,34,APXMIDP ,1504.35,67.38
2019-11-29,34,N2EXMIDP,0,0
2019-11-29,35,APXMIDP ,1368.6,70.89
2019-11-29,35,N2EXMIDP,0,0
2019-11-29,36,APXMIDP ,1601.85,71.77
2019-11-29,36,N2EXMIDP,0,0
2019-11-29,37,APXMIDP ,1279.6,70.95
2019-11-29,37,N2EXMIDP,0,0
2019-11-29,38,APXMIDP ,1230.5,62.71
2019-11-29,38,N2EXMIDP,0,0
2019-11-29,39,APXMIDP ,1309.2,49.3
2019-11-29,39,N2EXMIDP,0,0
2019-11-29,40,APXMIDP ,1129.9,45.85
2019-11-29,40,N2EXMIDP,0,0
2019-11-29,41,APXMIDP ,1445.85,51.92
2019-11-29,41,N2EXMIDP,0,0
2019-11-29,42,APXMIDP ,881.45,47.92
2019-11-29,42,N2EXMIDP,0,0
2019-11-29,43,APXMIDP ,824.9,45.06
2019-11-29,43,N2EXMIDP,0,0
2019-11-29,44,APXMIDP ,975.15,42.36
2019-11-29,44,N2EXMIDP,0,0
2019-11-29,45,APXMIDP ,889.35,40.65
2019-11-29,45,N2EXMIDP,0,0
2019-11-29,46,APXMIDP ,1503.05,41.99
2019-11-29,46,N2EXMIDP,0,0
2019-11-29,47,APXMIDP ,689.25,49.2
2019-11-29,47,N2EXMIDP,0,0
2019-11-29,48,APXMIDP ,305.65,44.86
2019-11-29,48,N2EXMIDP,0,0
2019-11-30,1,APXMIDP ,296.85,36.24
2019-11-30,1,N2EXMIDP,0,0
2019-11-30,2,APXMIDP ,264.9,39.19
2019-11-30,2,N2EXMIDP,0,0
2019-11-30,3,APXMIDP ,414.1,39.28
2019-11-30,3,N2EXMIDP,0,0
2019-11-30,4,APXMIDP ,286.2,29.46
2019-11-30,4,N2EXMIDP,0,0
2019-11-30,5,APXMIDP ,316.15,23.71
2019-11-30,5,N2EXMIDP,0,0
2019-11-30,6,APXMIDP ,320.1,31.02
2019-11-30,6,N2EXMIDP,0,0
2019-11-30,7,APXMIDP ,726.5,30.62
2019-11-30,7,N2EXMIDP,0,0
2019-11-30,8,APXMIDP ,780.95,32.02
2019-11-30,8,N2EXMIDP,0,0
2019-11-30,9,APXMIDP ,768.3,30.87
2019-11-30,9,N2EXMIDP,0,0
2019-11-30,10,APXMIDP ,607.75,32.75
2019-11-30,10,N2EXMIDP,0,0
2019-11-30,11,APXMIDP ,575.9,32.31
2019-11-30,11,N2EXMIDP,0,0
2019-11-30,12,APXMIDP ,588.4,33.11
2019-11-30,12,N2EXMIDP,0,0
2019-11-30,13,APXMIDP ,703.25,36.11
2019-11-30,13,N2EXMIDP,0,0
2019-11-30,14,APXMIDP ,900.2,38.44
2019-11-30,14,N2EXMIDP,0,0
2019-11-30,15,APXMIDP ,1227.05,42.08
2019-11-30,15,N2EXMIDP,0,0
2019-11-30,16,APXMIDP ,1000.1,41.96
2019-11-30,16,N2EXMIDP,0,0
2019-11-30,17,APXMIDP ,925.45,40.22
2019-11-30,17,N2EXMIDP,0,0
2019-11-30,18,APXMIDP ,885.45,44.8
2019-11-30,18,N2EXMIDP,0,0
2019-11-30,19,APXMIDP ,561.6,46.8
2019-11-30,19,N2EXMIDP,0,0
2019-11-30,20,APXMIDP ,589.15,46.94
2019-11-30,20,N2EXMIDP,0,0
2019-11-30,21,APXMIDP ,686.95,45.07
2019-11-30,21,N2EXMIDP,0,0
2019-11-30,22,APXMIDP ,749.5,41.15
2019-11-30,22,N2EXMIDP,0,0
2019-11-30,23,APXMIDP ,721.5,41.14
2019-11-30,23,N2EXMIDP,0,0
2019-11-30,24,APXMIDP ,798.85,40.65
2019-11-30,24,N2EXMIDP,0,0
2019-11-30,25,APXMIDP ,1016.75,39.76
2019-11-30,25,N2EXMIDP,0,0
2019-11-30,26,APXMIDP ,918.9,40.51
2019-11-30,26,N2EXMIDP,0,0
2019-11-30,27,APXMIDP ,841.15,40.33
2019-11-30,27,N2EXMIDP,0,0
2019-11-30,28,APXMIDP ,822.7,40.14
2019-11-30,28,N2EXMIDP,0,0
2019-11-30,29,APXMIDP ,983.8,41.28
2019-11-30,29,N2EXMIDP,0,0
2019-11-30,30,APXMIDP ,1254.25,39.88
2019-11-30,30,N2EXMIDP,0,0
2019-11-30,31,APXMIDP ,928.55,41.14
2019-11-30,31,N2EXMIDP,0,0
2019-11-30,32,APXMIDP ,939.85,42.6
2019-11-30,32,N2EXMIDP,0,0
2019-11-30,33,APXMIDP ,905.1,48.94
2019-11-30,33,N2EXMIDP,0,0
2019-11-30,34,APXMIDP ,911.05,60.51
2019-11-30,34,N2EXMIDP,0,0
2019-11-30,35,APXMIDP ,916.1,65.54
2019-11-30,35,N2EXMIDP,0,0
2019-11-30,36,APXMIDP ,841.15,64.67
2019-11-30,36,N2EXMIDP,0,0
2019-11-30,37,APXMIDP ,1003.4,59.52
2019-11-30,37,N2EXMIDP,0,0
2019-11-30,38,APXMIDP ,799.65,55.78
2019-11-30,38,N2EXMIDP,0,0
2019-11-30,39,APXMIDP ,912.6,55.58
2019-11-30,39,N2EXMIDP,0,0
2019-11-30,40,APXMIDP ,724.15,55.27
2019-11-30,40,N2EXMIDP,0,0
2019-11-30,41,APXMIDP ,783.5,52.28
2019-11-30,41,N2EXMIDP,0,0
2019-11-30,42,APXMIDP ,849.8,47.91
2019-11-30,42,N2EXMIDP,0,0
2019-11-30,43,APXMIDP ,738.8,45.46
2019-11-30,43,N2EXMIDP,0,0
2019-11-30,44,APXMIDP ,972.45,44.48
2019-11-30,44,N2EXMIDP,0,0
2019-11-30,45,APXMIDP ,1190.15,44.29
2019-11-30,45,N2EXMIDP,0,0
2019-11-30,46,APXMIDP ,1236.55,43.62
2019-11-30,46,N2EXMIDP,0,0
2019-11-30,47,APXMIDP ,966.5,39.76
2019-11-30,47,N2EXMIDP,0,0
2019-11-30,48,APXMIDP ,590,43.95
2019-11-30,48,N2EXMIDP,0,0
2019-12-01,1,APXMIDP ,542.7,44.35
2019-12-01,1,N2EXMIDP,0,0
2019-12-01,2,APXMIDP ,427.7,49.85
2019-12-01,2,N2EXMIDP,0,0
2019-12-01,3,APXMIDP ,398.5,47.93
2019-12-01,3,N2EXMIDP,0,0
2019-12-01,4,APXMIDP ,412.5,48.07
2019-12-01,4,N2EXMIDP,0,0
2019-12-01,5,APXMIDP ,444,47.59
2019-12-01,5,N2EXMIDP,0,0
2019-12-01,6,APXMIDP ,522.1,47.02
2019-12-01,6,N2EXMIDP,0,0
2019-12-01,7,APXMIDP ,601.4,42.81
2019-12-01,7,N2EXMIDP,0,0
2019-12-01,8,APXMIDP ,486.75,40.25
2019-12-01,8,N2EXMIDP,0,0
2019-12-01,9,APXMIDP ,516.75,38.93
2019-12-01,9,N2EXMIDP,0,0
2019-12-01,10,APXMIDP ,386.05,38.59
2019-12-01,10,N2EXMIDP,0,0
2019-12-01,11,APXMIDP ,445.55,37.41
2019-12-01,11,N2EXMIDP,0,0
2019-12-01,12,APXMIDP ,463.95,37.27
2019-12-01,12,N2EXMIDP,0,0
2019-12-01,13,APXMIDP ,623.3,36.48
2019-12-01,13,N2EXMIDP,0,0
2019-12-01,14,APXMIDP ,477.05,35.75
2019-12-01,14,N2EXMIDP,0,0
2019-12-01,15,APXMIDP ,1033.35,36.88
2019-12-01,15,N2EXMIDP,0,0
2019-12-01,16,APXMIDP ,1046.7,34.92
2019-12-01,16,N2EXMIDP,0,0
2019-12-01,17,APXMIDP ,1312.7,41.01
2019-12-01,17,N2EXMIDP,0,0
2019-12-01,18,APXMIDP ,1204.15,44.18
2019-12-01,18,N2EXMIDP,0,0
2019-12-01,19,APXMIDP ,949.2,47.29
2019-12-01,19,N2EXMIDP,0,0
2019-12-01,20,APXMIDP ,944.1,50.79
2019-12-01,20,N2EXMIDP,0,0
2019-12-01,21,APXMIDP ,796.65,48.67
2019-12-01,21,N2EXMIDP,0,0
2019-12-01,22,APXMIDP ,875,46.31
2019-12-01,22,N2EXMIDP,0,0
2019-12-01,23,APXMIDP ,774.65,52.69
2019-12-01,23,N2EXMIDP,0,0
2019-12-01,24,APXMIDP ,772,51.47
2019-12-01,24,N2EXMIDP,0,0
2019-12-01,25,APXMIDP ,769.7,50.62
2019-12-01,25,N2EXMIDP,0,0
2019-12-01,26,APXMIDP ,923.25,47.65
2019-12-01,26,N2EXMIDP,0,0
2019-12-01,27,APXMIDP ,933.15,45.33
2019-12-01,27,N2EXMIDP,0,0
2019-12-01,28,APXMIDP ,843,45.2
2019-12-01,28,N2EXMIDP,0,0
2019-12-01,29,APXMIDP ,999.4,43.57
2019-12-01,29,N2EXMIDP,0,0
2019-12-01,30,APXMIDP ,931.9,44.11
2019-12-01,30,N2EXMIDP,0,0
2019-12-01,31,APXMIDP ,773.6,41.53
2019-12-01,31,N2EXMIDP,0,0
2019-12-01,32,APXMIDP ,924.9,43.89
2019-12-01,32,N2EXMIDP,0,0
2019-12-01,33,APXMIDP ,828.7,51.98
2019-12-01,33,N2EXMIDP,0,0
2019-12-01,34,APXMIDP ,839.35,59.75
2019-12-01,34,N2EXMIDP,0,0
2019-12-01,35,APXMIDP ,671.2,64.4
2019-12-01,35,N2EXMIDP,0,0
2019-12-01,36,APXMIDP ,932.3,63.72
2019-12-01,36,N2EXMIDP,0,0
2019-12-01,37,APXMIDP ,866.15,59.89
2019-12-01,37,N2EXMIDP,0,0
2019-12-01,38,APXMIDP ,879,54.92
2019-12-01,38,N2EXMIDP,0,0
2019-12-01,39,APXMIDP ,614.05,46.99
2019-12-01,39,N2EXMIDP,0,0
2019-12-01,40,APXMIDP ,816.35,42.47
2019-12-01,40,N2EXMIDP,0,0
2019-12-01,41,APXMIDP ,930.6,50.13
2019-12-01,41,N2EXMIDP,0,0
2019-12-01,42,APXMIDP ,761.55,40.89
2019-12-01,42,N2EXMIDP,0,0
2019-12-01,43,APXMIDP ,825.7,42.68
2019-12-01,43,N2EXMIDP,0,0
2019-12-01,44,APXMIDP ,1059.75,40.25
2019-12-01,44,N2EXMIDP,0,0
2019-12-01,45,APXMIDP ,963.35,41.24
2019-12-01,45,N2EXMIDP,0,0
2019-12-01,46,APXMIDP ,990.35,42.37
2019-12-01,46,N2EXMIDP,0,0
2019-12-01,47,APXMIDP ,720.5,38.04
2019-12-01,47,N2EXMIDP,0,0
2019-12-01,48,APXMIDP ,735.95,41.33
2019-12-01,48,N2EXMIDP,0,0
2019-12-02,1,APXMIDP ,602.85,40.34
2019-12-02,1,N2EXMIDP,0,0
2019-12-02,2,APXMIDP ,609.75,41.74
2019-12-02,2,N2EXMIDP,0,0
2019-12-02,3,APXMIDP ,368.8,41.13
2019-12-02,3,N2EXMIDP,0,0
2019-12-02,4,APXMIDP ,346.4,42.94
2019-12-02,4,N2EXMIDP,0,0
2019-12-02,5,APXMIDP ,340.15,42.77
2019-12-02,5,N2EXMIDP,0,0
2019-12-02,6,APXMIDP ,402.6,39.8
2019-12-02,6,N2EXMIDP,0,0
2019-12-02,7,APXMIDP ,694.8,36.8
2019-12-02,7,N2EXMIDP,0,0
2019-12-02,8,APXMIDP ,673.4,36.45
2019-12-02,8,N2EXMIDP,0,0
2019-12-02,9,APXMIDP ,598,36.74
2019-12-02,9,N2EXMIDP,0,0
2019-12-02,10,APXMIDP ,717.5,36.19
2019-12-02,10,N2EXMIDP,0,0
2019-12-02,11,APXMIDP ,700,47.16
2019-12-02,11,N2EXMIDP,0,0
2019-12-02,12,APXMIDP ,1047.35,46.49
2019-12-02,12,N2EXMIDP,0,0
2019-12-02,13,APXMIDP ,1243.95,54.37
2019-12-02,13,N2EXMIDP,0,0
2019-12-02,14,APXMIDP ,1800.6,45.08
2019-12-02,14,N2EXMIDP,0,0
2019-12-02,15,APXMIDP ,1087.75,61.97
2019-12-02,15,N2EXMIDP,0,0
2019-12-02,16,APXMIDP ,1263.55,65
2019-12-02,16,N2EXMIDP,0,0
2019-12-02,17,APXMIDP ,1328.7,70.03
2019-12-02,17,N2EXMIDP,0,0
2019-12-02,18,APXMIDP ,1143.65,69.41
2019-12-02,18,N2EXMIDP,0,0
2019-12-02,19,APXMIDP ,1545,68.87
2019-12-02,19,N2EXMIDP,0,0
2019-12-02,20,APXMIDP ,1576.15,69.08
2019-12-02,20,N2EXMIDP,0,0
2019-12-02,21,APXMIDP ,1426.75,64.92
2019-12-02,21,N2EXMIDP,0,0
2019-12-02,22,APXMIDP ,1636.45,59.39
2019-12-02,22,N2EXMIDP,0,0
2019-12-02,23,APXMIDP ,1301.5,48.77
2019-12-02,23,N2EXMIDP,0,0
2019-12-02,24,APXMIDP ,1167.5,48.97
2019-12-02,24,N2EXMIDP,0,0
2019-12-02,25,APXMIDP ,1094.95,50.51
2019-12-02,25,N2EXMIDP,0,0
2019-12-02,26,APXMIDP ,1283.2,52.86
2019-12-02,26,N2EXMIDP,0,0
2019-12-02,27,APXMIDP ,1148.5,57.28
2019-12-02,27,N2EXMIDP,0,0
2019-12-02,28,APXMIDP ,1044.25,54.8
2019-12-02,28,N2EXMIDP,0,0
2019-12-02,29,APXMIDP ,1137.35,55.79
2019-12-02,29,N2EXMIDP,0,0
2019-12-02,30,APXMIDP ,1231.6,54.29
2019-12-02,30,N2EXMIDP,0,0
2019-12-02,31,APXMIDP ,1724.8,63.12
2019-12-02,31,N2EXMIDP,0,0
2019-12-02,32,APXMIDP ,1476.6,69.48
2019-12-02,32,N2EXMIDP,0,0
2019-12-02,33,APXMIDP ,1368.2,65.91
2019-12-02,33,N2EXMIDP,0,0
2019-12-02,34,APXMIDP ,1454.35,68.32
2019-12-02,34,N2EXMIDP,0,0
2019-12-02,35,APXMIDP ,1522.6,58.94
2019-12-02,35,N2EXMIDP,0,0
2019-12-02,36,APXMIDP ,1873.6,58.06
2019-12-02,36,N2EXMIDP,0,0
2019-12-02,37,APXMIDP ,1870.4,61.13
2019-12-02,37,N2EXMIDP,0,0
2019-12-02,38,APXMIDP ,1629.05,58.44
2019-12-02,38,N2EXMIDP,0,0
2019-12-02,39,APXMIDP ,1775.75,55.33
2019-12-02,39,N2EXMIDP,0,0
2019-12-02,40,APXMIDP ,1169.8,52.9
2019-12-02,40,N2EXMIDP,0,0
2019-12-02,41,APXMIDP ,1250.5,50.02
2019-12-02,41,N2EXMIDP,0,0
2019-12-02,42,APXMIDP ,1481.95,45.38
2019-12-02,42,N2EXMIDP,0,0
2019-12-02,43,APXMIDP ,1229.4,43.09
2019-12-02,43,N2EXMIDP,0,0
2019-12-02,44,APXMIDP ,1075.95,42.51
2019-12-02,44,N2EXMIDP,0,0
2019-12-02,45,APXMIDP ,1408.7,43.8
2019-12-02,45,N2EXMIDP,0,0
2019-12-02,46,APXMIDP ,1966.1,40.78
2019-12-02,46,N2EXMIDP,0,0
2019-12-02,47,APXMIDP ,1366.1,38.88
2019-12-02,47,N2EXMIDP,0,0
2019-12-02,48,APXMIDP ,1043.55,42.59
2019-12-02,48,N2EXMIDP,0,0
2019-12-03,1,APXMIDP ,726.55,34.04
2019-12-03,1,N2EXMIDP,0,0
2019-12-03,2,APXMIDP ,701.8,39.54
2019-12-03,2,N2EXMIDP,0,0
2019-12-03,3,APXMIDP ,606.95,30.22
2019-12-03,3,N2EXMIDP,0,0
2019-12-03,4,APXMIDP ,764.4,28.56
2019-12-03,4,N2EXMIDP,0,0
2019-12-03,5,APXMIDP ,760.55,29.32
2019-12-03,5,N2EXMIDP,0,0
2019-12-03,6,APXMIDP ,714.8,28.63
2019-12-03,6,N2EXMIDP,0,0
2019-12-03,7,APXMIDP ,951.25,29.39
2019-12-03,7,N2EXMIDP,0,0
2019-12-03,8,APXMIDP ,933.9,27.93
2019-12-03,8,N2EXMIDP,0,0
2019-12-03,9,APXMIDP ,838.7,28.31
2019-12-03,9,N2EXMIDP,0,0
2019-12-03,10,APXMIDP ,800.4,24.93
2019-12-03,10,N2EXMIDP,0,0
2019-12-03,11,APXMIDP ,1073.6,36.3
2019-12-03,11,N2EXMIDP,0,0
2019-12-03,12,APXMIDP ,1033,33.2
2019-12-03,12,N2EXMIDP,0,0
2019-12-03,13,APXMIDP ,814.3,48.72
2019-12-03,13,N2EXMIDP,0,0
2019-12-03,14,APXMIDP ,1049.85,46.89
2019-12-03,14,N2EXMIDP,0,0
2019-12-03,15,APXMIDP ,962.75,50.75
2019-12-03,15,N2EXMIDP,0,0
2019-12-03,16,APXMIDP ,938.4,57.79
2019-12-03,16,N2EXMIDP,0,0
2019-12-03,17,APXMIDP ,852.35,54.8
2019-12-03,17,N2EXMIDP,0,0
2019-12-03,18,APXMIDP ,1211.1,50.75
2019-12-03,18,N2EXMIDP,0,0
2019-12-03,19,APXMIDP ,1143.25,51.23
2019-12-03,19,N2EXMIDP,0,0
2019-12-03,20,APXMIDP ,1203.9,48.35
2019-12-03,20,N2EXMIDP,0,0
2019-12-03,21,APXMIDP ,1386.05,47.79
2019-12-03,21,N2EXMIDP,0,0
2019-12-03,22,APXMIDP ,1374.45,46.41
2019-12-03,22,N2EXMIDP,0,0
2019-12-03,23,APXMIDP ,1394.95,42.51
2019-12-03,23,N2EXMIDP,0,0
2019-12-03,24,APXMIDP ,1460.45,43
2019-12-03,24,N2EXMIDP,0,0
2019-12-03,25,APXMIDP ,1522.2,43.29
2019-12-03,25,N2EXMIDP,0,0
2019-12-03,26,APXMIDP ,1414.8,42.89
2019-12-03,26,N2EXMIDP,0,0
2019-12-03,27,APXMIDP ,1602.55,43.27
2019-12-03,27,N2EXMIDP,0,0
2019-12-03,28,APXMIDP ,1520.55,43.58
2019-12-03,28,N2EXMIDP,0,0
2019-12-03,29,APXMIDP ,1589.15,43.29
2019-12-03,29,N2EXMIDP,0,0
2019-12-03,30,APXMIDP ,1744.2,43.38
2019-12-03,30,N2EXMIDP,0,0
2019-12-03,31,APXMIDP ,2099.8,50.2
2019-12-03,31,N2EXMIDP,0,0
2019-12-03,32,APXMIDP ,2015.6,56.9
2019-12-03,32,N2EXMIDP,0,0
2019-12-03,33,APXMIDP ,1733,57.05
2019-12-03,33,N2EXMIDP,0,0
2019-12-03,34,APXMIDP ,2162.25,60.39
2019-12-03,34,N2EXMIDP,0,0
2019-12-03,35,APXMIDP ,2095.2,65.91
2019-12-03,35,N2EXMIDP,0,0
2019-12-03,36,APXMIDP ,1766.45,64.29
2019-12-03,36,N2EXMIDP,0,0
2019-12-03,37,APXMIDP ,1604,64.49
2019-12-03,37,N2EXMIDP,0,0
2019-12-03,38,APXMIDP ,1450.1,60.01
2019-12-03,38,N2EXMIDP,0,0
2019-12-03,39,APXMIDP ,1491.1,48.05
2019-12-03,39,N2EXMIDP,0,0
2019-12-03,40,APXMIDP ,1569.9,49.63
2019-12-03,40,N2EXMIDP,0,0
2019-12-03,41,APXMIDP ,1435,51.6
2019-12-03,41,N2EXMIDP,0,0
2019-12-03,42,APXMIDP ,1834.05,49.26
2019-12-03,42,N2EXMIDP,0,0
2019-12-03,43,APXMIDP ,1239.75,47.51
2019-12-03,43,N2EXMIDP,0,0
2019-12-03,44,APXMIDP ,1240.4,46.74
2019-12-03,44,N2EXMIDP,0,0
2019-12-03,45,APXMIDP ,1416.15,44.71
2019-12-03,45,N2EXMIDP,0,0
2019-12-03,46,APXMIDP ,1398.6,43.98
2019-12-03,46,N2EXMIDP,0,0
2019-12-03,47,APXMIDP ,1127,47.21
2019-12-03,47,N2EXMIDP,0,0
2019-12-03,48,APXMIDP ,706.45,47.36
2019-12-03,48,N2EXMIDP,0,0
2019-12-04,1,APXMIDP ,711,40.17
2019-12-04,1,N2EXMIDP,0,0
2019-12-04,2,APXMIDP ,728,39.01
2019-12-04,2,N2EXMIDP,0,0
2019-12-04,3,APXMIDP ,522.5,38.6
2019-12-04,3,N2EXMIDP,0,0
2019-12-04,4,APXMIDP ,528,37.44
2019-12-04,4,N2EXMIDP,0,0
2019-12-04,5,APXMIDP ,698.65,41.21
2019-12-04,5,N2EXMIDP,0,0
2019-12-04,6,APXMIDP ,569.3,38.2
2019-12-04,6,N2EXMIDP,0,0
2019-12-04,7,APXMIDP ,741.1,39.67
2019-12-04,7,N2EXMIDP,0,0
2019-12-04,8,APXMIDP ,728.45,34.52
2019-12-04,8,N2EXMIDP,0,0
2019-12-04,9,APXMIDP ,766.45,36.33
2019-12-04,9,N2EXMIDP,0,0
2019-12-04,10,APXMIDP ,946.85,34.58
2019-12-04,10,N2EXMIDP,0,0
2019-12-04,11,APXMIDP ,1097,39.54
2019-12-04,11,N2EXMIDP,0,0
2019-12-04,12,APXMIDP ,883.95,38.96
2019-12-04,12,N2EXMIDP,0,0
2019-12-04,13,APXMIDP ,1145.1,42.52
2019-12-04,13,N2EXMIDP,0,0
2019-12-04,14,APXMIDP ,1349.75,34.07
2019-12-04,14,N2EXMIDP,0,0
2019-12-04,15,APXMIDP ,1165.1,40.38
2019-12-04,15,N2EXMIDP,0,0
2019-12-04,16,APXMIDP ,750.05,49.03
2019-12-04,16,N2EXMIDP,0,0
2019-12-04,17,APXMIDP ,706.4,51.51
2019-12-04,17,N2EXMIDP,0,0
2019-12-04,18,APXMIDP ,856.55,46.9
2019-12-04,18,N2EXMIDP,0,0
2019-12-04,19,APXMIDP ,1214.9,45.52
2019-12-04,19,N2EXMIDP,0,0
2019-12-04,20,APXMIDP ,1081,43.38
2019-12-04,20,N2EXMIDP,0,0
2019-12-04,21,APXMIDP ,1366.55,41.62
2019-12-04,21,N2EXMIDP,0,0
2019-12-04,22,APXMIDP ,1542.35,40.89
2019-12-04,22,N2EXMIDP,0,0
2019-12-04,23,APXMIDP ,1052.5,38.21
2019-12-04,23,N2EXMIDP,0,0
2019-12-04,24,APXMIDP ,1158.45,36.48
2019-12-04,24,N2EXMIDP,0,0
2019-12-04,25,APXMIDP ,1204.65,36.68
2019-12-04,25,N2EXMIDP,0,0
2019-12-04,26,APXMIDP ,1216.7,36.74
2019-12-04,26,N2EXMIDP,0,0
2019-12-04,27,APXMIDP ,1642.8,37.33
2019-12-04,27,N2EXMIDP,0,0
2019-12-04,28,APXMIDP ,1339.8,38.2
2019-12-04,28,N2EXMIDP,0,0
2019-12-04,29,APXMIDP ,1523.15,37.17
2019-12-04,29,N2EXMIDP,0,0
2019-12-04,30,APXMIDP ,1419.4,37
2019-12-04,30,N2EXMIDP,0,0
2019-12-04,31,APXMIDP ,1831.65,51.57
2019-12-04,31,N2EXMIDP,0,0
2019-12-04,32,APXMIDP ,1673.6,55.98
2019-12-04,32,N2EXMIDP,0,0
2019-12-04,33,APXMIDP ,1341.35,53.61
2019-12-04,33,N2EXMIDP,0,0
2019-12-04,34,APXMIDP ,1499.8,61.68
2019-12-04,34,N2EXMIDP,0,0
2019-12-04,35,APXMIDP ,1770.9,77.74
2019-12-04,35,N2EXMIDP,0,0
2019-12-04,36,APXMIDP ,1793.05,76.85
2019-12-04,36,N2EXMIDP,0,0
2019-12-04,37,APXMIDP ,2150.25,65.98
2019-12-04,37,N2EXMIDP,0,0
2019-12-04,38,APXMIDP ,2280.55,65.44
2019-12-04,38,N2EXMIDP,0,0
2019-12-04,39,APXMIDP ,1894.8,49.37
2019-12-04,39,N2EXMIDP,0,0
2019-12-04,40,APXMIDP ,1691.45,49.77
2019-12-04,40,N2EXMIDP,0,0
2019-12-04,41,APXMIDP ,1434.65,48.69
2019-12-04,41,N2EXMIDP,0,0
2019-12-04,42,APXMIDP ,1657.1,44.71
2019-12-04,42,N2EXMIDP,0,0
2019-12-04,43,APXMIDP ,1504.4,42.47
2019-12-04,43,N2EXMIDP,0,0
2019-12-04,44,APXMIDP ,1636.1,42.15
2019-12-04,44,N2EXMIDP,0,0
2019-12-04,45,APXMIDP ,1648.85,45.53
2019-12-04,45,N2EXMIDP,0,0
2019-12-04,46,APXMIDP ,1871.25,44.12
2019-12-04,46,N2EXMIDP,0,0
2019-12-04,47,APXMIDP ,1182.05,38.28
2019-12-04,47,N2EXMIDP,0,0
2019-12-04,48,APXMIDP ,723.4,39.27
2019-12-04,48,N2EXMIDP,0,0
2019-12-05,1,APXMIDP ,528.15,40.33
2019-12-05,1,N2EXMIDP,0,0
2019-12-05,2,APXMIDP ,516.45,43.14
2019-12-05,2,N2EXMIDP,0,0
2019-12-05,3,APXMIDP ,481.2,40.14
2019-12-05,3,N2EXMIDP,0,0
2019-12-05,4,APXMIDP ,563.5,36.62
2019-12-05,4,N2EXMIDP,0,0
2019-12-05,5,APXMIDP ,620.2,39.22
2019-12-05,5,N2EXMIDP,0,0
2019-12-05,6,APXMIDP ,669.1,36.05
2019-12-05,6,N2EXMIDP,0,0
2019-12-05,7,APXMIDP ,619.5,38.27
2019-12-05,7,N2EXMIDP,0,0
2019-12-05,8,APXMIDP ,593.95,38
2019-12-05,8,N2EXMIDP,0,0
2019-12-05,9,APXMIDP ,505.3,39.8
2019-12-05,9,N2EXMIDP,0,0
2019-12-05,10,APXMIDP ,602.85,40.07
2019-12-05,10,N2EXMIDP,0,0
2019-12-05,11,APXMIDP ,618.25,45.14
2019-12-05,11,N2EXMIDP,0,0
2019-12-05,12,APXMIDP ,700.75,43.94
2019-12-05,12,N2EXMIDP,0,0
2019-12-05,13,APXMIDP ,569,50.52
2019-12-05,13,N2EXMIDP,0,0
2019-12-05,14,APXMIDP ,1305,46.57
2019-12-05,14,N2EXMIDP,0,0
2019-12-05,15,APXMIDP ,1039.5,60.12
2019-12-05,15,N2EXMIDP,0,0
2019-12-05,16,APXMIDP ,1256.25,61.83
2019-12-05,16,N2EXMIDP,0,0
2019-12-05,17,APXMIDP ,1338.2,63.12
2019-12-05,17,N2EXMIDP,0,0
2019-12-05,18,APXMIDP ,1158.35,62.82
2019-12-05,18,N2EXMIDP,0,0
2019-12-05,19,APXMIDP ,1814.05,62.37
2019-12-05,19,N2EXMIDP,0,0
2019-12-05,20,APXMIDP ,1808.1,60.59
2019-12-05,20,N2EXMIDP,0,0
2019-12-05,21,APXMIDP ,1595.25,58.96
2019-12-05,21,N2EXMIDP,0,0
2019-12-05,22,APXMIDP ,1675.75,54.25
2019-12-05,22,N2EXMIDP,0,0
2019-12-05,23,APXMIDP ,1325.6,42.25
2019-12-05,23,N2EXMIDP,0,0
2019-12-05,24,APXMIDP ,1189.85,42.08
2019-12-05,24,N2EXMIDP,0,0
2019-12-05,25,APXMIDP ,1251.05,42.59
2019-12-05,25,N2EXMIDP,0,0
2019-12-05,26,APXMIDP ,1381.8,41.27
2019-12-05,26,N2EXMIDP,0,0
2019-12-05,27,APXMIDP ,1402.95,35.69
2019-12-05,27,N2EXMIDP,0,0
2019-12-05,28,APXMIDP ,1645.1,34.74
2019-12-05,28,N2EXMIDP,0,0
2019-12-05,29,APXMIDP ,1512.35,37.04
2019-12-05,29,N2EXMIDP,0,0
2019-12-05,30,APXMIDP ,1538.4,36.29
2019-12-05,30,N2EXMIDP,0,0
2019-12-05,31,APXMIDP ,1486.8,47.1
2019-12-05,31,N2EXMIDP,0,0
2019-12-05,32,APXMIDP ,1406.95,49.25
2019-12-05,32,N2EXMIDP,0,0
2019-12-05,33,APXMIDP ,1503.35,51.42
2019-12-05,33,N2EXMIDP,0,0
2019-12-05,34,APXMIDP ,1604.75,53.19
2019-12-05,34,N2EXMIDP,0,0
2019-12-05,35,APXMIDP ,1618.75,48.06
2019-12-05,35,N2EXMIDP,0,0
2019-12-05,36,APXMIDP ,1675.15,45.84
2019-12-05,36,N2EXMIDP,0,0
2019-12-05,37,APXMIDP ,1647.7,47.07
2019-12-05,37,N2EXMIDP,0,0
2019-12-05,38,APXMIDP ,1663.1,44.5
2019-12-05,38,N2EXMIDP,0,0
2019-12-05,39,APXMIDP ,1539.05,42.73
2019-12-05,39,N2EXMIDP,0,0
2019-12-05,40,APXMIDP ,2070.7,44.77
2019-12-05,40,N2EXMIDP,0,0
2019-12-05,41,APXMIDP ,1748.45,41.35
2019-12-05,41,N2EXMIDP,0,0
2019-12-05,42,APXMIDP ,1719.7,40.15
2019-12-05,42,N2EXMIDP,0,0
2019-12-05,43,APXMIDP ,1872.55,39.7
2019-12-05,43,N2EXMIDP,0,0
2019-12-05,44,APXMIDP ,1672.25,38.99
2019-12-05,44,N2EXMIDP,0,0
2019-12-05,45,APXMIDP ,1270.45,33.76
2019-12-05,45,N2EXMIDP,0,0
2019-12-05,46,APXMIDP ,1490.45,30.01
2019-12-05,46,N2EXMIDP,0,0
2019-12-05,47,APXMIDP ,644.45,3.58
2019-12-05,47,N2EXMIDP,0,0
2019-12-05,48,APXMIDP ,434.6,-7.82
2019-12-05,48,N2EXMIDP,0,0
2019-12-06,1,APXMIDP ,645.65,-1.71
2019-12-06,1,N2EXMIDP,0,0
2019-12-06,2,APXMIDP ,828.4,19.08
2019-12-06,2,N2EXMIDP,0,0
2019-12-06,3,APXMIDP ,644.05,20.74
2019-12-06,3,N2EXMIDP,0,0
2019-12-06,4,APXMIDP ,657.05,20.12
2019-12-06,4,N2EXMIDP,0,0
2019-12-06,5,APXMIDP ,720.75,17.42
2019-12-06,5,N2EXMIDP,0,0
2019-12-06,6,APXMIDP ,692.2,17.03
2019-12-06,6,N2EXMIDP,0,0
2019-12-06,7,APXMIDP ,605.8,14.22
2019-12-06,7,N2EXMIDP,0,0
2019-12-06,8,APXMIDP ,783.65,9.29
2019-12-06,8,N2EXMIDP,0,0
2019-12-06,9,APXMIDP ,702,13.8
2019-12-06,9,N2EXMIDP,0,0
2019-12-06,10,APXMIDP ,731.75,14.07
2019-12-06,10,N2EXMIDP,0,0
2019-12-06,11,APXMIDP ,618.45,13.91
2019-12-06,11,N2EXMIDP,0,0
2019-12-06,12,APXMIDP ,787.15,27.27
2019-12-06,12,N2EXMIDP,0,0
2019-12-06,13,APXMIDP ,1017.15,44.11
2019-12-06,13,N2EXMIDP,0,0
2019-12-06,14,APXMIDP ,1356.9,37.41
2019-12-06,14,N2EXMIDP,0,0
2019-12-06,15,APXMIDP ,1221.7,47.31
2019-12-06,15,N2EXMIDP,0,0
2019-12-06,16,APXMIDP ,1186.6,42.08
2019-12-06,16,N2EXMIDP,0,0
2019-12-06,17,APXMIDP ,1452.45,33.99
2019-12-06,17,N2EXMIDP,0,0
2019-12-06,18,APXMIDP ,1445.8,34.81
2019-12-06,18,N2EXMIDP,0,0
2019-12-06,19,APXMIDP ,1380.05,41.47
2019-12-06,19,N2EXMIDP,0,0
2019-12-06,20,APXMIDP ,1776.3,36.59
2019-12-06,20,N2EXMIDP,0,0
2019-12-06,21,APXMIDP ,1665.4,40.37
2019-12-06,21,N2EXMIDP,0,0
2019-12-06,22,APXMIDP ,1417.3,39.19
2019-12-06,22,N2EXMIDP,0,0
2019-12-06,23,APXMIDP ,836.5,46
2019-12-06,23,N2EXMIDP,0,0
2019-12-06,24,APXMIDP ,928.7,43.37
2019-12-06,24,N2EXMIDP,0,0
2019-12-06,25,APXMIDP ,1129.4,38.02
2019-12-06,25,N2EXMIDP,0,0
2019-12-06,26,APXMIDP ,955.7,33.73
2019-12-06,26,N2EXMIDP,0,0
2019-12-06,27,APXMIDP ,1181.75,35.92
2019-12-06,27,N2EXMIDP,0,0
2019-12-06,28,APXMIDP ,1129.85,35.81
2019-12-06,28,N2EXMIDP,0,0
2019-12-06,29,APXMIDP ,1179.7,35.39
2019-12-06,29,N2EXMIDP,0,0
2019-12-06,30,APXMIDP ,1451.2,36.61
2019-12-06,30,N2EXMIDP,0,0
2019-12-06,31,APXMIDP ,1116.8,40.09
2019-12-06,31,N2EXMIDP,0,0
2019-12-06,32,APXMIDP ,940.3,43.39
2019-12-06,32,N2EXMIDP,0,0
2019-12-06,33,APXMIDP ,1422.7,39.69
2019-12-06,33,N2EXMIDP,0,0
2019-12-06,34,APXMIDP ,1234.85,48.68
2019-12-06,34,N2EXMIDP,0,0
2019-12-06,35,APXMIDP ,1557.75,44.04
2019-12-06,35,N2EXMIDP,0,0
2019-12-06,36,APXMIDP ,1495.4,40.2
2019-12-06,36,N2EXMIDP,0,0
2019-12-06,37,APXMIDP ,1422.55,40.83
2019-12-06,37,N2EXMIDP,0,0
2019-12-06,38,APXMIDP ,1523.45,39.65
2019-12-06,38,N2EXMIDP,0,0
2019-12-06,39,APXMIDP ,1185.05,36.07
2019-12-06,39,N2EXMIDP,0,0
2019-12-06,40,APXMIDP ,854.6,35.53
2019-12-06,40,N2EXMIDP,0,0
2019-12-06,41,APXMIDP ,861.5,32.19
2019-12-06,41,N2EXMIDP,0,0
2019-12-06,42,APXMIDP ,974.35,33.52
2019-12-06,42,N2EXMIDP,0,0
2019-12-06,43,APXMIDP ,847.75,36.64
2019-12-06,43,N2EXMIDP,0,0
2019-12-06,44,APXMIDP ,976.75,38.35
2019-12-06,44,N2EXMIDP,0,0
2019-12-06,45,APXMIDP ,853.35,43.69
2019-12-06,45,N2EXMIDP,0,0
2019-12-06,46,APXMIDP ,1145.25,44.14
2019-12-06,46,N2EXMIDP,0,0
2019-12-06,47,APXMIDP ,889.7,41.11
2019-12-06,47,N2EXMIDP,0,0
2019-12-06,48,APXMIDP ,589.05,44.81
2019-12-06,48,N2EXMIDP,0,0
2019-12-07,1,APXMIDP ,601.45,44.33
2019-12-07,1,N2EXMIDP,0,0
2019-12-07,2,APXMIDP ,567.65,42.14
2019-12-07,2,N2EXMIDP,0,0
2019-12-07,3,APXMIDP ,530.95,36.62
2019-12-07,3,N2EXMIDP,0,0
2019-12-07,4,APXMIDP ,515.7,32.31
2019-12-07,4,N2EXMIDP,0,0
2019-12-07,5,APXMIDP ,587.7,31.31
2019-12-07,5,N2EXMIDP,0,0
2019-12-07,6,APXMIDP ,517.95,29.9
2019-12-07,6,N2EXMIDP,0,0
2019-12-07,7,APXMIDP ,548.05,15.36
2019-12-07,7,N2EXMIDP,0,0
2019-12-07,8,APXMIDP ,312.6,14.5
2019-12-07,8,N2EXMIDP,0,0
2019-12-07,9,APXMIDP ,418.55,10.63
2019-12-07,9,N2EXMIDP,0,0
2019-12-07,10,APXMIDP ,438.45,10.57
2019-12-07,10,N2EXMIDP,0,0
2019-12-07,11,APXMIDP ,220.1,14.43
2019-12-07,11,N2EXMIDP,0,0
2019-12-07,12,APXMIDP ,401.15,25.93
2019-12-07,12,N2EXMIDP,0,0
2019-12-07,13,APXMIDP ,626.1,32.45
2019-12-07,13,N2EXMIDP,0,0
2019-12-07,14,APXMIDP ,753.65,23.17
2019-12-07,14,N2EXMIDP,0,0
2019-12-07,15,APXMIDP ,794.25,38
2019-12-07,15,N2EXMIDP,0,0
2019-12-07,16,APXMIDP ,682.35,35.28
2019-12-07,16,N2EXMIDP,0,0
2019-12-07,17,APXMIDP ,976.05,36.36
2019-12-07,17,N2EXMIDP,0,0
2019-12-07,18,APXMIDP ,683.15,39.36
2019-12-07,18,N2EXMIDP,0,0
2019-12-07,19,APXMIDP ,685.7,30.34
2019-12-07,19,N2EXMIDP,0,0
2019-12-07,20,APXMIDP ,920.45,29.91
2019-12-07,20,N2EXMIDP,0,0
2019-12-07,21,APXMIDP ,1029.65,29.47
2019-12-07,21,N2EXMIDP,0,0
2019-12-07,22,APXMIDP ,1013.8,29.31
2019-12-07,22,N2EXMIDP,0,0
2019-12-07,23,APXMIDP ,1291.15,37.02
2019-12-07,23,N2EXMIDP,0,0
2019-12-07,24,APXMIDP ,1549.35,41.61
2019-12-07,24,N2EXMIDP,0,0
2019-12-07,25,APXMIDP ,1498.1,36.81
2019-12-07,25,N2EXMIDP,0,0
2019-12-07,26,APXMIDP ,1557.5,32.66
2019-12-07,26,N2EXMIDP,0,0
2019-12-07,27,APXMIDP ,1548.2,36.09
2019-12-07,27,N2EXMIDP,0,0
2019-12-07,28,APXMIDP ,1580.15,31.79
2019-12-07,28,N2EXMIDP,0,0
2019-12-07,29,APXMIDP ,1618.7,32.14
2019-12-07,29,N2EXMIDP,0,0
2019-12-07,30,APXMIDP ,1600.9,29.37
2019-12-07,30,N2EXMIDP,0,0
2019-12-07,31,APXMIDP ,1392.15,34.29
2019-12-07,31,N2EXMIDP,0,0
2019-12-07,32,APXMIDP ,1627.5,38.72
2019-12-07,32,N2EXMIDP,0,0
2019-12-07,33,APXMIDP ,1312.55,31.09
2019-12-07,33,N2EXMIDP,0,0
2019-12-07,34,APXMIDP ,1537.85,38.26
2019-12-07,34,N2EXMIDP,0,0
2019-12-07,35,APXMIDP ,1755.45,33.25
2019-12-07,35,N2EXMIDP,0,0
2019-12-07,36,APXMIDP ,1815.8,30.57
2019-12-07,36,N2EXMIDP,0,0
2019-12-07,37,APXMIDP ,1885.6,39.24
2019-12-07,37,N2EXMIDP,0,0
2019-12-07,38,APXMIDP ,1701.5,35.85
2019-12-07,38,N2EXMIDP,0,0
2019-12-07,39,APXMIDP ,1265.65,30.35
2019-12-07,39,N2EXMIDP,0,0
2019-12-07,40,APXMIDP ,1440.65,30.55
2019-12-07,40,N2EXMIDP,0,0
2019-12-07,41,APXMIDP ,1322.25,30.78
2019-12-07,41,N2EXMIDP,0,0
2019-12-07,42,APXMIDP ,1270.7,24.71
2019-12-07,42,N2EXMIDP,0,0
2019-12-07,43,APXMIDP ,1640.7,29.55
2019-12-07,43,N2EXMIDP,0,0
2019-12-07,44,APXMIDP ,1598.6,25.3
2019-12-07,44,N2EXMIDP,0,0
2019-12-07,45,APXMIDP ,1878.45,22.5
2019-12-07,45,N2EXMIDP,0,0
2019-12-07,46,APXMIDP ,1419.75,19.99
2019-12-07,46,N2EXMIDP,0,0
2019-12-07,47,APXMIDP ,536.8,-8.13
2019-12-07,47,N2EXMIDP,0,0
2019-12-07,48,APXMIDP ,426.6,-14.17
2019-12-07,48,N2EXMIDP,0,0
2019-12-08,1,APXMIDP ,676.7,-56.64
2019-12-08,1,N2EXMIDP,0,0
2019-12-08,2,APXMIDP ,623.25,-45.98
2019-12-08,2,N2EXMIDP,0,0
2019-12-08,3,APXMIDP ,687.25,-50.73
2019-12-08,3,N2EXMIDP,0,0
2019-12-08,4,APXMIDP ,704,-55.23
2019-12-08,4,N2EXMIDP,0,0
2019-12-08,5,APXMIDP ,853.15,-58.61
2019-12-08,5,N2EXMIDP,0,0
2019-12-08,6,APXMIDP ,808.55,-59.28
2019-12-08,6,N2EXMIDP,0,0
2019-12-08,7,APXMIDP ,968.95,-59.85
2019-12-08,7,N2EXMIDP,0,0
2019-12-08,8,APXMIDP ,1038.55,-69.97
2019-12-08,8,N2EXMIDP,0,0
2019-12-08,9,APXMIDP ,994.15,-72.84
2019-12-08,9,N2EXMIDP,0,0
2019-12-08,10,APXMIDP ,991.05,-72.51
2019-12-08,10,N2EXMIDP,0,0
2019-12-08,11,APXMIDP ,1163.5,-66.87
2019-12-08,11,N2EXMIDP,0,0
2019-12-08,12,APXMIDP ,1225.65,-67.05
2019-12-08,12,N2EXMIDP,0,0
2019-12-08,13,APXMIDP ,1162.75,-62.98
2019-12-08,13,N2EXMIDP,0,0
2019-12-08,14,APXMIDP ,1372.6,-60.29
2019-12-08,14,N2EXMIDP,0,0
2019-12-08,15,APXMIDP ,1327.15,-15.98
2019-12-08,15,N2EXMIDP,0,0
2019-12-08,16,APXMIDP ,1338.45,-40.1
2019-12-08,16,N2EXMIDP,0,0
2019-12-08,17,APXMIDP ,1056.9,-38.36
2019-12-08,17,N2EXMIDP,0,0
2019-12-08,18,APXMIDP ,951.15,-13.5
2019-12-08,18,N2EXMIDP,0,0
2019-12-08,19,APXMIDP ,1159,-28.57
2019-12-08,19,N2EXMIDP,0,0
2019-12-08,20,APXMIDP ,1330.1,-28.43
2019-12-08,20,N2EXMIDP,0,0
2019-12-08,21,APXMIDP ,1133.3,-15.83
2019-12-08,21,N2EXMIDP,0,0
2019-12-08,22,APXMIDP ,1118.3,-13.59
2019-12-08,22,N2EXMIDP,0,0
2019-12-08,23,APXMIDP ,1078.85,-16.68
2019-12-08,23,N2EXMIDP,0,0
2019-12-08,24,APXMIDP ,1204.5,-22.2
2019-12-08,24,N2EXMIDP,0,0
2019-12-08,25,APXMIDP ,1534.1,-20.19
2019-12-08,25,N2EXMIDP,0,0
2019-12-08,26,APXMIDP ,1302.9,0.01
2019-12-08,26,N2EXMIDP,0,0
2019-12-08,27,APXMIDP ,1558.2,24.23
2019-12-08,27,N2EXMIDP,0,0
2019-12-08,28,APXMIDP ,1423.3,23.93
2019-12-08,28,N2EXMIDP,0,0
2019-12-08,29,APXMIDP ,1569.5,24.17
2019-12-08,29,N2EXMIDP,0,0
2019-12-08,30,APXMIDP ,1455.95,20.7
2019-12-08,30,N2EXMIDP,0,0
2019-12-08,31,APXMIDP ,1996.6,43.57
2019-12-08,31,N2EXMIDP,0,0
2019-12-08,32,APXMIDP ,1999.2,43.12
2019-12-08,32,N2EXMIDP,0,0
2019-12-08,33,APXMIDP ,1966.7,45.2
2019-12-08,33,N2EXMIDP,0,0
2019-12-08,34,APXMIDP ,1994.45,50.84
2019-12-08,34,N2EXMIDP,0,0
2019-12-08,35,APXMIDP ,1937.5,57.06
2019-12-08,35,N2EXMIDP,0,0
2019-12-08,36,APXMIDP ,1795.6,56.52
2019-12-08,36,N2EXMIDP,0,0
2019-12-08,37,APXMIDP ,1589.7,55.12
2019-12-08,37,N2EXMIDP,0,0
2019-12-08,38,APXMIDP ,1543.7,53.2
2019-12-08,38,N2EXMIDP,0,0
2019-12-08,39,APXMIDP ,1499.6,47.14
2019-12-08,39,N2EXMIDP,0,0
2019-12-08,40,APXMIDP ,1316.9,46.9
2019-12-08,40,N2EXMIDP,0,0
2019-12-08,41,APXMIDP ,1262.75,42.17
2019-12-08,41,N2EXMIDP,0,0
2019-12-08,42,APXMIDP ,1026.8,39.11
2019-12-08,42,N2EXMIDP,0,0
2019-12-08,43,APXMIDP ,1000.9,40.69
2019-12-08,43,N2EXMIDP,0,0
2019-12-08,44,APXMIDP ,1118.05,37.02
2019-12-08,44,N2EXMIDP,0,0
2019-12-08,45,APXMIDP ,1069.5,42.29
2019-12-08,45,N2EXMIDP,0,0
2019-12-08,46,APXMIDP ,1014.85,44.33
2019-12-08,46,N2EXMIDP,0,0
2019-12-08,47,APXMIDP ,643.4,38.25
2019-12-08,47,N2EXMIDP,0,0
2019-12-08,48,APXMIDP ,441.5,14.78
2019-12-08,48,N2EXMIDP,0,0
2019-12-09,1,APXMIDP ,720,24.61
2019-12-09,1,N2EXMIDP,0,0
2019-12-09,2,APXMIDP ,602.1,21.61
2019-12-09,2,N2EXMIDP,0,0
2019-12-09,3,APXMIDP ,743.95,27.85
2019-12-09,3,N2EXMIDP,0,0
2019-12-09,4,APXMIDP ,865,42.77
2019-12-09,4,N2EXMIDP,0,0
2019-12-09,5,APXMIDP ,931.5,26.43
2019-12-09,5,N2EXMIDP,0,0
2019-12-09,6,APXMIDP ,720,9.83
2019-12-09,6,N2EXMIDP,0,0
2019-12-09,7,APXMIDP ,529.95,6.84
2019-12-09,7,N2EXMIDP,0,0
2019-12-09,8,APXMIDP ,576.5,5.76
2019-12-09,8,N2EXMIDP,0,0
2019-12-09,9,APXMIDP ,680.3,21.27
2019-12-09,9,N2EXMIDP,0,0
2019-12-09,10,APXMIDP ,616.65,23.31
2019-12-09,10,N2EXMIDP,0,0
2019-12-09,11,APXMIDP ,492,39.85
2019-12-09,11,N2EXMIDP,0,0
2019-12-09,12,APXMIDP ,513.45,38.62
2019-12-09,12,N2EXMIDP,0,0
2019-12-09,13,APXMIDP ,476.7,40.37
2019-12-09,13,N2EXMIDP,0,0
2019-12-09,14,APXMIDP ,663.8,46.34
2019-12-09,14,N2EXMIDP,0,0
2019-12-09,15,APXMIDP ,1108.25,47.01
2019-12-09,15,N2EXMIDP,0,0
2019-12-09,16,APXMIDP ,1446,54.96
2019-12-09,16,N2EXMIDP,0,0
2019-12-09,17,APXMIDP ,1489.25,47.51
2019-12-09,17,N2EXMIDP,0,0
2019-12-09,18,APXMIDP ,1515.7,47.16
2019-12-09,18,N2EXMIDP,0,0
2019-12-09,19,APXMIDP ,1396.7,49.84
2019-12-09,19,N2EXMIDP,0,0
2019-12-09,20,APXMIDP ,1454.1,49.37
2019-12-09,20,N2EXMIDP,0,0
2019-12-09,21,APXMIDP ,1305.8,49.86
2019-12-09,21,N2EXMIDP,0,0
2019-12-09,22,APXMIDP ,1458.4,49.68
2019-12-09,22,N2EXMIDP,0,0
2019-12-09,23,APXMIDP ,1205.15,49.01
2019-12-09,23,N2EXMIDP,0,0
2019-12-09,24,APXMIDP ,1213.65,49.41
2019-12-09,24,N2EXMIDP,0,0
2019-12-09,25,APXMIDP ,1506.55,50.43
2019-12-09,25,N2EXMIDP,0,0
2019-12-09,26,APXMIDP ,1799,51.46
2019-12-09,26,N2EXMIDP,0,0
2019-12-09,27,APXMIDP ,1813.2,42.88
2019-12-09,27,N2EXMIDP,0,0
2019-12-09,28,APXMIDP ,1948.45,40.86
2019-12-09,28,N2EXMIDP,0,0
2019-12-09,29,APXMIDP ,1901.7,46.97
2019-12-09,29,N2EXMIDP,0,0
2019-12-09,30,APXMIDP ,1937.8,45.36
2019-12-09,30,N2EXMIDP,0,0
2019-12-09,31,APXMIDP ,1601.8,48.74
2019-12-09,31,N2EXMIDP,0,0
2019-12-09,32,APXMIDP ,1767.95,53.11
2019-12-09,32,N2EXMIDP,0,0
2019-12-09,33,APXMIDP ,1144.05,63.02
2019-12-09,33,N2EXMIDP,0,0
2019-12-09,34,APXMIDP ,1442.35,70.35
2019-12-09,34,N2EXMIDP,0,0
2019-12-09,35,APXMIDP ,2153.2,84.6
2019-12-09,35,N2EXMIDP,0,0
2019-12-09,36,APXMIDP ,2205.1,85.71
2019-12-09,36,N2EXMIDP,0,0
2019-12-09,37,APXMIDP ,2227.05,84.81
2019-12-09,37,N2EXMIDP,0,0
2019-12-09,38,APXMIDP ,2717.8,78.16
2019-12-09,38,N2EXMIDP,0,0
2019-12-09,39,APXMIDP ,2084.85,57.39
2019-12-09,39,N2EXMIDP,0,0
2019-12-09,40,APXMIDP ,1947,51.46
2019-12-09,40,N2EXMIDP,0,0
2019-12-09,41,APXMIDP ,2014.3,49.8
2019-12-09,41,N2EXMIDP,0,0
2019-12-09,42,APXMIDP ,2374.95,48.91
2019-12-09,42,N2EXMIDP,0,0
2019-12-09,43,APXMIDP ,2495.25,45.61
2019-12-09,43,N2EXMIDP,0,0
2019-12-09,44,APXMIDP ,2109,41.29
2019-12-09,44,N2EXMIDP,0,0
2019-12-09,45,APXMIDP ,2224.85,42.73
2019-12-09,45,N2EXMIDP,0,0
2019-12-09,46,APXMIDP ,2548.4,42.38
2019-12-09,46,N2EXMIDP,0,0
2019-12-09,47,APXMIDP ,1509.4,38.7
2019-12-09,47,N2EXMIDP,0,0
2019-12-09,48,APXMIDP ,1060.5,46.91
2019-12-09,48,N2EXMIDP,0,0
2019-12-10,1,APXMIDP ,927.65,45.6
2019-12-10,1,N2EXMIDP,0,0
2019-12-10,2,APXMIDP ,931.7,46.85
2019-12-10,2,N2EXMIDP,0,0
2019-12-10,3,APXMIDP ,632.5,36.01
2019-12-10,3,N2EXMIDP,0,0
2019-12-10,4,APXMIDP ,533.3,25.52
2019-12-10,4,N2EXMIDP,0,0
2019-12-10,5,APXMIDP ,780.7,27.3
2019-12-10,5,N2EXMIDP,0,0
2019-12-10,6,APXMIDP ,941.6,21.96
2019-12-10,6,N2EXMIDP,0,0
2019-12-10,7,APXMIDP ,1430.1,28.6
2019-12-10,7,N2EXMIDP,0,0
2019-12-10,8,APXMIDP ,1250.6,22.23
2019-12-10,8,N2EXMIDP,0,0
2019-12-10,9,APXMIDP ,1171.45,28.72
2019-12-10,9,N2EXMIDP,0,0
2019-12-10,10,APXMIDP ,1341.95,23.27
2019-12-10,10,N2EXMIDP,0,0
2019-12-10,11,APXMIDP ,1176.9,39.48
2019-12-10,11,N2EXMIDP,0,0
2019-12-10,12,APXMIDP ,1480.3,33.84
2019-12-10,12,N2EXMIDP,0,0
2019-12-10,13,APXMIDP ,1374.8,45.15
2019-12-10,13,N2EXMIDP,0,0
2019-12-10,14,APXMIDP ,1911.6,37.69
2019-12-10,14,N2EXMIDP,0,0
2019-12-10,15,APXMIDP ,1145.55,52.25
2019-12-10,15,N2EXMIDP,0,0
2019-12-10,16,APXMIDP ,1130.5,55.71
2019-12-10,16,N2EXMIDP,0,0
2019-12-10,17,APXMIDP ,974.6,47.5
2019-12-10,17,N2EXMIDP,0,0
2019-12-10,18,APXMIDP ,1101.65,46.96
2019-12-10,18,N2EXMIDP,0,0
2019-12-10,19,APXMIDP ,938.65,34.96
2019-12-10,19,N2EXMIDP,0,0
2019-12-10,20,APXMIDP ,1133.15,34.3
2019-12-10,20,N2EXMIDP,0,0
2019-12-10,21,APXMIDP ,1571.35,41.2
2019-12-10,21,N2EXMIDP,0,0
2019-12-10,22,APXMIDP ,1389.25,43.05
2019-12-10,22,N2EXMIDP,0,0
2019-12-10,23,APXMIDP ,1405.7,36.03
2019-12-10,23,N2EXMIDP,0,0
2019-12-10,24,APXMIDP ,1427.8,40.06
2019-12-10,24,N2EXMIDP,0,0
2019-12-10,25,APXMIDP ,1528.7,42.42
2019-12-10,25,N2EXMIDP,0,0
2019-12-10,26,APXMIDP ,1552.4,42.55
2019-12-10,26,N2EXMIDP,0,0
2019-12-10,27,APXMIDP ,1699.8,43.12
2019-12-10,27,N2EXMIDP,0,0
2019-12-10,28,APXMIDP ,1851.1,41.08
2019-12-10,28,N2EXMIDP,0,0
2019-12-10,29,APXMIDP ,1606,42.53
2019-12-10,29,N2EXMIDP,0,0
2019-12-10,30,APXMIDP ,1676.65,42.56
2019-12-10,30,N2EXMIDP,0,0
2019-12-10,31,APXMIDP ,1165.45,49.41
2019-12-10,31,N2EXMIDP,0,0
2019-12-10,32,APXMIDP ,1410.45,53.99
2019-12-10,32,N2EXMIDP,0,0
2019-12-10,33,APXMIDP ,1557.65,48.03
2019-12-10,33,N2EXMIDP,0,0
2019-12-10,34,APXMIDP ,1681.75,55.52
2019-12-10,34,N2EXMIDP,0,0
2019-12-10,35,APXMIDP ,1333.35,54.76
2019-12-10,35,N2EXMIDP,0,0
2019-12-10,36,APXMIDP ,1276.65,54.18
2019-12-10,36,N2EXMIDP,0,0
2019-12-10,37,APXMIDP ,1375.35,53.93
2019-12-10,37,N2EXMIDP,0,0
2019-12-10,38,APXMIDP ,1286.8,51.14
2019-12-10,38,N2EXMIDP,0,0
2019-12-10,39,APXMIDP ,1211.45,43.9
2019-12-10,39,N2EXMIDP,0,0
2019-12-10,40,APXMIDP ,769.1,42.41
2019-12-10,40,N2EXMIDP,0,0
2019-12-10,41,APXMIDP ,874.8,41.85
2019-12-10,41,N2EXMIDP,0,0
2019-12-10,42,APXMIDP ,814.35,42.31
2019-12-10,42,N2EXMIDP,0,0
2019-12-10,43,APXMIDP ,935.7,39.71
2019-12-10,43,N2EXMIDP,0,0
2019-12-10,44,APXMIDP ,933.45,35.73
2019-12-10,44,N2EXMIDP,0,0
2019-12-10,45,APXMIDP ,660.25,41.82
2019-12-10,45,N2EXMIDP,0,0
2019-12-10,46,APXMIDP ,654.25,37.27
2019-12-10,46,N2EXMIDP,0,0
2019-12-10,47,APXMIDP ,413.4,28.16
2019-12-10,47,N2EXMIDP,0,0
2019-12-10,48,APXMIDP ,399.3,28.55
2019-12-10,48,N2EXMIDP,0,0
2019-12-11,1,APXMIDP ,105.7,29.8
2019-12-11,1,N2EXMIDP,0,0
2019-12-11,2,APXMIDP ,87.5,31.22
2019-12-11,2,N2EXMIDP,0,0
2019-12-11,3,APXMIDP ,40.35,45
2019-12-11,3,N2EXMIDP,0,0
2019-12-11,4,APXMIDP ,173.8,30.27
2019-12-11,4,N2EXMIDP,0,0
2019-12-11,5,APXMIDP ,150.65,29.44
2019-12-11,5,N2EXMIDP,0,0
2019-12-11,6,APXMIDP ,423.6,23.04
2019-12-11,6,N2EXMIDP,0,0
2019-12-11,7,APXMIDP ,451.25,33.11
2019-12-11,7,N2EXMIDP,0,0
2019-12-11,8,APXMIDP ,527.45,37.15
2019-12-11,8,N2EXMIDP,0,0
2019-12-11,9,APXMIDP ,447.15,37.02
2019-12-11,9,N2EXMIDP,0,0
2019-12-11,10,APXMIDP ,464.35,36.67
2019-12-11,10,N2EXMIDP,0,0
2019-12-11,11,APXMIDP ,569.6,34.78
2019-12-11,11,N2EXMIDP,0,0
2019-12-11,12,APXMIDP ,579.5,36.28
2019-12-11,12,N2EXMIDP,0,0
2019-12-11,13,APXMIDP ,1007.9,46.46
2019-12-11,13,N2EXMIDP,0,0
2019-12-11,14,APXMIDP ,1392.4,34.43
2019-12-11,14,N2EXMIDP,0,0
2019-12-11,15,APXMIDP ,1016.35,50.55
2019-12-11,15,N2EXMIDP,0,0
2019-12-11,16,APXMIDP ,707.15,52.75
2019-12-11,16,N2EXMIDP,0,0
2019-12-11,17,APXMIDP ,919.55,51.82
2019-12-11,17,N2EXMIDP,0,0
2019-12-11,18,APXMIDP ,1047.6,51.67
2019-12-11,18,N2EXMIDP,0,0
2019-12-11,19,APXMIDP ,1347,52.08
2019-12-11,19,N2EXMIDP,0,0
2019-12-11,20,APXMIDP ,1428.95,53.8
2019-12-11,20,N2EXMIDP,0,0
2019-12-11,21,APXMIDP ,1527.65,50.55
2019-12-11,21,N2EXMIDP,0,0
2019-12-11,22,APXMIDP ,1923.8,44.28
2019-12-11,22,N2EXMIDP,0,0
2019-12-11,23,APXMIDP ,1849.3,40.83
2019-12-11,23,N2EXMIDP,0,0
2019-12-11,24,APXMIDP ,1934.7,42.36
2019-12-11,24,N2EXMIDP,0,0
2019-12-11,25,APXMIDP ,2026.8,45.35
2019-12-11,25,N2EXMIDP,0,0
2019-12-11,26,APXMIDP ,2164.8,46.67
2019-12-11,26,N2EXMIDP,0,0
2019-12-11,27,APXMIDP ,1980.2,47.18
2019-12-11,27,N2EXMIDP,0,0
2019-12-11,28,APXMIDP ,1961,47.64
2019-12-11,28,N2EXMIDP,0,0
2019-12-11,29,APXMIDP ,1965.25,48.16
2019-12-11,29,N2EXMIDP,0,0
2019-12-11,30,APXMIDP ,2006.95,48.19
2019-12-11,30,N2EXMIDP,0,0
2019-12-11,31,APXMIDP ,2054.55,53.85
2019-12-11,31,N2EXMIDP,0,0
2019-12-11,32,APXMIDP ,1837.75,57.6
2019-12-11,32,N2EXMIDP,0,0
2019-12-11,33,APXMIDP ,1553.35,56.07
2019-12-11,33,N2EXMIDP,0,0
2019-12-11,34,APXMIDP ,2047.9,61.88
2019-12-11,34,N2EXMIDP,0,0
2019-12-11,35,APXMIDP ,2311.85,60.49
2019-12-11,35,N2EXMIDP,0,0
2019-12-11,36,APXMIDP ,2039.25,59.96
2019-12-11,36,N2EXMIDP,0,0
2019-12-11,37,APXMIDP ,2106.2,56.12
2019-12-11,37,N2EXMIDP,0,0
2019-12-11,38,APXMIDP ,2053.65,52.27
2019-12-11,38,N2EXMIDP,0,0
2019-12-11,39,APXMIDP ,1628.1,44.72
2019-12-11,39,N2EXMIDP,0,0
2019-12-11,40,APXMIDP ,1653.45,44.08
2019-12-11,40,N2EXMIDP,0,0
2019-12-11,41,APXMIDP ,1582.65,43.71
2019-12-11,41,N2EXMIDP,0,0
2019-12-11,42,APXMIDP ,1614.7,44.31
2019-12-11,42,N2EXMIDP,0,0
2019-12-11,43,APXMIDP ,1843.15,42.67
2019-12-11,43,N2EXMIDP,0,0
2019-12-11,44,APXMIDP ,2055.4,41.35
2019-12-11,44,N2EXMIDP,0,0
2019-12-11,45,APXMIDP ,1836.3,41.8
2019-12-11,45,N2EXMIDP,0,0
2019-12-11,46,APXMIDP ,2059.5,41.15
2019-12-11,46,N2EXMIDP,0,0
2019-12-11,47,APXMIDP ,870.2,35
2019-12-11,47,N2EXMIDP,0,0
2019-12-11,48,APXMIDP ,774.15,29.99
2019-12-11,48,N2EXMIDP,0,0
2019-12-12,1,APXMIDP ,465.75,23.71
2019-12-12,1,N2EXMIDP,0,0
2019-12-12,2,APXMIDP ,455.6,31.18
2019-12-12,2,N2EXMIDP,0,0
2019-12-12,3,APXMIDP ,623.4,39.67
2019-12-12,3,N2EXMIDP,0,0
2019-12-12,4,APXMIDP ,585.8,34.2
2019-12-12,4,N2EXMIDP,0,0
2019-12-12,5,APXMIDP ,506.9,32.27
2019-12-12,5,N2EXMIDP,0,0
2019-12-12,6,APXMIDP ,528,32.42
2019-12-12,6,N2EXMIDP,0,0
2019-12-12,7,APXMIDP ,619.25,34.95
2019-12-12,7,N2EXMIDP,0,0
2019-12-12,8,APXMIDP ,667,34.22
2019-12-12,8,N2EXMIDP,0,0
2019-12-12,9,APXMIDP ,542.95,34.1
2019-12-12,9,N2EXMIDP,0,0
2019-12-12,10,APXMIDP ,651,33.11
2019-12-12,10,N2EXMIDP,0,0
2019-12-12,11,APXMIDP ,866.15,42.25
2019-12-12,11,N2EXMIDP,0,0
2019-12-12,12,APXMIDP ,1049.95,37.91
2019-12-12,12,N2EXMIDP,0,0
2019-12-12,13,APXMIDP ,970.6,50.78
2019-12-12,13,N2EXMIDP,0,0
2019-12-12,14,APXMIDP ,1658.85,35.97
2019-12-12,14,N2EXMIDP,0,0
2019-12-12,15,APXMIDP ,1594.65,44.13
2019-12-12,15,N2EXMIDP,0,0
2019-12-12,16,APXMIDP ,1326,50.15
2019-12-12,16,N2EXMIDP,0,0
2019-12-12,17,APXMIDP ,1521.9,44.98
2019-12-12,17,N2EXMIDP,0,0
2019-12-12,18,APXMIDP ,2136.45,46.23
2019-12-12,18,N2EXMIDP,0,0
2019-12-12,19,APXMIDP ,1752.2,39.37
2019-12-12,19,N2EXMIDP,0,0
2019-12-12,20,APXMIDP ,1542.65,38.65
2019-12-12,20,N2EXMIDP,0,0
2019-12-12,21,APXMIDP ,1864.95,37.07
2019-12-12,21,N2EXMIDP,0,0
2019-12-12,22,APXMIDP ,1954.35,36.75
2019-12-12,22,N2EXMIDP,0,0
2019-12-12,23,APXMIDP ,1887.35,34.44
2019-12-12,23,N2EXMIDP,0,0
2019-12-12,24,APXMIDP ,1577.85,36.74
2019-12-12,24,N2EXMIDP,0,0
2019-12-12,25,APXMIDP ,1697.25,37.99
2019-12-12,25,N2EXMIDP,0,0
2019-12-12,26,APXMIDP ,1806.4,38.69
2019-12-12,26,N2EXMIDP,0,0
2019-12-12,27,APXMIDP ,1775.4,43.05
2019-12-12,27,N2EXMIDP,0,0
2019-12-12,28,APXMIDP ,1830.55,43.61
2019-12-12,28,N2EXMIDP,0,0
2019-12-12,29,APXMIDP ,2157.95,46.79
2019-12-12,29,N2EXMIDP,0,0
2019-12-12,30,APXMIDP ,2427.45,48.73
2019-12-12,30,N2EXMIDP,0,0
2019-12-12,31,APXMIDP ,2323.7,52.76
2019-12-12,31,N2EXMIDP,0,0
2019-12-12,32,APXMIDP ,2147.3,53.66
2019-12-12,32,N2EXMIDP,0,0
2019-12-12,33,APXMIDP ,1847.35,53.24
2019-12-12,33,N2EXMIDP,0,0
2019-12-12,34,APXMIDP ,2040.45,55.69
2019-12-12,34,N2EXMIDP,0,0
2019-12-12,35,APXMIDP ,2094.95,51.57
2019-12-12,35,N2EXMIDP,0,0
2019-12-12,36,APXMIDP ,2000.95,48.79
2019-12-12,36,N2EXMIDP,0,0
2019-12-12,37,APXMIDP ,1947.9,48.9
2019-12-12,37,N2EXMIDP,0,0
2019-12-12,38,APXMIDP ,1731,50.41
2019-12-12,38,N2EXMIDP,0,0
2019-12-12,39,APXMIDP ,1631.95,43.66
2019-12-12,39,N2EXMIDP,0,0
2019-12-12,40,APXMIDP ,1273.35,43.83
2019-12-12,40,N2EXMIDP,0,0
2019-12-12,41,APXMIDP ,1450.1,44.16
2019-12-12,41,N2EXMIDP,0,0
2019-12-12,42,APXMIDP ,1246.25,43.92
2019-12-12,42,N2EXMIDP,0,0
2019-12-12,43,APXMIDP ,1618.65,42.09
2019-12-12,43,N2EXMIDP,0,0
2019-12-12,44,APXMIDP ,1575.5,40.98
2019-12-12,44,N2EXMIDP,0,0
2019-12-12,45,APXMIDP ,1454.95,41.82
2019-12-12,45,N2EXMIDP,0,0
2019-12-12,46,APXMIDP ,1506.4,41.95
2019-12-12,46,N2EXMIDP,0,0
2019-12-12,47,APXMIDP ,984.05,46.85
2019-12-12,47,N2EXMIDP,0,0
2019-12-12,48,APXMIDP ,610.4,48.2
2019-12-12,48,N2EXMIDP,0,0
2019-12-13,1,APXMIDP ,671.5,50.17
2019-12-13,1,N2EXMIDP,0,0
2019-12-13,2,APXMIDP ,692.05,51.46
2019-12-13,2,N2EXMIDP,0,0
2019-12-13,3,APXMIDP ,815.95,51.02
2019-12-13,3,N2EXMIDP,0,0
2019-12-13,4,APXMIDP ,851.6,49.64
2019-12-13,4,N2EXMIDP,0,0
2019-12-13,5,APXMIDP ,1044.85,48.22
2019-12-13,5,N2EXMIDP,0,0
2019-12-13,6,APXMIDP ,963.2,49.18
2019-12-13,6,N2EXMIDP,0,0
2019-12-13,7,APXMIDP ,936.15,47.08
2019-12-13,7,N2EXMIDP,0,0
2019-12-13,8,APXMIDP ,884.4,46.19
2019-12-13,8,N2EXMIDP,0,0
2019-12-13,9,APXMIDP ,1092.25,41.55
2019-12-13,9,N2EXMIDP,0,0
2019-12-13,10,APXMIDP ,1191.45,36.17
2019-12-13,10,N2EXMIDP,0,0
2019-12-13,11,APXMIDP ,927.75,35.17
2019-12-13,11,N2EXMIDP,0,0
2019-12-13,12,APXMIDP ,1054.6,34.43
2019-12-13,12,N2EXMIDP,0,0
2019-12-13,13,APXMIDP ,1277.7,40.33
2019-12-13,13,N2EXMIDP,0,0
2019-12-13,14,APXMIDP ,1718.8,38.3
2019-12-13,14,N2EXMIDP,0,0
2019-12-13,15,APXMIDP ,1338.5,30.26
2019-12-13,15,N2EXMIDP,0,0
2019-12-13,16,APXMIDP ,1477.45,38.1
2019-12-13,16,N2EXMIDP,0,0
2019-12-13,17,APXMIDP ,1357.15,42.83
2019-12-13,17,N2EXMIDP,0,0
2019-12-13,18,APXMIDP ,1321.7,40.57
2019-12-13,18,N2EXMIDP,0,0
2019-12-13,19,APXMIDP ,1752.55,42.4
2019-12-13,19,N2EXMIDP,0,0
2019-12-13,20,APXMIDP ,1699.75,43.23
2019-12-13,20,N2EXMIDP,0,0
2019-12-13,21,APXMIDP ,1823.15,45.18
2019-12-13,21,N2EXMIDP,0,0
2019-12-13,22,APXMIDP ,1848.95,44.55
2019-12-13,22,N2EXMIDP,0,0
2019-12-13,23,APXMIDP ,1412.85,43.13
2019-12-13,23,N2EXMIDP,0,0
2019-12-13,24,APXMIDP ,1472.2,39.28
2019-12-13,24,N2EXMIDP,0,0
2019-12-13,25,APXMIDP ,1922.4,43.49
2019-12-13,25,N2EXMIDP,0,0
2019-12-13,26,APXMIDP ,1894,44.11
2019-12-13,26,N2EXMIDP,0,0
2019-12-13,27,APXMIDP ,2232.6,41.3
2019-12-13,27,N2EXMIDP,0,0
2019-12-13,28,APXMIDP ,1985.5,41.35
2019-12-13,28,N2EXMIDP,0,0
2019-12-13,29,APXMIDP ,2053.6,37.95
2019-12-13,29,N2EXMIDP,0,0
2019-12-13,30,APXMIDP ,2153.95,37.34
2019-12-13,30,N2EXMIDP,0,0
2019-12-13,31,APXMIDP ,1701.55,42.65
2019-12-13,31,N2EXMIDP,0,0
2019-12-13,32,APXMIDP ,1391.7,46.74
2019-12-13,32,N2EXMIDP,0,0
2019-12-13,33,APXMIDP ,1549.4,44.22
2019-12-13,33,N2EXMIDP,0,0
2019-12-13,34,APXMIDP ,1260.15,50.97
2019-12-13,34,N2EXMIDP,0,0
2019-12-13,35,APXMIDP ,1003.8,54.98
2019-12-13,35,N2EXMIDP,0,0
2019-12-13,36,APXMIDP ,1083.25,54.87
2019-12-13,36,N2EXMIDP,0,0
2019-12-13,37,APXMIDP ,1136.85,51.67
2019-12-13,37,N2EXMIDP,0,0
2019-12-13,38,APXMIDP ,982.95,50.3
2019-12-13,38,N2EXMIDP,0,0
2019-12-13,39,APXMIDP ,1231.45,43.79
2019-12-13,39,N2EXMIDP,0,0
2019-12-13,40,APXMIDP ,949.5,43.32
2019-12-13,40,N2EXMIDP,0,0
2019-12-13,41,APXMIDP ,979.75,40.54
2019-12-13,41,N2EXMIDP,0,0
2019-12-13,42,APXMIDP ,1155.25,39.78
2019-12-13,42,N2EXMIDP,0,0
2019-12-13,43,APXMIDP ,1707.85,39.7
2019-12-13,43,N2EXMIDP,0,0
2019-12-13,44,APXMIDP ,1547.25,39.89
2019-12-13,44,N2EXMIDP,0,0
2019-12-13,45,APXMIDP ,1827.7,38.97
2019-12-13,45,N2EXMIDP,0,0
2019-12-13,46,APXMIDP ,1672.7,38.7
2019-12-13,46,N2EXMIDP,0,0
2019-12-13,47,APXMIDP ,818.15,45.64
2019-12-13,47,N2EXMIDP,0,0
2019-12-13,48,APXMIDP ,524.85,46.82
2019-12-13,48,N2EXMIDP,0,0
2019-12-14,1,APXMIDP ,362.75,45.18
2019-12-14,1,N2EXMIDP,0,0
2019-12-14,2,APXMIDP ,442.3,44.64
2019-12-14,2,N2EXMIDP,0,0
2019-12-14,3,APXMIDP ,530.45,40.56
2019-12-14,3,N2EXMIDP,0,0
2019-12-14,4,APXMIDP ,512.7,40.31
2019-12-14,4,N2EXMIDP,0,0
2019-12-14,5,APXMIDP ,667.7,40.08
2019-12-14,5,N2EXMIDP,0,0
2019-12-14,6,APXMIDP ,495.55,38.22
2019-12-14,6,N2EXMIDP,0,0
2019-12-14,7,APXMIDP ,723.2,32.51
2019-12-14,7,N2EXMIDP,0,0
2019-12-14,8,APXMIDP ,580.5,16.12
2019-12-14,8,N2EXMIDP,0,0
2019-12-14,9,APXMIDP ,597.1,15.93
2019-12-14,9,N2EXMIDP,0,0
2019-12-14,10,APXMIDP ,775.1,15.05
2019-12-14,10,N2EXMIDP,0,0
2019-12-14,11,APXMIDP ,655.45,25.52
2019-12-14,11,N2EXMIDP,0,0
2019-12-14,12,APXMIDP ,660.4,24.15
2019-12-14,12,N2EXMIDP,0,0
2019-12-14,13,APXMIDP ,558.2,24.12
2019-12-14,13,N2EXMIDP,0,0
2019-12-14,14,APXMIDP ,761.55,32.65
2019-12-14,14,N2EXMIDP,0,0
2019-12-14,15,APXMIDP ,1052.85,35.1
2019-12-14,15,N2EXMIDP,0,0
2019-12-14,16,APXMIDP ,1106.3,37.49
2019-12-14,16,N2EXMIDP,0,0
2019-12-14,17,APXMIDP ,876.8,36
2019-12-14,17,N2EXMIDP,0,0
2019-12-14,18,APXMIDP ,793.95,40.39
2019-12-14,18,N2EXMIDP,0,0
2019-12-14,19,APXMIDP ,827.8,42.97
2019-12-14,19,N2EXMIDP,0,0
2019-12-14,20,APXMIDP ,821.6,39.81
2019-12-14,20,N2EXMIDP,0,0
2019-12-14,21,APXMIDP ,750.55,37.78
2019-12-14,21,N2EXMIDP,0,0
2019-12-14,22,APXMIDP ,697.8,38.13
2019-12-14,22,N2EXMIDP,0,0
2019-12-14,23,APXMIDP ,771.4,38.99
2019-12-14,23,N2EXMIDP,0,0
2019-12-14,24,APXMIDP ,769.45,40.81
2019-12-14,24,N2EXMIDP,0,0
2019-12-14,25,APXMIDP ,834.85,40.37
2019-12-14,25,N2EXMIDP,0,0
2019-12-14,26,APXMIDP ,743.55,35.06
2019-12-14,26,N2EXMIDP,0,0
2019-12-14,27,APXMIDP ,926.4,32.2
2019-12-14,27,N2EXMIDP,0,0
2019-12-14,28,APXMIDP ,1015.75,33.98
2019-12-14,28,N2EXMIDP,0,0
2019-12-14,29,APXMIDP ,958.5,36.31
2019-12-14,29,N2EXMIDP,0,0
2019-12-14,30,APXMIDP ,1097.55,34.72
2019-12-14,30,N2EXMIDP,0,0
2019-12-14,31,APXMIDP ,1137.6,32.99
2019-12-14,31,N2EXMIDP,0,0
2019-12-14,32,APXMIDP ,1032.8,33.43
2019-12-14,32,N2EXMIDP,0,0
2019-12-14,33,APXMIDP ,1331.9,36.41
2019-12-14,33,N2EXMIDP,0,0
2019-12-14,34,APXMIDP ,1373.45,43.95
2019-12-14,34,N2EXMIDP,0,0
2019-12-14,35,APXMIDP ,1186.5,48.23
2019-12-14,35,N2EXMIDP,0,0
2019-12-14,36,APXMIDP ,1229.7,48.93
2019-12-14,36,N2EXMIDP,0,0
2019-12-14,37,APXMIDP ,1117.05,48.15
2019-12-14,37,N2EXMIDP,0,0
2019-12-14,38,APXMIDP ,938.35,47.55
2019-12-14,38,N2EXMIDP,0,0
2019-12-14,39,APXMIDP ,1182.1,38.58
2019-12-14,39,N2EXMIDP,0,0
2019-12-14,40,APXMIDP ,971.55,37.85
2019-12-14,40,N2EXMIDP,0,0
2019-12-14,41,APXMIDP ,1294.9,38.66
2019-12-14,41,N2EXMIDP,0,0
2019-12-14,42,APXMIDP ,1272.15,37.5
2019-12-14,42,N2EXMIDP,0,0
2019-12-14,43,APXMIDP ,1169.6,33.12
2019-12-14,43,N2EXMIDP,0,0
2019-12-14,44,APXMIDP ,1305.55,35.95
2019-12-14,44,N2EXMIDP,0,0
2019-12-14,45,APXMIDP ,1172.7,35.45
2019-12-14,45,N2EXMIDP,0,0
2019-12-14,46,APXMIDP ,1313.85,39.33
2019-12-14,46,N2EXMIDP,0,0
2019-12-14,47,APXMIDP ,457.95,52.94
2019-12-14,47,N2EXMIDP,0,0
2019-12-14,48,APXMIDP ,700.95,49.59
2019-12-14,48,N2EXMIDP,0,0
2019-12-15,1,APXMIDP ,521,49.48
2019-12-15,1,N2EXMIDP,0,0
2019-12-15,2,APXMIDP ,534,50.88
2019-12-15,2,N2EXMIDP,0,0
2019-12-15,3,APXMIDP ,671.15,46.17
2019-12-15,3,N2EXMIDP,0,0
2019-12-15,4,APXMIDP ,486,46.81
2019-12-15,4,N2EXMIDP,0,0
2019-12-15,5,APXMIDP ,619.65,46.29
2019-12-15,5,N2EXMIDP,0,0
2019-12-15,6,APXMIDP ,450.3,47.74
2019-12-15,6,N2EXMIDP,0,0
2019-12-15,7,APXMIDP ,419,44.4
2019-12-15,7,N2EXMIDP,0,0
2019-12-15,8,APXMIDP ,569.9,35.87
2019-12-15,8,N2EXMIDP,0,0
2019-12-15,9,APXMIDP ,591.45,24.86
2019-12-15,9,N2EXMIDP,0,0
2019-12-15,10,APXMIDP ,609.6,21.43
2019-12-15,10,N2EXMIDP,0,0
2019-12-15,11,APXMIDP ,659.7,19.58
2019-12-15,11,N2EXMIDP,0,0
2019-12-15,12,APXMIDP ,576.8,22.25
2019-12-15,12,N2EXMIDP,0,0
2019-12-15,13,APXMIDP ,432.65,29.79
2019-12-15,13,N2EXMIDP,0,0
2019-12-15,14,APXMIDP ,691.5,30.95
2019-12-15,14,N2EXMIDP,0,0
2019-12-15,15,APXMIDP ,631.55,38.13
2019-12-15,15,N2EXMIDP,0,0
2019-12-15,16,APXMIDP ,412.65,33.63
2019-12-15,16,N2EXMIDP,0,0
2019-12-15,17,APXMIDP ,433.95,18.73
2019-12-15,17,N2EXMIDP,0,0
2019-12-15,18,APXMIDP ,635.65,21.96
2019-12-15,18,N2EXMIDP,0,0
2019-12-15,19,APXMIDP ,713.75,17.9
2019-12-15,19,N2EXMIDP,0,0
2019-12-15,20,APXMIDP ,813.05,16.49
2019-12-15,20,N2EXMIDP,0,0
2019-12-15,21,APXMIDP ,1138.3,19.75
2019-12-15,21,N2EXMIDP,0,0
2019-12-15,22,APXMIDP ,1127.55,19.08
2019-12-15,22,N2EXMIDP,0,0
2019-12-15,23,APXMIDP ,1351.05,35.41
2019-12-15,23,N2EXMIDP,0,0
2019-12-15,24,APXMIDP ,1344.45,34.04
2019-12-15,24,N2EXMIDP,0,0
2019-12-15,25,APXMIDP ,1307.75,33.56
2019-12-15,25,N2EXMIDP,0,0
2019-12-15,26,APXMIDP ,1401.5,30.4
2019-12-15,26,N2EXMIDP,0,0
2019-12-15,27,APXMIDP ,1661.7,37.3
2019-12-15,27,N2EXMIDP,0,0
2019-12-15,28,APXMIDP ,1467.25,38.39
2019-12-15,28,N2EXMIDP,0,0
2019-12-15,29,APXMIDP ,1311.75,36.14
2019-12-15,29,N2EXMIDP,0,0
2019-12-15,30,APXMIDP ,1525.1,33.18
2019-12-15,30,N2EXMIDP,0,0
2019-12-15,31,APXMIDP ,1167.05,33.05
2019-12-15,31,N2EXMIDP,0,0
2019-12-15,32,APXMIDP ,1087.65,35.57
2019-12-15,32,N2EXMIDP,0,0
2019-12-15,33,APXMIDP ,1305.35,40.36
2019-12-15,33,N2EXMIDP,0,0
2019-12-15,34,APXMIDP ,936.35,49.76
2019-12-15,34,N2EXMIDP,0,0
2019-12-15,35,APXMIDP ,855.95,51.15
2019-12-15,35,N2EXMIDP,0,0
2019-12-15,36,APXMIDP ,765.8,49.67
2019-12-15,36,N2EXMIDP,0,0
2019-12-15,37,APXMIDP ,890.6,48.73
2019-12-15,37,N2EXMIDP,0,0
2019-12-15,38,APXMIDP ,865.4,44.68
2019-12-15,38,N2EXMIDP,0,0
2019-12-15,39,APXMIDP ,999.55,40.69
2019-12-15,39,N2EXMIDP,0,0
2019-12-15,40,APXMIDP ,787.85,38.48
2019-12-15,40,N2EXMIDP,0,0
2019-12-15,41,APXMIDP ,951.95,42.94
2019-12-15,41,N2EXMIDP,0,0
2019-12-15,42,APXMIDP ,1123.45,39.1
2019-12-15,42,N2EXMIDP,0,0
2019-12-15,43,APXMIDP ,994.55,38.51
2019-12-15,43,N2EXMIDP,0,0
2019-12-15,44,APXMIDP ,870.5,38.22
2019-12-15,44,N2EXMIDP,0,0
2019-12-15,45,APXMIDP ,1122.05,40.45
2019-12-15,45,N2EXMIDP,0,0
2019-12-15,46,APXMIDP ,1008.7,38.65
2019-12-15,46,N2EXMIDP,0,0
2019-12-15,47,APXMIDP ,798.5,37.26
2019-12-15,47,N2EXMIDP,0,0
2019-12-15,48,APXMIDP ,435.2,29.31
2019-12-15,48,N2EXMIDP,0,0
2019-12-16,1,APXMIDP ,497,17.5
2019-12-16,1,N2EXMIDP,0,0
2019-12-16,2,APXMIDP ,581.7,23.37
2019-12-16,2,N2EXMIDP,0,0
2019-12-16,3,APXMIDP ,910.6,22.39
2019-12-16,3,N2EXMIDP,0,0
2019-12-16,4,APXMIDP ,984.8,28.1
2019-12-16,4,N2EXMIDP,0,0
2019-12-16,5,APXMIDP ,829.85,27.23
2019-12-16,5,N2EXMIDP,0,0
2019-12-16,6,APXMIDP ,719.35,23.03
2019-12-16,6,N2EXMIDP,0,0
2019-12-16,7,APXMIDP ,526.9,25.33
2019-12-16,7,N2EXMIDP,0,0
2019-12-16,8,APXMIDP ,605.1,28.67
2019-12-16,8,N2EXMIDP,0,0
2019-12-16,9,APXMIDP ,592.55,25.74
2019-12-16,9,N2EXMIDP,0,0
2019-12-16,10,APXMIDP ,505.85,24.69
2019-12-16,10,N2EXMIDP,0,0
2019-12-16,11,APXMIDP ,751.65,32.29
2019-12-16,11,N2EXMIDP,0,0
2019-12-16,12,APXMIDP ,751.2,25.2
2019-12-16,12,N2EXMIDP,0,0
2019-12-16,13,APXMIDP ,1235.9,44.1
2019-12-16,13,N2EXMIDP,0,0
2019-12-16,14,APXMIDP ,1325.45,22.25
2019-12-16,14,N2EXMIDP,0,0
2019-12-16,15,APXMIDP ,1492,42.59
2019-12-16,15,N2EXMIDP,0,0
2019-12-16,16,APXMIDP ,1467.1,49.65
2019-12-16,16,N2EXMIDP,0,0
2019-12-16,17,APXMIDP ,1541.75,50.46
2019-12-16,17,N2EXMIDP,0,0
2019-12-16,18,APXMIDP ,1697.85,46.92
2019-12-16,18,N2EXMIDP,0,0
2019-12-16,19,APXMIDP ,1723.95,44.19
2019-12-16,19,N2EXMIDP,0,0
2019-12-16,20,APXMIDP ,1810,44.7
2019-12-16,20,N2EXMIDP,0,0
2019-12-16,21,APXMIDP ,1725.05,44.09
2019-12-16,21,N2EXMIDP,0,0
2019-12-16,22,APXMIDP ,1786,44.7
2019-12-16,22,N2EXMIDP,0,0
2019-12-16,23,APXMIDP ,1827.15,45.23
2019-12-16,23,N2EXMIDP,0,0
2019-12-16,24,APXMIDP ,1764.1,43.73
2019-12-16,24,N2EXMIDP,0,0
2019-12-16,25,APXMIDP ,1740.95,44.18
2019-12-16,25,N2EXMIDP,0,0
2019-12-16,26,APXMIDP ,1866.1,45.36
2019-12-16,26,N2EXMIDP,0,0
2019-12-16,27,APXMIDP ,1993.7,45.56
2019-12-16,27,N2EXMIDP,0,0
2019-12-16,28,APXMIDP ,1858.05,44.6
2019-12-16,28,N2EXMIDP,0,0
2019-12-16,29,APXMIDP ,1742.75,42.56
2019-12-16,29,N2EXMIDP,0,0
2019-12-16,30,APXMIDP ,1964.25,39.01
2019-12-16,30,N2EXMIDP,0,0
2019-12-16,31,APXMIDP ,1417.4,44.1
2019-12-16,31,N2EXMIDP,0,0
2019-12-16,32,APXMIDP ,1735.8,53.49
2019-12-16,32,N2EXMIDP,0,0
2019-12-16,33,APXMIDP ,1543.55,54.9
2019-12-16,33,N2EXMIDP,0,0
2019-12-16,34,APXMIDP ,1446.95,53.68
2019-12-16,34,N2EXMIDP,0,0
2019-12-16,35,APXMIDP ,1310.05,46.34
2019-12-16,35,N2EXMIDP,0,0
2019-12-16,36,APXMIDP ,1516.65,50.24
2019-12-16,36,N2EXMIDP,0,0
2019-12-16,37,APXMIDP ,1326.4,51.17
2019-12-16,37,N2EXMIDP,0,0
2019-12-16,38,APXMIDP ,1347.6,47.55
2019-12-16,38,N2EXMIDP,0,0
2019-12-16,39,APXMIDP ,1246.05,48.81
2019-12-16,39,N2EXMIDP,0,0
2019-12-16,40,APXMIDP ,1171.2,46.34
2019-12-16,40,N2EXMIDP,0,0
2019-12-16,41,APXMIDP ,936.75,44.44
2019-12-16,41,N2EXMIDP,0,0
2019-12-16,42,APXMIDP ,840.1,43.17
2019-12-16,42,N2EXMIDP,0,0
2019-12-16,43,APXMIDP ,678.95,44.28
2019-12-16,43,N2EXMIDP,0,0
2019-12-16,44,APXMIDP ,642.55,41.54
2019-12-16,44,N2EXMIDP,0,0
2019-12-16,45,APXMIDP ,1229.7,38.68
2019-12-16,45,N2EXMIDP,0,0
2019-12-16,46,APXMIDP ,841.45,34.65
2019-12-16,46,N2EXMIDP,0,0
2019-12-16,47,APXMIDP ,990.55,30.05
2019-12-16,47,N2EXMIDP,0,0
2019-12-16,48,APXMIDP ,712.15,36.71
2019-12-16,48,N2EXMIDP,0,0
2019-12-17,1,APXMIDP ,612.45,24.57
2019-12-17,1,N2EXMIDP,0,0
2019-12-17,2,APXMIDP ,566.2,27.01
2019-12-17,2,N2EXMIDP,0,0
2019-12-17,3,APXMIDP ,844.6,28.45
2019-12-17,3,N2EXMIDP,0,0
2019-12-17,4,APXMIDP ,779.6,23.46
2019-12-17,4,N2EXMIDP,0,0
2019-12-17,5,APXMIDP ,747.3,26.72
2019-12-17,5,N2EXMIDP,0,0
2019-12-17,6,APXMIDP ,814.25,27.15
2019-12-17,6,N2EXMIDP,0,0
2019-12-17,7,APXMIDP ,921.4,24.15
2019-12-17,7,N2EXMIDP,0,0
2019-12-17,8,APXMIDP ,850.3,23.7
2019-12-17,8,N2EXMIDP,0,0
2019-12-17,9,APXMIDP ,986.65,24.67
2019-12-17,9,N2EXMIDP,0,0
2019-12-17,10,APXMIDP ,969.85,23.24
2019-12-17,10,N2EXMIDP,0,0
2019-12-17,11,APXMIDP ,1489.7,27.36
2019-12-17,11,N2EXMIDP,0,0
2019-12-17,12,APXMIDP ,1349.1,27.72
2019-12-17,12,N2EXMIDP,0,0
2019-12-17,13,APXMIDP ,1441.2,35.28
2019-12-17,13,N2EXMIDP,0,0
2019-12-17,14,APXMIDP ,1628.5,35.55
2019-12-17,14,N2EXMIDP,0,0
2019-12-17,15,APXMIDP ,1022,38.13
2019-12-17,15,N2EXMIDP,0,0
2019-12-17,16,APXMIDP ,1063.3,38.61
2019-12-17,16,N2EXMIDP,0,0
2019-12-17,17,APXMIDP ,1035.05,50.38
2019-12-17,17,N2EXMIDP,0,0
2019-12-17,18,APXMIDP ,1191.2,43.07
2019-12-17,18,N2EXMIDP,0,0
2019-12-17,19,APXMIDP ,942.1,40.89
2019-12-17,19,N2EXMIDP,0,0
2019-12-17,20,APXMIDP ,1400.3,43.45
2019-12-17,20,N2EXMIDP,0,0
2019-12-17,21,APXMIDP ,1302.7,48.91
2019-12-17,21,N2EXMIDP,0,0
2019-12-17,22,APXMIDP ,1012.3,45.34
2019-12-17,22,N2EXMIDP,0,0
2019-12-17,23,APXMIDP ,1258.35,43.85
2019-12-17,23,N2EXMIDP,0,0
2019-12-17,24,APXMIDP ,2008,50.67
2019-12-17,24,N2EXMIDP,0,0
2019-12-17,25,APXMIDP ,1559.1,51.07
2019-12-17,25,N2EXMIDP,0,0
2019-12-17,26,APXMIDP ,1423.25,50.78
2019-12-17,26,N2EXMIDP,0,0
2019-12-17,27,APXMIDP ,1857.5,49.02
2019-12-17,27,N2EXMIDP,0,0
2019-12-17,28,APXMIDP ,2179.15,50.42
2019-12-17,28,N2EXMIDP,0,0
2019-12-17,29,APXMIDP ,2005.8,50.26
2019-12-17,29,N2EXMIDP,0,0
2019-12-17,30,APXMIDP ,2239.9,51.92
2019-12-17,30,N2EXMIDP,0,0
2019-12-17,31,APXMIDP ,2345.05,56.99
2019-12-17,31,N2EXMIDP,0,0
2019-12-17,32,APXMIDP ,2695.2,55.92
2019-12-17,32,N2EXMIDP,0,0
2019-12-17,33,APXMIDP ,2574.5,60.11
2019-12-17,33,N2EXMIDP,0,0
2019-12-17,34,APXMIDP ,2697.5,61.7
2019-12-17,34,N2EXMIDP,0,0
2019-12-17,35,APXMIDP ,2668.15,53.57
2019-12-17,35,N2EXMIDP,0,0
2019-12-17,36,APXMIDP ,2502.35,54.84
2019-12-17,36,N2EXMIDP,0,0
2019-12-17,37,APXMIDP ,2393.45,55.95
2019-12-17,37,N2EXMIDP,0,0
2019-12-17,38,APXMIDP ,2597,55.99
2019-12-17,38,N2EXMIDP,0,0
2019-12-17,39,APXMIDP ,1594.75,48.7
2019-12-17,39,N2EXMIDP,0,0
2019-12-17,40,APXMIDP ,1494.9,46.21
2019-12-17,40,N2EXMIDP,0,0
2019-12-17,41,APXMIDP ,1417.5,45.93
2019-12-17,41,N2EXMIDP,0,0
2019-12-17,42,APXMIDP ,1249.7,43.72
2019-12-17,42,N2EXMIDP,0,0
2019-12-17,43,APXMIDP ,1516.1,40.67
2019-12-17,43,N2EXMIDP,0,0
2019-12-17,44,APXMIDP ,1254.95,40.51
2019-12-17,44,N2EXMIDP,0,0
2019-12-17,45,APXMIDP ,1302.5,40.85
2019-12-17,45,N2EXMIDP,0,0
2019-12-17,46,APXMIDP ,1411.95,39
2019-12-17,46,N2EXMIDP,0,0
2019-12-17,47,APXMIDP ,637,38.45
2019-12-17,47,N2EXMIDP,0,0
2019-12-17,48,APXMIDP ,361.45,36.65
2019-12-17,48,N2EXMIDP,0,0
2019-12-18,1,APXMIDP ,312.8,34.8
2019-12-18,1,N2EXMIDP,0,0
2019-12-18,2,APXMIDP ,392.25,30.5
2019-12-18,2,N2EXMIDP,0,0
2019-12-18,3,APXMIDP ,307.15,23.28
2019-12-18,3,N2EXMIDP,0,0
2019-12-18,4,APXMIDP ,472.5,23.91
2019-12-18,4,N2EXMIDP,0,0
2019-12-18,5,APXMIDP ,465.75,23.83
2019-12-18,5,N2EXMIDP,0,0
2019-12-18,6,APXMIDP ,609.6,32.45
2019-12-18,6,N2EXMIDP,0,0
2019-12-18,7,APXMIDP ,514,34.31
2019-12-18,7,N2EXMIDP,0,0
2019-12-18,8,APXMIDP ,489.9,29.37
2019-12-18,8,N2EXMIDP,0,0
2019-12-18,9,APXMIDP ,523.75,31.8
2019-12-18,9,N2EXMIDP,0,0
2019-12-18,10,APXMIDP ,696.2,35.18
2019-12-18,10,N2EXMIDP,0,0
2019-12-18,11,APXMIDP ,666.2,35.97
2019-12-18,11,N2EXMIDP,0,0
2019-12-18,12,APXMIDP ,793.85,37.54
2019-12-18,12,N2EXMIDP,0,0
2019-12-18,13,APXMIDP ,865.95,45.48
2019-12-18,13,N2EXMIDP,0,0
2019-12-18,14,APXMIDP ,1256.45,40.63
2019-12-18,14,N2EXMIDP,0,0
2019-12-18,15,APXMIDP ,913.55,32.79
2019-12-18,15,N2EXMIDP,0,0
2019-12-18,16,APXMIDP ,1010.3,46.3
2019-12-18,16,N2EXMIDP,0,0
2019-12-18,17,APXMIDP ,1199.15,52.36
2019-12-18,17,N2EXMIDP,0,0
2019-12-18,18,APXMIDP ,1149.65,46.04
2019-12-18,18,N2EXMIDP,0,0
2019-12-18,19,APXMIDP ,1099.85,41.77
2019-12-18,19,N2EXMIDP,0,0
2019-12-18,20,APXMIDP ,1242.9,42.31
2019-12-18,20,N2EXMIDP,0,0
2019-12-18,21,APXMIDP ,1139.5,46.25
2019-12-18,21,N2EXMIDP,0,0
2019-12-18,22,APXMIDP ,1778.3,44.34
2019-12-18,22,N2EXMIDP,0,0
2019-12-18,23,APXMIDP ,2351.85,43.4
2019-12-18,23,N2EXMIDP,0,0
2019-12-18,24,APXMIDP ,1894.7,42.96
2019-12-18,24,N2EXMIDP,0,0
2019-12-18,25,APXMIDP ,1865.95,43.82
2019-12-18,25,N2EXMIDP,0,0
2019-12-18,26,APXMIDP ,1555.05,40.8
2019-12-18,26,N2EXMIDP,0,0
2019-12-18,27,APXMIDP ,1955.35,43.01
2019-12-18,27,N2EXMIDP,0,0
2019-12-18,28,APXMIDP ,1824.9,41.6
2019-12-18,28,N2EXMIDP,0,0
2019-12-18,29,APXMIDP ,1828.25,41.33
2019-12-18,29,N2EXMIDP,0,0
2019-12-18,30,APXMIDP ,2076.6,40.71
2019-12-18,30,N2EXMIDP,0,0
2019-12-18,31,APXMIDP ,1819.95,38.24
2019-12-18,31,N2EXMIDP,0,0
2019-12-18,32,APXMIDP ,1836.65,42.67
2019-12-18,32,N2EXMIDP,0,0
2019-12-18,33,APXMIDP ,1686.7,38.9
2019-12-18,33,N2EXMIDP,0,0
2019-12-18,34,APXMIDP ,2299.3,38.44
2019-12-18,34,N2EXMIDP,0,0
2019-12-18,35,APXMIDP ,2298.15,38.55
2019-12-18,35,N2EXMIDP,0,0
2019-12-18,36,APXMIDP ,2559.55,38.64
2019-12-18,36,N2EXMIDP,0,0
2019-12-18,37,APXMIDP ,2580.65,38.59
2019-12-18,37,N2EXMIDP,0,0
2019-12-18,38,APXMIDP ,3182.55,38.38
2019-12-18,38,N2EXMIDP,0,0
2019-12-18,39,APXMIDP ,3431.65,39.59
2019-12-18,39,N2EXMIDP,0,0
2019-12-18,40,APXMIDP ,2873.1,39.33
2019-12-18,40,N2EXMIDP,0,0
2019-12-18,41,APXMIDP ,2675.4,39.04
2019-12-18,41,N2EXMIDP,0,0
2019-12-18,42,APXMIDP ,2802.85,39.02
2019-12-18,42,N2EXMIDP,0,0
2019-12-18,43,APXMIDP ,2651.1,36.47
2019-12-18,43,N2EXMIDP,0,0
2019-12-18,44,APXMIDP ,2781.4,34.66
2019-12-18,44,N2EXMIDP,0,0
2019-12-18,45,APXMIDP ,2881.95,34.99
2019-12-18,45,N2EXMIDP,0,0
2019-12-18,46,APXMIDP ,2964.65,30.02
2019-12-18,46,N2EXMIDP,0,0
2019-12-18,47,APXMIDP ,888.05,9.87
2019-12-18,47,N2EXMIDP,0,0
2019-12-18,48,APXMIDP ,928.75,0.57
2019-12-18,48,N2EXMIDP,0,0
2019-12-19,1,APXMIDP ,921.45,3.12
2019-12-19,1,N2EXMIDP,0,0
2019-12-19,2,APXMIDP ,968.25,3.42
2019-12-19,2,N2EXMIDP,0,0
2019-12-19,3,APXMIDP ,874.1,3.52
2019-12-19,3,N2EXMIDP,0,0
2019-12-19,4,APXMIDP ,1038.85,3.12
2019-12-19,4,N2EXMIDP,0,0
2019-12-19,5,APXMIDP ,949.45,7.09
2019-12-19,5,N2EXMIDP,0,0
2019-12-19,6,APXMIDP ,881.95,9.26
2019-12-19,6,N2EXMIDP,0,0
2019-12-19,7,APXMIDP ,1112,13.62
2019-12-19,7,N2EXMIDP,0,0
2019-12-19,8,APXMIDP ,1060.4,9.74
2019-12-19,8,N2EXMIDP,0,0
2019-12-19,9,APXMIDP ,1016.15,8.29
2019-12-19,9,N2EXMIDP,0,0
2019-12-19,10,APXMIDP ,969.3,8.62
2019-12-19,10,N2EXMIDP,0,0
2019-12-19,11,APXMIDP ,980.6,12.42
2019-12-19,11,N2EXMIDP,0,0
2019-12-19,12,APXMIDP ,729.8,15.4
2019-12-19,12,N2EXMIDP,0,0
2019-12-19,13,APXMIDP ,1289.35,28.09
2019-12-19,13,N2EXMIDP,0,0
2019-12-19,14,APXMIDP ,1335.35,31.26
2019-12-19,14,N2EXMIDP,0,0
2019-12-19,15,APXMIDP ,1445.2,44.66
2019-12-19,15,N2EXMIDP,0,0
2019-12-19,16,APXMIDP ,1293.3,45.75
2019-12-19,16,N2EXMIDP,0,0
2019-12-19,17,APXMIDP ,1544.4,44.48
2019-12-19,17,N2EXMIDP,0,0
2019-12-19,18,APXMIDP ,1243.25,45.11
2019-12-19,18,N2EXMIDP,0,0
2019-12-19,19,APXMIDP ,1612.3,42.7
2019-12-19,19,N2EXMIDP,0,0
2019-12-19,20,APXMIDP ,1586.65,37.78
2019-12-19,20,N2EXMIDP,0,0
2019-12-19,21,APXMIDP ,1775.75,37.05
2019-12-19,21,N2EXMIDP,0,0
2019-12-19,22,APXMIDP ,1508.35,34.67
2019-12-19,22,N2EXMIDP,0,0
2019-12-19,23,APXMIDP ,1790.7,35.88
2019-12-19,23,N2EXMIDP,0,0
2019-12-19,24,APXMIDP ,2098.8,34.21
2019-12-19,24,N2EXMIDP,0,0
2019-12-19,25,APXMIDP ,2160.75,35.94
2019-12-19,25,N2EXMIDP,0,0
2019-12-19,26,APXMIDP ,2102.85,33.4
2019-12-19,26,N2EXMIDP,0,0
2019-12-19,27,APXMIDP ,2654.05,40.02
2019-12-19,27,N2EXMIDP,0,0
2019-12-19,28,APXMIDP ,2372.35,40.4
2019-12-19,28,N2EXMIDP,0,0
2019-12-19,29,APXMIDP ,2286,41.66
2019-12-19,29,N2EXMIDP,0,0
2019-12-19,30,APXMIDP ,2191.9,40.85
2019-12-19,30,N2EXMIDP,0,0
2019-12-19,31,APXMIDP ,1276.85,42.21
2019-12-19,31,N2EXMIDP,0,0
2019-12-19,32,APXMIDP ,1639.95,48.78
2019-12-19,32,N2EXMIDP,0,0
2019-12-19,33,APXMIDP ,1270.75,53.29
2019-12-19,33,N2EXMIDP,0,0
2019-12-19,34,APXMIDP ,1609.4,54.95
2019-12-19,34,N2EXMIDP,0,0
2019-12-19,35,APXMIDP ,1139.35,48.69
2019-12-19,35,N2EXMIDP,0,0
2019-12-19,36,APXMIDP ,1228.85,46.19
2019-12-19,36,N2EXMIDP,0,0
2019-12-19,37,APXMIDP ,1203,44.4
2019-12-19,37,N2EXMIDP,0,0
2019-12-19,38,APXMIDP ,1274.85,42.14
2019-12-19,38,N2EXMIDP,0,0
2019-12-19,39,APXMIDP ,1668.45,37.95
2019-12-19,39,N2EXMIDP,0,0
2019-12-19,40,APXMIDP ,1131.9,36.45
2019-12-19,40,N2EXMIDP,0,0
2019-12-19,41,APXMIDP ,1533,35.85
2019-12-19,41,N2EXMIDP,0,0
2019-12-19,42,APXMIDP ,1838.5,37.17
2019-12-19,42,N2EXMIDP,0,0
2019-12-19,43,APXMIDP ,1823.15,37.16
2019-12-19,43,N2EXMIDP,0,0
2019-12-19,44,APXMIDP ,2040.2,36.56
2019-12-19,44,N2EXMIDP,0,0
2019-12-19,45,APXMIDP ,2008.95,34.68
2019-12-19,45,N2EXMIDP,0,0
2019-12-19,46,APXMIDP ,2313.9,33.88
2019-12-19,46,N2EXMIDP,0,0
2019-12-19,47,APXMIDP ,645.05,17.79
2019-12-19,47,N2EXMIDP,0,0
2019-12-19,48,APXMIDP ,512.55,13.22
2019-12-19,48,N2EXMIDP,0,0
2019-12-20,1,APXMIDP ,676.25,9.31
2019-12-20,1,N2EXMIDP,0,0
2019-12-20,2,APXMIDP ,812.25,13.15
2019-12-20,2,N2EXMIDP,0,0
2019-12-20,3,APXMIDP ,1066.6,16.45
2019-12-20,3,N2EXMIDP,0,0
2019-12-20,4,APXMIDP ,1164.65,17.68
2019-12-20,4,N2EXMIDP,0,0
2019-12-20,5,APXMIDP ,934.5,14.04
2019-12-20,5,N2EXMIDP,0,0
2019-12-20,6,APXMIDP ,1190.55,14.22
2019-12-20,6,N2EXMIDP,0,0
2019-12-20,7,APXMIDP ,927.85,16.6
2019-12-20,7,N2EXMIDP,0,0
2019-12-20,8,APXMIDP ,955.65,14.84
2019-12-20,8,N2EXMIDP,0,0
2019-12-20,9,APXMIDP ,1003.8,15.9
2019-12-20,9,N2EXMIDP,0,0
2019-12-20,10,APXMIDP ,1136.05,16.25
2019-12-20,10,N2EXMIDP,0,0
2019-12-20,11,APXMIDP ,1322,22.38
2019-12-20,11,N2EXMIDP,0,0
2019-12-20,12,APXMIDP ,1006.4,25.61
2019-12-20,12,N2EXMIDP,0,0
2019-12-20,13,APXMIDP ,1390.75,35.95
2019-12-20,13,N2EXMIDP,0,0
2019-12-20,14,APXMIDP ,1541.1,31.56
2019-12-20,14,N2EXMIDP,0,0
2019-12-20,15,APXMIDP ,1395.7,31.95
2019-12-20,15,N2EXMIDP,0,0
2019-12-20,16,APXMIDP ,958.45,31.54
2019-12-20,16,N2EXMIDP,0,0
2019-12-20,17,APXMIDP ,1142.15,30.8
2019-12-20,17,N2EXMIDP,0,0
2019-12-20,18,APXMIDP ,1094.95,31.56
2019-12-20,18,N2EXMIDP,0,0
2019-12-20,19,APXMIDP ,911.25,36.64
2019-12-20,19,N2EXMIDP,0,0
2019-12-20,20,APXMIDP ,926.45,42.54
2019-12-20,20,N2EXMIDP,0,0
2019-12-20,21,APXMIDP ,1144.5,42.77
2019-12-20,21,N2EXMIDP,0,0
2019-12-20,22,APXMIDP ,1296.05,47.21
2019-12-20,22,N2EXMIDP,0,0
2019-12-20,23,APXMIDP ,1235.65,52.02
2019-12-20,23,N2EXMIDP,0,0
2019-12-20,24,APXMIDP ,1312.5,49.66
2019-12-20,24,N2EXMIDP,0,0
2019-12-20,25,APXMIDP ,1169.2,46.31
2019-12-20,25,N2EXMIDP,0,0
2019-12-20,26,APXMIDP ,914.9,41.78
2019-12-20,26,N2EXMIDP,0,0
2019-12-20,27,APXMIDP ,1256.4,41.53
2019-12-20,27,N2EXMIDP,0,0
2019-12-20,28,APXMIDP ,1104.7,40.26
2019-12-20,28,N2EXMIDP,0,0
2019-12-20,29,APXMIDP ,1254.15,41.26
2019-12-20,29,N2EXMIDP,0,0
2019-12-20,30,APXMIDP ,1251.15,41.98
2019-12-20,30,N2EXMIDP,0,0
2019-12-20,31,APXMIDP ,1221.75,42.45
2019-12-20,31,N2EXMIDP,0,0
2019-12-20,32,APXMIDP ,1089.55,46.71
2019-12-20,32,N2EXMIDP,0,0
2019-12-20,33,APXMIDP ,1515.65,44.79
2019-12-20,33,N2EXMIDP,0,0
2019-12-20,34,APXMIDP ,1403,47.89
2019-12-20,34,N2EXMIDP,0,0
2019-12-20,35,APXMIDP ,1164.95,46.74
2019-12-20,35,N2EXMIDP,0,0
2019-12-20,36,APXMIDP ,1081.95,44.16
2019-12-20,36,N2EXMIDP,0,0
2019-12-20,37,APXMIDP ,1121.9,48.76
2019-12-20,37,N2EXMIDP,0,0
2019-12-20,38,APXMIDP ,1029.85,43.27
2019-12-20,38,N2EXMIDP,0,0
2019-12-20,39,APXMIDP ,885.3,45.93
2019-12-20,39,N2EXMIDP,0,0
2019-12-20,40,APXMIDP ,797.7,44.28
2019-12-20,40,N2EXMIDP,0,0
2019-12-20,41,APXMIDP ,730.15,46.61
2019-12-20,41,N2EXMIDP,0,0
2019-12-20,42,APXMIDP ,758.6,46.34
2019-12-20,42,N2EXMIDP,0,0
2019-12-20,43,APXMIDP ,1060.2,41.91
2019-12-20,43,N2EXMIDP,0,0
2019-12-20,44,APXMIDP ,1004.55,44.1
2019-12-20,44,N2EXMIDP,0,0
2019-12-20,45,APXMIDP ,965.05,42.12
2019-12-20,45,N2EXMIDP,0,0
2019-12-20,46,APXMIDP ,1042.6,38.72
2019-12-20,46,N2EXMIDP,0,0
2019-12-20,47,APXMIDP ,636.9,41.2
2019-12-20,47,N2EXMIDP,0,0
2019-12-20,48,APXMIDP ,701.95,41.77
2019-12-20,48,N2EXMIDP,0,0
2019-12-21,1,APXMIDP ,672.95,39.35
2019-12-21,1,N2EXMIDP,0,0
2019-12-21,2,APXMIDP ,823.5,39.28
2019-12-21,2,N2EXMIDP,0,0
2019-12-21,3,APXMIDP ,1084,38.18
2019-12-21,3,N2EXMIDP,0,0
2019-12-21,4,APXMIDP ,866.3,39.94
2019-12-21,4,N2EXMIDP,0,0
2019-12-21,5,APXMIDP ,1034.4,39.32
2019-12-21,5,N2EXMIDP,0,0
2019-12-21,6,APXMIDP ,924,37.53
2019-12-21,6,N2EXMIDP,0,0
2019-12-21,7,APXMIDP ,593.65,33.37
2019-12-21,7,N2EXMIDP,0,0
2019-12-21,8,APXMIDP ,545.1,31.01
2019-12-21,8,N2EXMIDP,0,0
2019-12-21,9,APXMIDP ,415.45,31.01
2019-12-21,9,N2EXMIDP,0,0
2019-12-21,10,APXMIDP ,565.15,29.64
2019-12-21,10,N2EXMIDP,0,0
2019-12-21,11,APXMIDP ,596.85,28.41
2019-12-21,11,N2EXMIDP,0,0
2019-12-21,12,APXMIDP ,700.3,30.07
2019-12-21,12,N2EXMIDP,0,0
2019-12-21,13,APXMIDP ,603.6,29.24
2019-12-21,13,N2EXMIDP,0,0
2019-12-21,14,APXMIDP ,717.75,28.08
2019-12-21,14,N2EXMIDP,0,0
2019-12-21,15,APXMIDP ,1010.3,32.33
2019-12-21,15,N2EXMIDP,0,0
2019-12-21,16,APXMIDP ,868.7,36.47
2019-12-21,16,N2EXMIDP,0,0
2019-12-21,17,APXMIDP ,962.5,35.38
2019-12-21,17,N2EXMIDP,0,0
2019-12-21,18,APXMIDP ,954.05,37.44
2019-12-21,18,N2EXMIDP,0,0
2019-12-21,19,APXMIDP ,967.5,36
2019-12-21,19,N2EXMIDP,0,0
2019-12-21,20,APXMIDP ,933.8,29.08
2019-12-21,20,N2EXMIDP,0,0
2019-12-21,21,APXMIDP ,1075.7,32.44
2019-12-21,21,N2EXMIDP,0,0
2019-12-21,22,APXMIDP ,1449.4,28.71
2019-12-21,22,N2EXMIDP,0,0
2019-12-21,23,APXMIDP ,1197.5,35.12
2019-12-21,23,N2EXMIDP,0,0
2019-12-21,24,APXMIDP ,1369.45,38.3
2019-12-21,24,N2EXMIDP,0,0
2019-12-21,25,APXMIDP ,1600.85,39.86
2019-12-21,25,N2EXMIDP,0,0
2019-12-21,26,APXMIDP ,1910.45,38.72
2019-12-21,26,N2EXMIDP,0,0
2019-12-21,27,APXMIDP ,1237.85,40.54
2019-12-21,27,N2EXMIDP,0,0
2019-12-21,28,APXMIDP ,1120.35,40.65
2019-12-21,28,N2EXMIDP,0,0
2019-12-21,29,APXMIDP ,1085.4,40.64
2019-12-21,29,N2EXMIDP,0,0
2019-12-21,30,APXMIDP ,1412.85,43.56
2019-12-21,30,N2EXMIDP,0,0
2019-12-21,31,APXMIDP ,1168.65,51.57
2019-12-21,31,N2EXMIDP,0,0
2019-12-21,32,APXMIDP ,1355.75,50.25
2019-12-21,32,N2EXMIDP,0,0
2019-12-21,33,APXMIDP ,1179.15,45.48
2019-12-21,33,N2EXMIDP,0,0
2019-12-21,34,APXMIDP ,1407.7,50.57
2019-12-21,34,N2EXMIDP,0,0
2019-12-21,35,APXMIDP ,1225.45,52.5
2019-12-21,35,N2EXMIDP,0,0
2019-12-21,36,APXMIDP ,1347.25,52.22
2019-12-21,36,N2EXMIDP,0,0
2019-12-21,37,APXMIDP ,1207.9,50.9
2019-12-21,37,N2EXMIDP,0,0
2019-12-21,38,APXMIDP ,1258.4,49.79
2019-12-21,38,N2EXMIDP,0,0
2019-12-21,39,APXMIDP ,1174.9,42.4
2019-12-21,39,N2EXMIDP,0,0
2019-12-21,40,APXMIDP ,980,41.16
2019-12-21,40,N2EXMIDP,0,0
2019-12-21,41,APXMIDP ,1172.4,41.27
2019-12-21,41,N2EXMIDP,0,0
2019-12-21,42,APXMIDP ,1061.15,37.72
2019-12-21,42,N2EXMIDP,0,0
2019-12-21,43,APXMIDP ,1149.8,37.6
2019-12-21,43,N2EXMIDP,0,0
2019-12-21,44,APXMIDP ,1124.65,37.94
2019-12-21,44,N2EXMIDP,0,0
2019-12-21,45,APXMIDP ,1036.15,30.61
2019-12-21,45,N2EXMIDP,0,0
2019-12-21,46,APXMIDP ,982.8,30.91
2019-12-21,46,N2EXMIDP,0,0
2019-12-21,47,APXMIDP ,836.8,39.22
2019-12-21,47,N2EXMIDP,0,0
2019-12-21,48,APXMIDP ,993.15,38.98
2019-12-21,48,N2EXMIDP,0,0
2019-12-22,1,APXMIDP ,646.7,38.67
2019-12-22,1,N2EXMIDP,0,0
2019-12-22,2,APXMIDP ,794.3,38.56
2019-12-22,2,N2EXMIDP,0,0
2019-12-22,3,APXMIDP ,585.1,38.81
2019-12-22,3,N2EXMIDP,0,0
2019-12-22,4,APXMIDP ,665.75,39.06
2019-12-22,4,N2EXMIDP,0,0
2019-12-22,5,APXMIDP ,564.9,38.61
2019-12-22,5,N2EXMIDP,0,0
2019-12-22,6,APXMIDP ,589.8,38.54
2019-12-22,6,N2EXMIDP,0,0
2019-12-22,7,APXMIDP ,650.5,34.81
2019-12-22,7,N2EXMIDP,0,0
2019-12-22,8,APXMIDP ,553.55,33.46
2019-12-22,8,N2EXMIDP,0,0
2019-12-22,9,APXMIDP ,510.7,33.05
2019-12-22,9,N2EXMIDP,0,0
2019-12-22,10,APXMIDP ,527.15,32.88
2019-12-22,10,N2EXMIDP,0,0
2019-12-22,11,APXMIDP ,598.35,31.74
2019-12-22,11,N2EXMIDP,0,0
2019-12-22,12,APXMIDP ,614.6,33.27
2019-12-22,12,N2EXMIDP,0,0
2019-12-22,13,APXMIDP ,437.75,33.46
2019-12-22,13,N2EXMIDP,0,0
2019-12-22,14,APXMIDP ,634.6,32.47
2019-12-22,14,N2EXMIDP,0,0
2019-12-22,15,APXMIDP ,543.95,36.76
2019-12-22,15,N2EXMIDP,0,0
2019-12-22,16,APXMIDP ,618.7,41.05
2019-12-22,16,N2EXMIDP,0,0
2019-12-22,17,APXMIDP ,454.95,41.32
2019-12-22,17,N2EXMIDP,0,0
2019-12-22,18,APXMIDP ,659.85,43.64
2019-12-22,18,N2EXMIDP,0,0
2019-12-22,19,APXMIDP ,703.7,36.57
2019-12-22,19,N2EXMIDP,0,0
2019-12-22,20,APXMIDP ,750.4,34.77
2019-12-22,20,N2EXMIDP,0,0
2019-12-22,21,APXMIDP ,648.8,34.42
2019-12-22,21,N2EXMIDP,0,0
2019-12-22,22,APXMIDP ,718.2,32.18
2019-12-22,22,N2EXMIDP,0,0
2019-12-22,23,APXMIDP ,931.95,37.43
2019-12-22,23,N2EXMIDP,0,0
2019-12-22,24,APXMIDP ,685.7,34.59
2019-12-22,24,N2EXMIDP,0,0
2019-12-22,25,APXMIDP ,748.95,32.61
2019-12-22,25,N2EXMIDP,0,0
2019-12-22,26,APXMIDP ,675.3,32.86
2019-12-22,26,N2EXMIDP,0,0
2019-12-22,27,APXMIDP ,984.3,33.64
2019-12-22,27,N2EXMIDP,0,0
2019-12-22,28,APXMIDP ,1062.6,34.06
2019-12-22,28,N2EXMIDP,0,0
2019-12-22,29,APXMIDP ,1077.4,33.27
2019-12-22,29,N2EXMIDP,0,0
2019-12-22,30,APXMIDP ,1226.7,34.36
2019-12-22,30,N2EXMIDP,0,0
2019-12-22,31,APXMIDP ,969.8,48.08
2019-12-22,31,N2EXMIDP,0,0
2019-12-22,32,APXMIDP ,1182.55,52.42
2019-12-22,32,N2EXMIDP,0,0
2019-12-22,33,APXMIDP ,904.2,55.37
2019-12-22,33,N2EXMIDP,0,0
2019-12-22,34,APXMIDP ,1105.1,58.96
2019-12-22,34,N2EXMIDP,0,0
2019-12-22,35,APXMIDP ,1096.15,59.82
2019-12-22,35,N2EXMIDP,0,0
2019-12-22,36,APXMIDP ,1149.85,59.73
2019-12-22,36,N2EXMIDP,0,0
2019-12-22,37,APXMIDP ,1192.45,59.36
2019-12-22,37,N2EXMIDP,0,0
2019-12-22,38,APXMIDP ,1458.75,59.87
2019-12-22,38,N2EXMIDP,0,0
2019-12-22,39,APXMIDP ,1369.2,56.41
2019-12-22,39,N2EXMIDP,0,0
2019-12-22,40,APXMIDP ,857.25,44.86
2019-12-22,40,N2EXMIDP,0,0
2019-12-22,41,APXMIDP ,476.1,42.06
2019-12-22,41,N2EXMIDP,0,0
2019-12-22,42,APXMIDP ,644.7,44.24
2019-12-22,42,N2EXMIDP,0,0
2019-12-22,43,APXMIDP ,1019.35,43.72
2019-12-22,43,N2EXMIDP,0,0
2019-12-22,44,APXMIDP ,772.2,41.69
2019-12-22,44,N2EXMIDP,0,0
2019-12-22,45,APXMIDP ,1460.65,41.31
2019-12-22,45,N2EXMIDP,0,0
2019-12-22,46,APXMIDP ,1665.1,42.55
2019-12-22,46,N2EXMIDP,0,0
2019-12-22,47,APXMIDP ,1224.25,43.07
2019-12-22,47,N2EXMIDP,0,0
2019-12-22,48,APXMIDP ,1069.05,42.34
2019-12-22,48,N2EXMIDP,0,0
2019-12-23,1,APXMIDP ,1394,40.36
2019-12-23,1,N2EXMIDP,0,0
2019-12-23,2,APXMIDP ,1352.75,41.34
2019-12-23,2,N2EXMIDP,0,0
2019-12-23,3,APXMIDP ,893.65,38.72
2019-12-23,3,N2EXMIDP,0,0
2019-12-23,4,APXMIDP ,675.2,36.79
2019-12-23,4,N2EXMIDP,0,0
2019-12-23,5,APXMIDP ,764.45,35.58
2019-12-23,5,N2EXMIDP,0,0
2019-12-23,6,APXMIDP ,677.55,33.01
2019-12-23,6,N2EXMIDP,0,0
2019-12-23,7,APXMIDP ,786.1,27.04
2019-12-23,7,N2EXMIDP,0,0
2019-12-23,8,APXMIDP ,603.45,22.42
2019-12-23,8,N2EXMIDP,0,0
2019-12-23,9,APXMIDP ,601.8,19.17
2019-12-23,9,N2EXMIDP,0,0
2019-12-23,10,APXMIDP ,685.9,13.24
2019-12-23,10,N2EXMIDP,0,0
2019-12-23,11,APXMIDP ,708.45,31.84
2019-12-23,11,N2EXMIDP,0,0
2019-12-23,12,APXMIDP ,849.45,33
2019-12-23,12,N2EXMIDP,0,0
2019-12-23,13,APXMIDP ,897.55,34.07
2019-12-23,13,N2EXMIDP,0,0
2019-12-23,14,APXMIDP ,1285.3,35.48
2019-12-23,14,N2EXMIDP,0,0
2019-12-23,15,APXMIDP ,1580.65,37.95
2019-12-23,15,N2EXMIDP,0,0
2019-12-23,16,APXMIDP ,1220.45,39.26
2019-12-23,16,N2EXMIDP,0,0
2019-12-23,17,APXMIDP ,957.55,34.36
2019-12-23,17,N2EXMIDP,0,0
2019-12-23,18,APXMIDP ,831.5,40.4
2019-12-23,18,N2EXMIDP,0,0
2019-12-23,19,APXMIDP ,847.2,44.59
2019-12-23,19,N2EXMIDP,0,0
2019-12-23,20,APXMIDP ,1017.8,40.27
2019-12-23,20,N2EXMIDP,0,0
2019-12-23,21,APXMIDP ,1138.4,36.75
2019-12-23,21,N2EXMIDP,0,0
2019-12-23,22,APXMIDP ,1070.2,34.15
2019-12-23,22,N2EXMIDP,0,0
2019-12-23,23,APXMIDP ,1049.25,26.47
2019-12-23,23,N2EXMIDP,0,0
2019-12-23,24,APXMIDP ,1244,23.96
2019-12-23,24,N2EXMIDP,0,0
2019-12-23,25,APXMIDP ,1421.9,28.78
2019-12-23,25,N2EXMIDP,0,0
2019-12-23,26,APXMIDP ,1520.5,29.74
2019-12-23,26,N2EXMIDP,0,0
2019-12-23,27,APXMIDP ,1440.2,31.44
2019-12-23,27,N2EXMIDP,0,0
2019-12-23,28,APXMIDP ,1614.55,31.16
2019-12-23,28,N2EXMIDP,0,0
2019-12-23,29,APXMIDP ,1673.55,31.13
2019-12-23,29,N2EXMIDP,0,0
2019-12-23,30,APXMIDP ,1950.1,27.07
2019-12-23,30,N2EXMIDP,0,0
2019-12-23,31,APXMIDP ,1237.85,29.68
2019-12-23,31,N2EXMIDP,0,0
2019-12-23,32,APXMIDP ,1078.7,38.43
2019-12-23,32,N2EXMIDP,0,0
2019-12-23,33,APXMIDP ,1074.95,40.64
2019-12-23,33,N2EXMIDP,0,0
2019-12-23,34,APXMIDP ,1253.35,44.04
2019-12-23,34,N2EXMIDP,0,0
2019-12-23,35,APXMIDP ,1186.35,48.92
2019-12-23,35,N2EXMIDP,0,0
2019-12-23,36,APXMIDP ,1258.9,46.65
2019-12-23,36,N2EXMIDP,0,0
2019-12-23,37,APXMIDP ,1244.7,44.31
2019-12-23,37,N2EXMIDP,0,0
2019-12-23,38,APXMIDP ,1392.5,43.57
2019-12-23,38,N2EXMIDP,0,0
2019-12-23,39,APXMIDP ,1243,41.07
2019-12-23,39,N2EXMIDP,0,0
2019-12-23,40,APXMIDP ,1142.5,41.18
2019-12-23,40,N2EXMIDP,0,0
2019-12-23,41,APXMIDP ,962.9,43.79
2019-12-23,41,N2EXMIDP,0,0
2019-12-23,42,APXMIDP ,1105.35,44.12
2019-12-23,42,N2EXMIDP,0,0
2019-12-23,43,APXMIDP ,1083.9,37.61
2019-12-23,43,N2EXMIDP,0,0
2019-12-23,44,APXMIDP ,967.75,35.03
2019-12-23,44,N2EXMIDP,0,0
2019-12-23,45,APXMIDP ,1849.35,31.57
2019-12-23,45,N2EXMIDP,0,0
2019-12-23,46,APXMIDP ,1955.1,36.58
2019-12-23,46,N2EXMIDP,0,0
2019-12-23,47,APXMIDP ,908.95,38.45
2019-12-23,47,N2EXMIDP,0,0
2019-12-23,48,APXMIDP ,715.8,40.81
2019-12-23,48,N2EXMIDP,0,0
2019-12-24,1,APXMIDP ,584.7,40.26
2019-12-24,1,N2EXMIDP,0,0
2019-12-24,2,APXMIDP ,508.2,40.33
2019-12-24,2,N2EXMIDP,0,0
2019-12-24,3,APXMIDP ,500.15,39.77
2019-12-24,3,N2EXMIDP,0,0
2019-12-24,4,APXMIDP ,515.25,32.13
2019-12-24,4,N2EXMIDP,0,0
2019-12-24,5,APXMIDP ,792.4,31.73
2019-12-24,5,N2EXMIDP,0,0
2019-12-24,6,APXMIDP ,653.2,30.69
2019-12-24,6,N2EXMIDP,0,0
2019-12-24,7,APXMIDP ,604.2,29.29
2019-12-24,7,N2EXMIDP,0,0
2019-12-24,8,APXMIDP ,699.2,27.08
2019-12-24,8,N2EXMIDP,0,0
2019-12-24,9,APXMIDP ,853.4,25.95
2019-12-24,9,N2EXMIDP,0,0
2019-12-24,10,APXMIDP ,661.65,27.15
2019-12-24,10,N2EXMIDP,0,0
2019-12-24,11,APXMIDP ,988.15,23.18
2019-12-24,11,N2EXMIDP,0,0
2019-12-24,12,APXMIDP ,792.6,27.52
2019-12-24,12,N2EXMIDP,0,0
2019-12-24,13,APXMIDP ,806.55,31.61
2019-12-24,13,N2EXMIDP,0,0
2019-12-24,14,APXMIDP ,1487.95,33.08
2019-12-24,14,N2EXMIDP,0,0
2019-12-24,15,APXMIDP ,1078,29.78
2019-12-24,15,N2EXMIDP,0,0
2019-12-24,16,APXMIDP ,1231.05,29.06
2019-12-24,16,N2EXMIDP,0,0
2019-12-24,17,APXMIDP ,905.95,29.17
2019-12-24,17,N2EXMIDP,0,0
2019-12-24,18,APXMIDP ,1268.15,29.99
2019-12-24,18,N2EXMIDP,0,0
2019-12-24,19,APXMIDP ,916.8,26.3
2019-12-24,19,N2EXMIDP,0,0
2019-12-24,20,APXMIDP ,723.55,25.96
2019-12-24,20,N2EXMIDP,0,0
2019-12-24,21,APXMIDP ,1602.2,24.47
2019-12-24,21,N2EXMIDP,0,0
2019-12-24,22,APXMIDP ,1749.15,27.22
2019-12-24,22,N2EXMIDP,0,0
2019-12-24,23,APXMIDP ,1980.7,29.04
2019-12-24,23,N2EXMIDP,0,0
2019-12-24,24,APXMIDP ,2002.15,28.73
2019-12-24,24,N2EXMIDP,0,0
2019-12-24,25,APXMIDP ,1839.4,27.01
2019-12-24,25,N2EXMIDP,0,0
2019-12-24,26,APXMIDP ,1854.65,27.73
2019-12-24,26,N2EXMIDP,0,0
2019-12-24,27,APXMIDP ,1734.4,29.19
2019-12-24,27,N2EXMIDP,0,0
2019-12-24,28,APXMIDP ,1609.2,29.06
2019-12-24,28,N2EXMIDP,0,0
2019-12-24,29,APXMIDP ,1674.45,29.35
2019-12-24,29,N2EXMIDP,0,0
2019-12-24,30,APXMIDP ,1811.4,30.09
2019-12-24,30,N2EXMIDP,0,0
2019-12-24,31,APXMIDP ,1097.25,31.92
2019-12-24,31,N2EXMIDP,0,0
2019-12-24,32,APXMIDP ,1027.65,34.15
2019-12-24,32,N2EXMIDP,0,0
2019-12-24,33,APXMIDP ,1128.25,35.13
2019-12-24,33,N2EXMIDP,0,0
2019-12-24,34,APXMIDP ,1225.95,39.66
2019-12-24,34,N2EXMIDP,0,0
2019-12-24,35,APXMIDP ,760.05,39.49
2019-12-24,35,N2EXMIDP,0,0
2019-12-24,36,APXMIDP ,713,39.47
2019-12-24,36,N2EXMIDP,0,0
2019-12-24,37,APXMIDP ,678.1,33.7
2019-12-24,37,N2EXMIDP,0,0
2019-12-24,38,APXMIDP ,717.25,29.02
2019-12-24,38,N2EXMIDP,0,0
2019-12-24,39,APXMIDP ,1268.95,28.34
2019-12-24,39,N2EXMIDP,0,0
2019-12-24,40,APXMIDP ,1177.1,30.46
2019-12-24,40,N2EXMIDP,0,0
2019-12-24,41,APXMIDP ,1226.75,32.1
2019-12-24,41,N2EXMIDP,0,0
2019-12-24,42,APXMIDP ,1030,28.43
2019-12-24,42,N2EXMIDP,0,0
2019-12-24,43,APXMIDP ,1027.25,32.91
2019-12-24,43,N2EXMIDP,0,0
2019-12-24,44,APXMIDP ,1433.1,34.38
2019-12-24,44,N2EXMIDP,0,0
2019-12-24,45,APXMIDP ,1149.35,30.3
2019-12-24,45,N2EXMIDP,0,0
2019-12-24,46,APXMIDP ,1663.05,30.28
2019-12-24,46,N2EXMIDP,0,0
2019-12-24,47,APXMIDP ,755.25,31.76
2019-12-24,47,N2EXMIDP,0,0
2019-12-24,48,APXMIDP ,548.5,33.04
2019-12-24,48,N2EXMIDP,0,0
2019-12-25,1,APXMIDP ,549.85,22.87
2019-12-25,1,N2EXMIDP,0,0
2019-12-25,2,APXMIDP ,378.85,24.08
2019-12-25,2,N2EXMIDP,0,0
2019-12-25,3,APXMIDP ,388.3,24.13
2019-12-25,3,N2EXMIDP,0,0
2019-12-25,4,APXMIDP ,289.5,18.57
2019-12-25,4,N2EXMIDP,0,0
2019-12-25,5,APXMIDP ,282.6,16.29
2019-12-25,5,N2EXMIDP,0,0
2019-12-25,6,APXMIDP ,264.5,13.78
2019-12-25,6,N2EXMIDP,0,0
2019-12-25,7,APXMIDP ,630.05,13.15
2019-12-25,7,N2EXMIDP,0,0
2019-12-25,8,APXMIDP ,712.45,12.6
2019-12-25,8,N2EXMIDP,0,0
2019-12-25,9,APXMIDP ,586.55,13.48
2019-12-25,9,N2EXMIDP,0,0
2019-12-25,10,APXMIDP ,602.95,19.88
2019-12-25,10,N2EXMIDP,0,0
2019-12-25,11,APXMIDP ,376.05,27.42
2019-12-25,11,N2EXMIDP,0,0
2019-12-25,12,APXMIDP ,542.2,32.19
2019-12-25,12,N2EXMIDP,0,0
2019-12-25,13,APXMIDP ,661.75,33.06
2019-12-25,13,N2EXMIDP,0,0
2019-12-25,14,APXMIDP ,982.15,35.02
2019-12-25,14,N2EXMIDP,0,0
2019-12-25,15,APXMIDP ,1182.55,32.52
2019-12-25,15,N2EXMIDP,0,0
2019-12-25,16,APXMIDP ,1122.9,39.02
2019-12-25,16,N2EXMIDP,0,0
2019-12-25,17,APXMIDP ,885.75,38.78
2019-12-25,17,N2EXMIDP,0,0
2019-12-25,18,APXMIDP ,969.85,37.18
2019-12-25,18,N2EXMIDP,0,0
2019-12-25,19,APXMIDP ,1066.4,44.01
2019-12-25,19,N2EXMIDP,0,0
2019-12-25,20,APXMIDP ,836.95,41.85
2019-12-25,20,N2EXMIDP,0,0
2019-12-25,21,APXMIDP ,846.95,40.68
2019-12-25,21,N2EXMIDP,0,0
2019-12-25,22,APXMIDP ,820.45,41.63
2019-12-25,22,N2EXMIDP,0,0
2019-12-25,23,APXMIDP ,848.1,40.1
2019-12-25,23,N2EXMIDP,0,0
2019-12-25,24,APXMIDP ,670.5,36.49
2019-12-25,24,N2EXMIDP,0,0
2019-12-25,25,APXMIDP ,670.7,38.03
2019-12-25,25,N2EXMIDP,0,0
2019-12-25,26,APXMIDP ,755.75,42.31
2019-12-25,26,N2EXMIDP,0,0
2019-12-25,27,APXMIDP ,803.65,46.3
2019-12-25,27,N2EXMIDP,0,0
2019-12-25,28,APXMIDP ,777.15,45.77
2019-12-25,28,N2EXMIDP,0,0
2019-12-25,29,APXMIDP ,758.15,43.29
2019-12-25,29,N2EXMIDP,0,0
2019-12-25,30,APXMIDP ,869.3,38.33
2019-12-25,30,N2EXMIDP,0,0
2019-12-25,31,APXMIDP ,774.25,30.54
2019-12-25,31,N2EXMIDP,0,0
2019-12-25,32,APXMIDP ,441.8,35.89
2019-12-25,32,N2EXMIDP,0,0
2019-12-25,33,APXMIDP ,642.5,40.79
2019-12-25,33,N2EXMIDP,0,0
2019-12-25,34,APXMIDP ,992.25,39.85
2019-12-25,34,N2EXMIDP,0,0
2019-12-25,35,APXMIDP ,1256.95,40.98
2019-12-25,35,N2EXMIDP,0,0
2019-12-25,36,APXMIDP ,1317.25,38.62
2019-12-25,36,N2EXMIDP,0,0
2019-12-25,37,APXMIDP ,1516.35,34.38
2019-12-25,37,N2EXMIDP,0,0
2019-12-25,38,APXMIDP ,1213.45,36.26
2019-12-25,38,N2EXMIDP,0,0
2019-12-25,39,APXMIDP ,1058.05,34.15
2019-12-25,39,N2EXMIDP,0,0
2019-12-25,40,APXMIDP ,981.4,34.94
2019-12-25,40,N2EXMIDP,0,0
2019-12-25,41,APXMIDP ,1191.05,36.43
2019-12-25,41,N2EXMIDP,0,0
2019-12-25,42,APXMIDP ,1250.25,39.38
2019-12-25,42,N2EXMIDP,0,0
2019-12-25,43,APXMIDP ,909.65,37.53
2019-12-25,43,N2EXMIDP,0,0
2019-12-25,44,APXMIDP ,1013.6,34.17
2019-12-25,44,N2EXMIDP,0,0
2019-12-25,45,APXMIDP ,1207.9,35.24
2019-12-25,45,N2EXMIDP,0,0
2019-12-25,46,APXMIDP ,1222.7,34.7
2019-12-25,46,N2EXMIDP,0,0
2019-12-25,47,APXMIDP ,1492.5,41.28
2019-12-25,47,N2EXMIDP,0,0
2019-12-25,48,APXMIDP ,1009.55,44.18
2019-12-25,48,N2EXMIDP,0,0
2019-12-26,1,APXMIDP ,1014.2,43.11
2019-12-26,1,N2EXMIDP,0,0
2019-12-26,2,APXMIDP ,1016.85,44.79
2019-12-26,2,N2EXMIDP,0,0
2019-12-26,3,APXMIDP ,767.3,43.07
2019-12-26,3,N2EXMIDP,0,0
2019-12-26,4,APXMIDP ,756.5,40.26
2019-12-26,4,N2EXMIDP,0,0
2019-12-26,5,APXMIDP ,971.3,40.59
2019-12-26,5,N2EXMIDP,0,0
2019-12-26,6,APXMIDP ,826,37.75
2019-12-26,6,N2EXMIDP,0,0
2019-12-26,7,APXMIDP ,740.2,36.78
2019-12-26,7,N2EXMIDP,0,0
2019-12-26,8,APXMIDP ,439.55,26.31
2019-12-26,8,N2EXMIDP,0,0
2019-12-26,9,APXMIDP ,458.5,28.42
2019-12-26,9,N2EXMIDP,0,0
2019-12-26,10,APXMIDP ,517.2,24.42
2019-12-26,10,N2EXMIDP,0,0
2019-12-26,11,APXMIDP ,935.05,25.67
2019-12-26,11,N2EXMIDP,0,0
2019-12-26,12,APXMIDP ,847.15,24.14
2019-12-26,12,N2EXMIDP,0,0
2019-12-26,13,APXMIDP ,978.5,24.25
2019-12-26,13,N2EXMIDP,0,0
2019-12-26,14,APXMIDP ,1091.15,26.52
2019-12-26,14,N2EXMIDP,0,0
2019-12-26,15,APXMIDP ,1284.1,30.59
2019-12-26,15,N2EXMIDP,0,0
2019-12-26,16,APXMIDP ,1096.75,30.04
2019-12-26,16,N2EXMIDP,0,0
2019-12-26,17,APXMIDP ,1078.3,23.54
2019-12-26,17,N2EXMIDP,0,0
2019-12-26,18,APXMIDP ,1151,26.24
2019-12-26,18,N2EXMIDP,0,0
2019-12-26,19,APXMIDP ,1091.35,30.22
2019-12-26,19,N2EXMIDP,0,0
2019-12-26,20,APXMIDP ,1101.9,34.3
2019-12-26,20,N2EXMIDP,0,0
2019-12-26,21,APXMIDP ,1310.25,32.02
2019-12-26,21,N2EXMIDP,0,0
2019-12-26,22,APXMIDP ,1269.85,29.37
2019-12-26,22,N2EXMIDP,0,0
2019-12-26,23,APXMIDP ,1595.75,29.06
2019-12-26,23,N2EXMIDP,0,0
2019-12-26,24,APXMIDP ,1388.5,28.76
2019-12-26,24,N2EXMIDP,0,0
2019-12-26,25,APXMIDP ,1266.05,30.1
2019-12-26,25,N2EXMIDP,0,0
2019-12-26,26,APXMIDP ,1211.45,31.11
2019-12-26,26,N2EXMIDP,0,0
2019-12-26,27,APXMIDP ,1249.75,31.49
2019-12-26,27,N2EXMIDP,0,0
2019-12-26,28,APXMIDP ,1296.8,32.4
2019-12-26,28,N2EXMIDP,0,0
2019-12-26,29,APXMIDP ,1310.45,32.92
2019-12-26,29,N2EXMIDP,0,0
2019-12-26,30,APXMIDP ,1246.8,29.87
2019-12-26,30,N2EXMIDP,0,0
2019-12-26,31,APXMIDP ,1426.45,37.4
2019-12-26,31,N2EXMIDP,0,0
2019-12-26,32,APXMIDP ,1260.5,38.3
2019-12-26,32,N2EXMIDP,0,0
2019-12-26,33,APXMIDP ,1512,43.95
2019-12-26,33,N2EXMIDP,0,0
2019-12-26,34,APXMIDP ,1362.4,44.89
2019-12-26,34,N2EXMIDP,0,0
2019-12-26,35,APXMIDP ,1331.55,45.61
2019-12-26,35,N2EXMIDP,0,0
2019-12-26,36,APXMIDP ,1232.65,44.88
2019-12-26,36,N2EXMIDP,0,0
2019-12-26,37,APXMIDP ,1170.95,42.32
2019-12-26,37,N2EXMIDP,0,0
2019-12-26,38,APXMIDP ,1200.1,38.29
2019-12-26,38,N2EXMIDP,0,0
2019-12-26,39,APXMIDP ,1071.2,33.73
2019-12-26,39,N2EXMIDP,0,0
2019-12-26,40,APXMIDP ,1283.6,37.2
2019-12-26,40,N2EXMIDP,0,0
2019-12-26,41,APXMIDP ,1112.05,37.28
2019-12-26,41,N2EXMIDP,0,0
2019-12-26,42,APXMIDP ,1275.45,35.32
2019-12-26,42,N2EXMIDP,0,0
2019-12-26,43,APXMIDP ,811.3,31.24
2019-12-26,43,N2EXMIDP,0,0
2019-12-26,44,APXMIDP ,1025.2,30.13
2019-12-26,44,N2EXMIDP,0,0
2019-12-26,45,APXMIDP ,1154.3,28.26
2019-12-26,45,N2EXMIDP,0,0
2019-12-26,46,APXMIDP ,1502.6,30.2
2019-12-26,46,N2EXMIDP,0,0
2019-12-26,47,APXMIDP ,766.45,26.47
2019-12-26,47,N2EXMIDP,0,0
2019-12-26,48,APXMIDP ,415.05,29.94
2019-12-26,48,N2EXMIDP,0,0
2019-12-27,1,APXMIDP ,799.45,26.15
2019-12-27,1,N2EXMIDP,0,0
2019-12-27,2,APXMIDP ,570.95,28.79
2019-12-27,2,N2EXMIDP,0,0
2019-12-27,3,APXMIDP ,556.85,25.06
2019-12-27,3,N2EXMIDP,0,0
2019-12-27,4,APXMIDP ,620.3,23.94
2019-12-27,4,N2EXMIDP,0,0
2019-12-27,5,APXMIDP ,663.3,26.99
2019-12-27,5,N2EXMIDP,0,0
2019-12-27,6,APXMIDP ,685.45,28.34
2019-12-27,6,N2EXMIDP,0,0
2019-12-27,7,APXMIDP ,608.3,29.56
2019-12-27,7,N2EXMIDP,0,0
2019-12-27,8,APXMIDP ,587.05,29.11
2019-12-27,8,N2EXMIDP,0,0
2019-12-27,9,APXMIDP ,756.2,28.92
2019-12-27,9,N2EXMIDP,0,0
2019-12-27,10,APXMIDP ,803.4,28.72
2019-12-27,10,N2EXMIDP,0,0
2019-12-27,11,APXMIDP ,717.6,31.45
2019-12-27,11,N2EXMIDP,0,0
2019-12-27,12,APXMIDP ,904.6,32.59
2019-12-27,12,N2EXMIDP,0,0
2019-12-27,13,APXMIDP ,755.45,32.22
2019-12-27,13,N2EXMIDP,0,0
2019-12-27,14,APXMIDP ,1203.35,28.15
2019-12-27,14,N2EXMIDP,0,0
2019-12-27,15,APXMIDP ,1431.55,35.73
2019-12-27,15,N2EXMIDP,0,0
2019-12-27,16,APXMIDP ,1299.2,35.52
2019-12-27,16,N2EXMIDP,0,0
2019-12-27,17,APXMIDP ,714,31.47
2019-12-27,17,N2EXMIDP,0,0
2019-12-27,18,APXMIDP ,532.9,33.3
2019-12-27,18,N2EXMIDP,0,0
2019-12-27,19,APXMIDP ,510,31.88
2019-12-27,19,N2EXMIDP,53.5,18.32
2019-12-27,20,APXMIDP ,1309.65,26.17
2019-12-27,20,N2EXMIDP,43,25
2019-12-27,21,APXMIDP ,1029.4,28.3
2019-12-27,21,N2EXMIDP,49.5,29.95
2019-12-27,22,APXMIDP ,942.35,29.24
2019-12-27,22,N2EXMIDP,25,25
2019-12-27,23,APXMIDP ,1009.65,43.37
2019-12-27,23,N2EXMIDP,0,0
2019-12-27,24,APXMIDP ,1125.8,44.24
2019-12-27,24,N2EXMIDP,0,0
2019-12-27,25,APXMIDP ,1165.45,46.07
2019-12-27,25,N2EXMIDP,0,0
2019-12-27,26,APXMIDP ,1146.55,45.7
2019-12-27,26,N2EXMIDP,0,0
2019-12-27,27,APXMIDP ,1101.8,46.37
2019-12-27,27,N2EXMIDP,0,0
2019-12-27,28,APXMIDP ,1489.9,46.47
2019-12-27,28,N2EXMIDP,0,0
2019-12-27,29,APXMIDP ,1700.1,43.88
2019-12-27,29,N2EXMIDP,0,0
2019-12-27,30,APXMIDP ,1656.9,44.16
2019-12-27,30,N2EXMIDP,0,0
2019-12-27,31,APXMIDP ,836.05,49.76
2019-12-27,31,N2EXMIDP,0,0
2019-12-27,32,APXMIDP ,1184.6,50.51
2019-12-27,32,N2EXMIDP,0,0
2019-12-27,33,APXMIDP ,1284.2,51.98
2019-12-27,33,N2EXMIDP,0,0
2019-12-27,34,APXMIDP ,913.2,52.89
2019-12-27,34,N2EXMIDP,0,0
2019-12-27,35,APXMIDP ,783.8,55.44
2019-12-27,35,N2EXMIDP,0,0
2019-12-27,36,APXMIDP ,867.45,54.84
2019-12-27,36,N2EXMIDP,0,0
2019-12-27,37,APXMIDP ,944.55,50.54
2019-12-27,37,N2EXMIDP,0,0
2019-12-27,38,APXMIDP ,1136.6,42.86
2019-12-27,38,N2EXMIDP,0,0
2019-12-27,39,APXMIDP ,1481.1,42.8
2019-12-27,39,N2EXMIDP,0,0
2019-12-27,40,APXMIDP ,1299.45,43.87
2019-12-27,40,N2EXMIDP,0,0
2019-12-27,41,APXMIDP ,1322.75,44.39
2019-12-27,41,N2EXMIDP,0,0
2019-12-27,42,APXMIDP ,1259.3,46.08
2019-12-27,42,N2EXMIDP,0,0
2019-12-27,43,APXMIDP ,971.35,42.85
2019-12-27,43,N2EXMIDP,0,0
2019-12-27,44,APXMIDP ,1084.35,41.57
2019-12-27,44,N2EXMIDP,0,0
2019-12-27,45,APXMIDP ,1831.3,38.15
2019-12-27,45,N2EXMIDP,0,0
2019-12-27,46,APXMIDP ,1591.25,37.25
2019-12-27,46,N2EXMIDP,0,0
2019-12-27,47,APXMIDP ,832.75,30.14
2019-12-27,47,N2EXMIDP,0,0
2019-12-27,48,APXMIDP ,320.9,38.56
2019-12-27,48,N2EXMIDP,0,0
2019-12-28,1,APXMIDP ,350.15,37.43
2019-12-28,1,N2EXMIDP,0,0
2019-12-28,2,APXMIDP ,273.3,36.7
2019-12-28,2,N2EXMIDP,0,0
2019-12-28,3,APXMIDP ,556.05,28.87
2019-12-28,3,N2EXMIDP,0,0
2019-12-28,4,APXMIDP ,501.15,20.41
2019-12-28,4,N2EXMIDP,0,0
2019-12-28,5,APXMIDP ,452.55,26.31
2019-12-28,5,N2EXMIDP,0,0
2019-12-28,6,APXMIDP ,471.05,25.53
2019-12-28,6,N2EXMIDP,0,0
2019-12-28,7,APXMIDP ,355.7,25.02
2019-12-28,7,N2EXMIDP,0,0
2019-12-28,8,APXMIDP ,300,25.83
2019-12-28,8,N2EXMIDP,0,0
2019-12-28,9,APXMIDP ,378.05,26.38
2019-12-28,9,N2EXMIDP,0,0
2019-12-28,10,APXMIDP ,528.05,24.08
2019-12-28,10,N2EXMIDP,0,0
2019-12-28,11,APXMIDP ,582.5,26.39
2019-12-28,11,N2EXMIDP,0,0
2019-12-28,12,APXMIDP ,616.9,26.85
2019-12-28,12,N2EXMIDP,0,0
2019-12-28,13,APXMIDP ,620.05,26.11
2019-12-28,13,N2EXMIDP,0,0
2019-12-28,14,APXMIDP ,757.5,29.42
2019-12-28,14,N2EXMIDP,0,0
2019-12-28,15,APXMIDP ,1129.75,31.29
2019-12-28,15,N2EXMIDP,0,0
2019-12-28,16,APXMIDP ,664.5,34.96
2019-12-28,16,N2EXMIDP,0,0
2019-12-28,17,APXMIDP ,942.85,26.78
2019-12-28,17,N2EXMIDP,0,0
2019-12-28,18,APXMIDP ,1112.45,41.42
2019-12-28,18,N2EXMIDP,0,0
2019-12-28,19,APXMIDP ,969.8,37.85
2019-12-28,19,N2EXMIDP,0,0
2019-12-28,20,APXMIDP ,974.25,37.28
2019-12-28,20,N2EXMIDP,0,0
2019-12-28,21,APXMIDP ,901.7,34.29
2019-12-28,21,N2EXMIDP,0,0
2019-12-28,22,APXMIDP ,1033.95,32.07
2019-12-28,22,N2EXMIDP,0,0
2019-12-28,23,APXMIDP ,1015.05,27.44
2019-12-28,23,N2EXMIDP,0,0
2019-12-28,24,APXMIDP ,1159.65,31.49
2019-12-28,24,N2EXMIDP,0,0
2019-12-28,25,APXMIDP ,826.45,34.66
2019-12-28,25,N2EXMIDP,0,0
2019-12-28,26,APXMIDP ,939.2,34.54
2019-12-28,26,N2EXMIDP,0,0
2019-12-28,27,APXMIDP ,745.4,34.11
2019-12-28,27,N2EXMIDP,0,0
2019-12-28,28,APXMIDP ,890.3,32.34
2019-12-28,28,N2EXMIDP,0,0
2019-12-28,29,APXMIDP ,744.7,32.69
2019-12-28,29,N2EXMIDP,0,0
2019-12-28,30,APXMIDP ,888.75,33.45
2019-12-28,30,N2EXMIDP,0,0
2019-12-28,31,APXMIDP ,1374.55,43.44
2019-12-28,31,N2EXMIDP,0,0
2019-12-28,32,APXMIDP ,1178.55,44.87
2019-12-28,32,N2EXMIDP,0,0
2019-12-28,33,APXMIDP ,1126.9,43.84
2019-12-28,33,N2EXMIDP,0,0
2019-12-28,34,APXMIDP ,1403.8,45.78
2019-12-28,34,N2EXMIDP,0,0
2019-12-28,35,APXMIDP ,1310.4,44.97
2019-12-28,35,N2EXMIDP,0,0
2019-12-28,36,APXMIDP ,1489.35,43.83
2019-12-28,36,N2EXMIDP,0,0
2019-12-28,37,APXMIDP ,1499.45,47.39
2019-12-28,37,N2EXMIDP,0,0
2019-12-28,38,APXMIDP ,1394.3,47.11
2019-12-28,38,N2EXMIDP,0,0
2019-12-28,39,APXMIDP ,699.4,33.96
2019-12-28,39,N2EXMIDP,0,0
2019-12-28,40,APXMIDP ,897.2,37.81
2019-12-28,40,N2EXMIDP,0,0
2019-12-28,41,APXMIDP ,986.6,37.11
2019-12-28,41,N2EXMIDP,0,0
2019-12-28,42,APXMIDP ,991.2,37.74
2019-12-28,42,N2EXMIDP,0,0
2019-12-28,43,APXMIDP ,1092.45,37.66
2019-12-28,43,N2EXMIDP,0,0
2019-12-28,44,APXMIDP ,1104.8,34.44
2019-12-28,44,N2EXMIDP,0,0
2019-12-28,45,APXMIDP ,1395.05,38.87
2019-12-28,45,N2EXMIDP,0,0
2019-12-28,46,APXMIDP ,1418.2,27.32
2019-12-28,46,N2EXMIDP,0,0
2019-12-28,47,APXMIDP ,1006.75,27.59
2019-12-28,47,N2EXMIDP,0,0
2019-12-28,48,APXMIDP ,612.95,38.71
2019-12-28,48,N2EXMIDP,0,0
2019-12-29,1,APXMIDP ,874.6,31.47
2019-12-29,1,N2EXMIDP,0,0
2019-12-29,2,APXMIDP ,703.9,29.03
2019-12-29,2,N2EXMIDP,0,0
2019-12-29,3,APXMIDP ,705.9,33.38
2019-12-29,3,N2EXMIDP,0,0
2019-12-29,4,APXMIDP ,693.75,25.01
2019-12-29,4,N2EXMIDP,0,0
2019-12-29,5,APXMIDP ,578.15,30.22
2019-12-29,5,N2EXMIDP,0,0
2019-12-29,6,APXMIDP ,608.1,21.84
2019-12-29,6,N2EXMIDP,0,0
2019-12-29,7,APXMIDP ,512.25,22.16
2019-12-29,7,N2EXMIDP,0,0
2019-12-29,8,APXMIDP ,433.95,18.87
2019-12-29,8,N2EXMIDP,0,0
2019-12-29,9,APXMIDP ,469.7,32.04
2019-12-29,9,N2EXMIDP,0,0
2019-12-29,10,APXMIDP ,400,29.62
2019-12-29,10,N2EXMIDP,0,0
2019-12-29,11,APXMIDP ,663.85,28.35
2019-12-29,11,N2EXMIDP,0,0
2019-12-29,12,APXMIDP ,628.7,26.24
2019-12-29,12,N2EXMIDP,0,0
2019-12-29,13,APXMIDP ,627.35,27.16
2019-12-29,13,N2EXMIDP,0,0
2019-12-29,14,APXMIDP ,784.15,26.31
2019-12-29,14,N2EXMIDP,0,0
2019-12-29,15,APXMIDP ,1065.15,30.26
2019-12-29,15,N2EXMIDP,0,0
2019-12-29,16,APXMIDP ,907.65,35.28
2019-12-29,16,N2EXMIDP,0,0
2019-12-29,17,APXMIDP ,1299.55,26.04
2019-12-29,17,N2EXMIDP,0,0
2019-12-29,18,APXMIDP ,1063.7,34.6
2019-12-29,18,N2EXMIDP,0,0
2019-12-29,19,APXMIDP ,761.8,31
2019-12-29,19,N2EXMIDP,0,0
2019-12-29,20,APXMIDP ,950.55,32.13
2019-12-29,20,N2EXMIDP,0,0
2019-12-29,21,APXMIDP ,1097.6,34.17
2019-12-29,21,N2EXMIDP,0,0
2019-12-29,22,APXMIDP ,1227.3,38.69
2019-12-29,22,N2EXMIDP,0,0
2019-12-29,23,APXMIDP ,1468.25,41.3
2019-12-29,23,N2EXMIDP,0,0
2019-12-29,24,APXMIDP ,1313.3,40.8
2019-12-29,24,N2EXMIDP,0,0
2019-12-29,25,APXMIDP ,1607.1,42.58
2019-12-29,25,N2EXMIDP,0,0
2019-12-29,26,APXMIDP ,1875.65,39.55
2019-12-29,26,N2EXMIDP,0,0
2019-12-29,27,APXMIDP ,1749.55,37.72
2019-12-29,27,N2EXMIDP,0,0
2019-12-29,28,APXMIDP ,1785.75,34.33
2019-12-29,28,N2EXMIDP,0,0
2019-12-29,29,APXMIDP ,1859.1,35.14
2019-12-29,29,N2EXMIDP,0,0
2019-12-29,30,APXMIDP ,2347.6,34.79
2019-12-29,30,N2EXMIDP,0,0
2019-12-29,31,APXMIDP ,1010.95,33.2
2019-12-29,31,N2EXMIDP,0,0
2019-12-29,32,APXMIDP ,992.6,29.11
2019-12-29,32,N2EXMIDP,0,0
2019-12-29,33,APXMIDP ,1296.1,35.54
2019-12-29,33,N2EXMIDP,0,0
2019-12-29,34,APXMIDP ,1115,45.6
2019-12-29,34,N2EXMIDP,0,0
2019-12-29,35,APXMIDP ,878.35,46.36
2019-12-29,35,N2EXMIDP,0,0
2019-12-29,36,APXMIDP ,1088.55,46.22
2019-12-29,36,N2EXMIDP,0,0
2019-12-29,37,APXMIDP ,1096.1,42.31
2019-12-29,37,N2EXMIDP,0,0
2019-12-29,38,APXMIDP ,1315.7,36.68
2019-12-29,38,N2EXMIDP,0,0
2019-12-29,39,APXMIDP ,1343.1,35.2
2019-12-29,39,N2EXMIDP,0,0
2019-12-29,40,APXMIDP ,1453.9,36.24
2019-12-29,40,N2EXMIDP,0,0
2019-12-29,41,APXMIDP ,1756.75,40.1
2019-12-29,41,N2EXMIDP,0,0
2019-12-29,42,APXMIDP ,1615.8,39.53
2019-12-29,42,N2EXMIDP,0,0
2019-12-29,43,APXMIDP ,1475.3,38.5
2019-12-29,43,N2EXMIDP,0,0
2019-12-29,44,APXMIDP ,1344.05,35.02
2019-12-29,44,N2EXMIDP,0,0
2019-12-29,45,APXMIDP ,1582.4,40.11
2019-12-29,45,N2EXMIDP,0,0
2019-12-29,46,APXMIDP ,1445.9,30.04
2019-12-29,46,N2EXMIDP,0,0
2019-12-29,47,APXMIDP ,746.9,18.71
2019-12-29,47,N2EXMIDP,0,0
2019-12-29,48,APXMIDP ,1223.35,18.56
2019-12-29,48,N2EXMIDP,0,0
2019-12-30,1,APXMIDP ,705.75,21.22
2019-12-30,1,N2EXMIDP,0,0
2019-12-30,2,APXMIDP ,483.55,24.31
2019-12-30,2,N2EXMIDP,0,0
2019-12-30,3,APXMIDP ,632.25,22.84
2019-12-30,3,N2EXMIDP,0,0
2019-12-30,4,APXMIDP ,1059.65,17.08
2019-12-30,4,N2EXMIDP,0,0
2019-12-30,5,APXMIDP ,517.1,22.07
2019-12-30,5,N2EXMIDP,0,0
2019-12-30,6,APXMIDP ,625.5,19.42
2019-12-30,6,N2EXMIDP,0,0
2019-12-30,7,APXMIDP ,515.7,16.94
2019-12-30,7,N2EXMIDP,0,0
2019-12-30,8,APXMIDP ,537,16.82
2019-12-30,8,N2EXMIDP,0,0
2019-12-30,9,APXMIDP ,502.15,19.52
2019-12-30,9,N2EXMIDP,0,0
2019-12-30,10,APXMIDP ,685.7,20.18
2019-12-30,10,N2EXMIDP,0,0
2019-12-30,11,APXMIDP ,366.5,28.5
2019-12-30,11,N2EXMIDP,0,0
2019-12-30,12,APXMIDP ,412.5,31.9
2019-12-30,12,N2EXMIDP,0,0
2019-12-30,13,APXMIDP ,810.5,35.09
2019-12-30,13,N2EXMIDP,0,0
2019-12-30,14,APXMIDP ,727.1,22.1
2019-12-30,14,N2EXMIDP,0,0
2019-12-30,15,APXMIDP ,787.9,27.5
2019-12-30,15,N2EXMIDP,0,0
2019-12-30,16,APXMIDP ,671.65,25.51
2019-12-30,16,N2EXMIDP,0,0
2019-12-30,17,APXMIDP ,756.2,26.36
2019-12-30,17,N2EXMIDP,0,0
2019-12-30,18,APXMIDP ,786.75,34.91
2019-12-30,18,N2EXMIDP,0,0
2019-12-30,19,APXMIDP ,1061.65,31.64
2019-12-30,19,N2EXMIDP,0,0
2019-12-30,20,APXMIDP ,1159.05,34.22
2019-12-30,20,N2EXMIDP,0,0
2019-12-30,21,APXMIDP ,954.35,35.45
2019-12-30,21,N2EXMIDP,0,0
2019-12-30,22,APXMIDP ,1088.4,36.39
2019-12-30,22,N2EXMIDP,0,0
2019-12-30,23,APXMIDP ,1458.3,30.69
2019-12-30,23,N2EXMIDP,0,0
2019-12-30,24,APXMIDP ,1567.8,26.16
2019-12-30,24,N2EXMIDP,0,0
2019-12-30,25,APXMIDP ,1754.1,24.05
2019-12-30,25,N2EXMIDP,0,0
2019-12-30,26,APXMIDP ,1720.8,24.52
2019-12-30,26,N2EXMIDP,0,0
2019-12-30,27,APXMIDP ,1947.4,25.24
2019-12-30,27,N2EXMIDP,0,0
2019-12-30,28,APXMIDP ,2068.05,25.98
2019-12-30,28,N2EXMIDP,0,0
2019-12-30,29,APXMIDP ,2066.9,25.49
2019-12-30,29,N2EXMIDP,0,0
2019-12-30,30,APXMIDP ,1897.6,25.01
2019-12-30,30,N2EXMIDP,0,0
2019-12-30,31,APXMIDP ,2098.7,22.79
2019-12-30,31,N2EXMIDP,0,0
2019-12-30,32,APXMIDP ,1855.2,25.1
2019-12-30,32,N2EXMIDP,0,0
2019-12-30,33,APXMIDP ,2053.8,27.63
2019-12-30,33,N2EXMIDP,0,0
2019-12-30,34,APXMIDP ,1847.7,36.26
2019-12-30,34,N2EXMIDP,0,0
2019-12-30,35,APXMIDP ,1857.9,40.01
2019-12-30,35,N2EXMIDP,0,0
2019-12-30,36,APXMIDP ,1778.05,45.07
2019-12-30,36,N2EXMIDP,0,0
2019-12-30,37,APXMIDP ,1422.45,44.36
2019-12-30,37,N2EXMIDP,0,0
2019-12-30,38,APXMIDP ,1401.9,41.84
2019-12-30,38,N2EXMIDP,0,0
2019-12-30,39,APXMIDP ,1541.8,39.19
2019-12-30,39,N2EXMIDP,0,0
2019-12-30,40,APXMIDP ,1652.1,37.36
2019-12-30,40,N2EXMIDP,0,0
2019-12-30,41,APXMIDP ,1562.8,35.78
2019-12-30,41,N2EXMIDP,0,0
2019-12-30,42,APXMIDP ,1656.5,34.07
2019-12-30,42,N2EXMIDP,0,0
2019-12-30,43,APXMIDP ,1727.7,36.78
2019-12-30,43,N2EXMIDP,0,0
2019-12-30,44,APXMIDP ,1598,37.02
2019-12-30,44,N2EXMIDP,0,0
2019-12-30,45,APXMIDP ,1447.45,37.15
2019-12-30,45,N2EXMIDP,0,0
2019-12-30,46,APXMIDP ,1517.6,28.99
2019-12-30,46,N2EXMIDP,0,0
2019-12-30,47,APXMIDP ,895.3,30.73
2019-12-30,47,N2EXMIDP,0,0
2019-12-30,48,APXMIDP ,676.15,32.43
2019-12-30,48,N2EXMIDP,0,0
2019-12-31,1,APXMIDP ,498.4,29.72
2019-12-31,1,N2EXMIDP,0,0
2019-12-31,2,APXMIDP ,483.6,32.11
2019-12-31,2,N2EXMIDP,0,0
2019-12-31,3,APXMIDP ,386.8,27.22
2019-12-31,3,N2EXMIDP,0,0
2019-12-31,4,APXMIDP ,378.6,21.78
2019-12-31,4,N2EXMIDP,0,0
2019-12-31,5,APXMIDP ,373.65,29.17
2019-12-31,5,N2EXMIDP,0,0
2019-12-31,6,APXMIDP ,344.75,24.4
2019-12-31,6,N2EXMIDP,0,0
2019-12-31,7,APXMIDP ,328.25,33.6
2019-12-31,7,N2EXMIDP,0,0
2019-12-31,8,APXMIDP ,236.7,31.32
2019-12-31,8,N2EXMIDP,0,0
2019-12-31,9,APXMIDP ,219.35,34.18
2019-12-31,9,N2EXMIDP,0,0
2019-12-31,10,APXMIDP ,309.75,34.22
2019-12-31,10,N2EXMIDP,0,0
2019-12-31,11,APXMIDP ,207.3,35.08
2019-12-31,11,N2EXMIDP,0,0
2019-12-31,12,APXMIDP ,394.55,32.15
2019-12-31,12,N2EXMIDP,0,0
2019-12-31,13,APXMIDP ,548.7,42.28
2019-12-31,13,N2EXMIDP,0,0
2019-12-31,14,APXMIDP ,632.55,37.13
2019-12-31,14,N2EXMIDP,0,0
2019-12-31,15,APXMIDP ,479.75,40.23
2019-12-31,15,N2EXMIDP,0,0
2019-12-31,16,APXMIDP ,486.35,39.53
2019-12-31,16,N2EXMIDP,0,0
2019-12-31,17,APXMIDP ,566.15,34.72
2019-12-31,17,N2EXMIDP,0,0
2019-12-31,18,APXMIDP ,703.1,34.03
2019-12-31,18,N2EXMIDP,0,0
2019-12-31,19,APXMIDP ,580.45,27.67
2019-12-31,19,N2EXMIDP,0,0
2019-12-31,20,APXMIDP ,783.05,30.21
2019-12-31,20,N2EXMIDP,0,0
2019-12-31,21,APXMIDP ,898.1,36.52
2019-12-31,21,N2EXMIDP,0,0
2019-12-31,22,APXMIDP ,990.2,38.45
2019-12-31,22,N2EXMIDP,0,0
2019-12-31,23,APXMIDP ,861.95,33.85
2019-12-31,23,N2EXMIDP,0,0
2019-12-31,24,APXMIDP ,917.2,35.32
2019-12-31,24,N2EXMIDP,0,0
2019-12-31,25,APXMIDP ,1007.65,37.59
2019-12-31,25,N2EXMIDP,0,0
2019-12-31,26,APXMIDP ,984.85,39.32
2019-12-31,26,N2EXMIDP,0,0
2019-12-31,27,APXMIDP ,861.45,38.55
2019-12-31,27,N2EXMIDP,0,0
2019-12-31,28,APXMIDP ,878.35,34.94
2019-12-31,28,N2EXMIDP,0,0
2019-12-31,29,APXMIDP ,976.8,33.65
2019-12-31,29,N2EXMIDP,0,0
2019-12-31,30,APXMIDP ,1191.15,33.12
2019-12-31,30,N2EXMIDP,0,0
2019-12-31,31,APXMIDP ,1053.5,38.56
2019-12-31,31,N2EXMIDP,0,0
2019-12-31,32,APXMIDP ,1077.75,42.6
2019-12-31,32,N2EXMIDP,0,0
2019-12-31,33,APXMIDP ,844.65,43.02
2019-12-31,33,N2EXMIDP,0,0
2019-12-31,34,APXMIDP ,1093,47.68
2019-12-31,34,N2EXMIDP,0,0
2019-12-31,35,APXMIDP ,955.35,50.68
2019-12-31,35,N2EXMIDP,0,0
2019-12-31,36,APXMIDP ,927.65,49.43
2019-12-31,36,N2EXMIDP,0,0
2019-12-31,37,APXMIDP ,1007.75,49.84
2019-12-31,37,N2EXMIDP,0,0
2019-12-31,38,APXMIDP ,989.2,44.41
2019-12-31,38,N2EXMIDP,0,0
2019-12-31,39,APXMIDP ,967.4,38.27
2019-12-31,39,N2EXMIDP,0,0
2019-12-31,40,APXMIDP ,963.55,35.43
2019-12-31,40,N2EXMIDP,0,0
2019-12-31,41,APXMIDP ,1052.6,36.42
2019-12-31,41,N2EXMIDP,0,0
2019-12-31,42,APXMIDP ,1215.75,36.21
2019-12-31,42,N2EXMIDP,0,0
2019-12-31,43,APXMIDP ,1516.05,35.73
2019-12-31,43,N2EXMIDP,0,0
2019-12-31,44,APXMIDP ,1235.2,36.1
2019-12-31,44,N2EXMIDP,0,0
2019-12-31,45,APXMIDP ,1590.7,37.9
2019-12-31,45,N2EXMIDP,0,0
2019-12-31,46,APXMIDP ,1505.9,33.09
2019-12-31,46,N2EXMIDP,0,0
2019-12-31,47,APXMIDP ,1226.45,23.97
2019-12-31,47,N2EXMIDP,0,0
2019-12-31,48,APXMIDP ,904.7,32.06
2019-12-31,48,N2EXMIDP,0,0
